0.005	0
0.01	0
0.015	0
0.02	0
0.025	0
0.03	0
0.035	0
0.04	0
0.045	0
0.05	0
0.055	0
0.06	0
0.065	0
0.07	0
0.075	0
0.08	0
0.085	0
0.09	0
0.095	0
0.1	0
0.105	0
0.11	0
0.115	0
0.12	0
0.125	0
0.13	0
0.135	0
0.14	0
0.145	0
0.15	0
0.155	0
0.16	0
0.165	0
0.17	0
0.175	0
0.18	0
0.185	0
0.19	0
0.195	0
0.2	0
0.205	0
0.21	0
0.215	0
0.22	0
0.225	0
0.23	0
0.235	0
0.24	0
0.245	0
0.25	0
0.255	0
0.26	0
0.265	0
0.27	0
0.275	0
0.28	0
0.285	0
0.29	0
0.295	0
0.3	0
0.305	0
0.31	0
0.315	0
0.32	0
0.325	0
0.33	0
0.335	0
0.34	0
0.345	0
0.35	0
0.355	0
0.36	0
0.365	0
0.37	0
0.375	0
0.38	0
0.385	0
0.39	0
0.395	0
0.4	0
0.405	0
0.41	0
0.415	0
0.42	0
0.425	0
0.43	0
0.435	0
0.44	0
0.445	0
0.45	0
0.455	0
0.46	0
0.465	0
0.47	0
0.475	0
0.48	0
0.485	0
0.49	0
0.495	0
0.5	0
0.505	0
0.51	0
0.515	0
0.52	0
0.525	0
0.53	0
0.535	0
0.54	0
0.545	0
0.55	0
0.555	0
0.56	0
0.565	0
0.57	0
0.575	0
0.58	0
0.585	0
0.59	0
0.595	0
0.6	0
0.605	0
0.61	0
0.615	0
0.62	0
0.625	0
0.63	0
0.635	0
0.64	0
0.645	0
0.65	0
0.655	0
0.66	0
0.665	0
0.67	0
0.675	0
0.68	0
0.685	0
0.69	0
0.695	0
0.7	0
0.705	0
0.71	0
0.715	0
0.72	0
0.725	0
0.73	0
0.735	0
0.74	0
0.745	0
0.75	0
0.755	0
0.76	0
0.765	0
0.77	0
0.775	0
0.78	0
0.785	0
0.79	0
0.795	0
0.8	0
0.805	0
0.81	0
0.815	0
0.82	0
0.825	0
0.83	0
0.835	0
0.84	0
0.845	0
0.85	0
0.855	0
0.86	0
0.865	0
0.87	0
0.875	0
0.88	0
0.885	0
0.89	0
0.895	0
0.9	0
0.905	0
0.91	0
0.915	0
0.92	0
0.925	0
0.93	0
0.935	0
0.94	0
0.945	0
0.95	0
0.955	0
0.96	0
0.965	0
0.97	0
0.975	0
0.98	0
0.985	0
0.99	0
0.995	0
1	0
1.005	0
1.01	0
1.015	0
1.02	0
1.025	0
1.03	0
1.035	0
1.04	0
1.045	0
1.05	0
1.055	0
1.06	0
1.065	0
1.07	0
1.075	0
1.08	0
1.085	0
1.09	0
1.095	0
1.1	0
1.105	0
1.11	0
1.115	0
1.12	0
1.125	0
1.13	0
1.135	0
1.14	0
1.145	0
1.15	0
1.155	0
1.16	0
1.165	0
1.17	0
1.175	0
1.18	0
1.185	0
1.19	0
1.195	0
1.2	0
1.205	0
1.21	0
1.215	0
1.22	0
1.225	0
1.23	0
1.235	0
1.24	0
1.245	0
1.25	0
1.255	0
1.26	0
1.265	0
1.27	0
1.275	0
1.28	0
1.285	0
1.29	0
1.295	0
1.3	0
1.305	0
1.31	0
1.315	0
1.32	0
1.325	0
1.33	0
1.335	0
1.34	0
1.345	0
1.35	0
1.355	0
1.36	0
1.365	0
1.37	0
1.375	0
1.38	0
1.385	0
1.39	0
1.395	0
1.4	0
1.405	0
1.41	0
1.415	0
1.42	0
1.425	0
1.43	0
1.435	0
1.44	0
1.445	0
1.45	0
1.455	0
1.46	0
1.465	0
1.47	0
1.475	0
1.48	0
1.485	0
1.49	0
1.495	0
1.5	0
1.505	0
1.51	0
1.515	0
1.52	0
1.525	0
1.53	0
1.535	0
1.54	0
1.545	0
1.55	0
1.555	0
1.56	0
1.565	0
1.57	0
1.575	0
1.58	0
1.585	0
1.59	0
1.595	0
1.6	0
1.605	0
1.61	0
1.615	0
1.62	0
1.625	0
1.63	0
1.635	0
1.64	0
1.645	0
1.65	0
1.655	0
1.66	0
1.665	0
1.67	0
1.675	0
1.68	0
1.685	0
1.69	0
1.695	0
1.7	0
1.705	0
1.71	0
1.715	0
1.72	0
1.725	0
1.73	0
1.735	0
1.74	0
1.745	0
1.75	0
1.755	0
1.76	0
1.765	0
1.77	0
1.775	0
1.78	0
1.785	0
1.79	0
1.795	0
1.8	0
1.805	0
1.81	0
1.815	0
1.82	0
1.825	0
1.83	0
1.835	0
1.84	0
1.845	0
1.85	0
1.855	0
1.86	0
1.865	0
1.87	0
1.875	0
1.88	0
1.885	0
1.89	0
1.895	0
1.9	0
1.905	0
1.91	0
1.915	0
1.92	0
1.925	0
1.93	0
1.935	0
1.94	0
1.945	0
1.95	0
1.955	0
1.96	0
1.965	0
1.97	0
1.975	0
1.98	0
1.985	0
1.99	0
1.995	0
2	0
2.005	0
2.01	0
2.015	0
2.02	0
2.025	0
2.03	0
2.035	0
2.04	0
2.045	0
2.05	0
2.055	0
2.06	0
2.065	0
2.07	0
2.075	0
2.08	0
2.085	0
2.09	0
2.095	0
2.1	0
2.105	0
2.11	0
2.115	0
2.12	0
2.125	0
2.13	0
2.135	0
2.14	0
2.145	0
2.15	0
2.155	0
2.16	0
2.165	0
2.17	0
2.175	0
2.18	0
2.185	0
2.19	0
2.195	0
2.2	0
2.205	0
2.21	0
2.215	0
2.22	0
2.225	0
2.23	0
2.235	0
2.24	0
2.245	0
2.25	0
2.255	0
2.26	0
2.265	0
2.27	0
2.275	0
2.28	0
2.285	0
2.29	0
2.295	0
2.3	0
2.305	0
2.31	0
2.315	0
2.32	0
2.325	0
2.33	0
2.335	0
2.34	0
2.345	0
2.35	0
2.355	0
2.36	0
2.365	0
2.37	0
2.375	0
2.38	0
2.385	0
2.39	0
2.395	0
2.4	0
2.405	0
2.41	0
2.415	0
2.42	0
2.425	0
2.43	0
2.435	0
2.44	0
2.445	0
2.45	0
2.455	0
2.46	0
2.465	0
2.47	0
2.475	0
2.48	0
2.485	0
2.49	0
2.495	0
2.5	0
2.505	0
2.51	0
2.515	0
2.52	0
2.525	0
2.53	0
2.535	0
2.54	0
2.545	0
2.55	0
2.555	0
2.56	0
2.565	0
2.57	0
2.575	0
2.58	0
2.585	0
2.59	0
2.595	0
2.6	0
2.605	0
2.61	0
2.615	0
2.62	0
2.625	0
2.63	0
2.635	0
2.64	0
2.645	0
2.65	0
2.655	0
2.66	0
2.665	0
2.67	0
2.675	0
2.68	0
2.685	0
2.69	0
2.695	0
2.7	0
2.705	0
2.71	0
2.715	0
2.72	0
2.725	0
2.73	0
2.735	0
2.74	0
2.745	0
2.75	0
2.755	0
2.76	0
2.765	0
2.77	0
2.775	0
2.78	0
2.785	0
2.79	0
2.795	0
2.8	0
2.805	0
2.81	0
2.815	0
2.82	0
2.825	0
2.83	0
2.835	0
2.84	0
2.845	0
2.85	0
2.855	0
2.86	0
2.865	0
2.87	0
2.875	0
2.88	0
2.885	0
2.89	0
2.895	0
2.9	0
2.905	0
2.91	0
2.915	0
2.92	0
2.925	0
2.93	0
2.935	0
2.94	0
2.945	0
2.95	0
2.955	0
2.96	0
2.965	0
2.97	0
2.975	0
2.98	0
2.985	0
2.99	0
2.995	0
3	0
3.005	0
3.01	0
3.015	0
3.02	0
3.025	0
3.03	0
3.035	0
3.04	0
3.045	0
3.05	0
3.055	0
3.06	0
3.065	0
3.07	0
3.075	0
3.08	0
3.085	0
3.09	0
3.095	0
3.1	0
3.105	0
3.11	0
3.115	0
3.12	0
3.125	0
3.13	0
3.135	0
3.14	0
3.145	0
3.15	0
3.155	0
3.16	0
3.165	0
3.17	0
3.175	0
3.18	0
3.185	0
3.19	0
3.195	0
3.2	0
3.205	0
3.21	0
3.215	0
3.22	0
3.225	0
3.23	0
3.235	0
3.24	0
3.245	0
3.25	0
3.255	0
3.26	0
3.265	0
3.27	0
3.275	0
3.28	0
3.285	0
3.29	0
3.295	0
3.3	0
3.305	0
3.31	0
3.315	0
3.32	0
3.325	0
3.33	0
3.335	0
3.34	0
3.345	0
3.35	0
3.355	0
3.36	0
3.365	0
3.37	0
3.375	0
3.38	0
3.385	0
3.39	0
3.395	0
3.4	0
3.405	0
3.41	0
3.415	0
3.42	0
3.425	0
3.43	0
3.435	0
3.44	0
3.445	0
3.45	0
3.455	0
3.46	0
3.465	0
3.47	0
3.475	0
3.48	0
3.485	0
3.49	0
3.495	0
3.5	0
3.505	0
3.51	0
3.515	0
3.52	0
3.525	0
3.53	0
3.535	0
3.54	0
3.545	0
3.55	0
3.555	0
3.56	0
3.565	0
3.57	0
3.575	0
3.58	0
3.585	0
3.59	0
3.595	0
3.6	0
3.605	0
3.61	0
3.615	0
3.62	0
3.625	0
3.63	0
3.635	0
3.64	0
3.645	0
3.65	0
3.655	0
3.66	0
3.665	0
3.67	0
3.675	0
3.68	0
3.685	0
3.69	0
3.695	0
3.7	0
3.705	0
3.71	0
3.715	0
3.72	0
3.725	0
3.73	0
3.735	0
3.74	0
3.745	0
3.75	0
3.755	0
3.76	0
3.765	0
3.77	0
3.775	0
3.78	0
3.785	0
3.79	0
3.795	0
3.8	0
3.805	0
3.81	0
3.815	0
3.82	0
3.825	0
3.83	0
3.835	0
3.84	0
3.845	0
3.85	0
3.855	0
3.86	0
3.865	0
3.87	0
3.875	0
3.88	0
3.885	0
3.89	0
3.895	0
3.9	0
3.905	0
3.91	0
3.915	0
3.92	0
3.925	0
3.93	0
3.935	0
3.94	0
3.945	0
3.95	0
3.955	0
3.96	0
3.965	0
3.97	0
3.975	0
3.98	0
3.985	0
3.99	0
3.995	0
4	0
4.005	0
4.01	0
4.015	0
4.02	0
4.025	0
4.03	0
4.035	0
4.04	0
4.045	0
4.05	0
4.055	0
4.06	0
4.065	0
4.07	0
4.075	0
4.08	0
4.085	0
4.09	0
4.095	0
4.1	0
4.105	0
4.11	0
4.115	0
4.12	0
4.125	0
4.13	0
4.135	0
4.14	0
4.145	0
4.15	0
4.155	0
4.16	0
4.165	0
4.17	0
4.175	0
4.18	0
4.185	0
4.19	0
4.195	0
4.2	0
4.205	0
4.21	0
4.215	0
4.22	0
4.225	0
4.23	0
4.235	0
4.24	0
4.245	0
4.25	0
4.255	0
4.26	0
4.265	0
4.27	0
4.275	0
4.28	0
4.285	0
4.29	0
4.295	0
4.3	0
4.305	0
4.31	0
4.315	0
4.32	0
4.325	0
4.33	0
4.335	0
4.34	0
4.345	0
4.35	0
4.355	0
4.36	0
4.365	0
4.37	0
4.375	0
4.38	0
4.385	0
4.39	0
4.395	0
4.4	0
4.405	0
4.41	0
4.415	0
4.42	0
4.425	0
4.43	0
4.435	0
4.44	0
4.445	0
4.45	0
4.455	0
4.46	0
4.465	0
4.47	0
4.475	0
4.48	0
4.485	0
4.49	0
4.495	0
4.5	0
4.505	0
4.51	0
4.515	0
4.52	0
4.525	0
4.53	0
4.535	0
4.54	0
4.545	0
4.55	0
4.555	0
4.56	0
4.565	0
4.57	0
4.575	0
4.58	0
4.585	0
4.59	0
4.595	0
4.6	0
4.605	0
4.61	0
4.615	0
4.62	0
4.625	0
4.63	0
4.635	0
4.64	0
4.645	0
4.65	0
4.655	0
4.66	0
4.665	0
4.67	0
4.675	0
4.68	0
4.685	0
4.69	0
4.695	0
4.7	0
4.705	0
4.71	0
4.715	0
4.72	0
4.725	0
4.73	0
4.735	0
4.74	0
4.745	0
4.75	0
4.755	0
4.76	0
4.765	0
4.77	0
4.775	0
4.78	0
4.785	0
4.79	0
4.795	1
4.8	1
4.805	1
4.81	1
4.815	1
4.82	1
4.825	1
4.83	1
4.835	1
4.84	1
4.845	1
4.85	1
4.855	1
4.86	1
4.865	1
4.87	1
4.875	1
4.88	1
4.885	1
4.89	1
4.895	1
4.9	1
4.905	1
4.91	1
4.915	1
4.92	1
4.925	1
4.93	1
4.935	1
4.94	1
4.945	1
4.95	1
4.955	1
4.96	1
4.965	1
4.97	1
4.975	1
4.98	1
4.985	1
4.99	1
4.995	1
5	1
5.005	1
5.01	1
5.015	1
5.02	1
5.025	1
5.03	1
5.035	1
5.04	1
5.045	1
5.05	1
5.055	1
5.06	1
5.065	1
5.07	1
5.075	1
5.08	1
5.085	1
5.09	1
5.095	1
5.1	1
5.105	1
5.11	1
5.115	1
5.12	1
5.125	1
5.13	1
5.135	1
5.14	1
5.145	1
5.15	1
5.155	1
5.16	1
5.165	1
5.17	1
5.175	1
5.18	1
5.185	1
5.19	1
5.195	1
5.2	1
5.205	1
5.21	1
5.215	1
5.22	1
5.225	1
5.23	1
5.235	1
5.24	1
5.245	1
5.25	1
5.255	1
5.26	1
5.265	1
5.27	1
5.275	1
5.28	1
5.285	1
5.29	1
5.295	1
5.3	1
5.305	1
5.31	1
5.315	1
5.32	1
5.325	1
5.33	1
5.335	1
5.34	1
5.345	1
5.35	1
5.355	1
5.36	1
5.365	1
5.37	1
5.375	1
5.38	1
5.385	1
5.39	1
5.395	1
5.4	1
5.405	1
5.41	1
5.415	1
5.42	1
5.425	1
5.43	1
5.435	1
5.44	1
5.445	1
5.45	1
5.455	1
5.46	1
5.465	1
5.47	1
5.475	1
5.48	1
5.485	1
5.49	1
5.495	1
5.5	1
5.505	1
5.51	1
5.515	1
5.52	1
5.525	1
5.53	1
5.535	1
5.54	1
5.545	1
5.55	1
5.555	1
5.56	1
5.565	1
5.57	1
5.575	1
5.58	1
5.585	1
5.59	1
5.595	1
5.6	1
5.605	1
5.61	1
5.615	1
5.62	1
5.625	1
5.63	1
5.635	1
5.64	1
5.645	1
5.65	1
5.655	1
5.66	1
5.665	1
5.67	1
5.675	1
5.68	1
5.685	1
5.69	1
5.695	1
5.7	1
5.705	1
5.71	1
5.715	1
5.72	1
5.725	1
5.73	1
5.735	1
5.74	1
5.745	1
5.75	1
5.755	1
5.76	1
5.765	1
5.77	1
5.775	1
5.78	1
5.785	1
5.79	1
5.795	1
5.8	1
5.805	1
5.81	1
5.815	1
5.82	1
5.825	1
5.83	1
5.835	1
5.84	1
5.845	1
5.85	1
5.855	1
5.86	1
5.865	1
5.87	1
5.875	1
5.88	1
5.885	1
5.89	1
5.895	1
5.9	1
5.905	1
5.91	1
5.915	1
5.92	1
5.925	1
5.93	1
5.935	1
5.94	1
5.945	1
5.95	1
5.955	1
5.96	1
5.965	1
5.97	1
5.975	1
5.98	1
5.985	1
5.99	1
5.995	1
6	1
6.005	1
6.01	1
6.015	1
6.02	1
6.025	1
6.03	1
6.035	1
6.04	1
6.045	1
6.05	1
6.055	1
6.06	1
6.065	1
6.07	1
6.075	1
6.08	1
6.085	1
6.09	1
6.095	1
6.1	1
6.105	1
6.11	1
6.115	1
6.12	1
6.125	1
6.13	1
6.135	1
6.14	1
6.145	1
6.15	1
6.155	1
6.16	1
6.165	1
6.17	1
6.175	1
6.18	1
6.185	1
6.19	1
6.195	1
6.2	1
6.205	1
6.21	1
6.215	1
6.22	1
6.225	1
6.23	1
6.235	1
6.24	1
6.245	1
6.25	1
6.255	1
6.26	1
6.265	1
6.27	1
6.275	1
6.28	1
6.285	1
6.29	1
6.295	1
6.3	1
6.305	1
6.31	1
6.315	1
6.32	1
6.325	1
6.33	1
6.335	1
6.34	1
6.345	1
6.35	1
6.355	1
6.36	1
6.365	1
6.37	1
6.375	1
6.38	1
6.385	1
6.39	1
6.395	1
6.4	1
6.405	1
6.41	1
6.415	1
6.42	1
6.425	1
6.43	1
6.435	1
6.44	1
6.445	1
6.45	1
6.455	1
6.46	1
6.465	1
6.47	1
6.475	1
6.48	1
6.485	1
6.49	1
6.495	1
6.5	1
6.505	1
6.51	1
6.515	1
6.52	1
6.525	1
6.53	1
6.535	1
6.54	1
6.545	1
6.55	1
6.555	1
6.56	1
6.565	1
6.57	1
6.575	1
6.58	1
6.585	1
6.59	1
6.595	1
6.6	1
6.605	1
6.61	1
6.615	1
6.62	1
6.625	1
6.63	1
6.635	1
6.64	1
6.645	1
6.65	1
6.655	1
6.66	1
6.665	1
6.67	1
6.675	1
6.68	1
6.685	1
6.69	1
6.695	1
6.7	1
6.705	1
6.71	1
6.715	1
6.72	1
6.725	1
6.73	1
6.735	1
6.74	1
6.745	1
6.75	1
6.755	1
6.76	1
6.765	1
6.77	1
6.775	1
6.78	1
6.785	1
6.79	1
6.795	1
6.8	1
6.805	1
6.81	1
6.815	1
6.82	1
6.825	1
6.83	1
6.835	1
6.84	1
6.845	1
6.85	1
6.855	1
6.86	1
6.865	1
6.87	1
6.875	1
6.88	1
6.885	1
6.89	1
6.895	1
6.9	1
6.905	1
6.91	1
6.915	1
6.92	1
6.925	1
6.93	1
6.935	1
6.94	1
6.945	1
6.95	1
6.955	1
6.96	1
6.965	1
6.97	1
6.975	1
6.98	1
6.985	1
6.99	1
6.995	1
7	1
7.005	1
7.01	1
7.015	1
7.02	1
7.025	1
7.03	1
7.035	1
7.04	1
7.045	1
7.05	1
7.055	1
7.06	1
7.065	1
7.07	1
7.075	1
7.08	1
7.085	1
7.09	1
7.095	1
7.1	1
7.105	1
7.11	1
7.115	1
7.12	1
7.125	1
7.13	1
7.135	1
7.14	1
7.145	1
7.15	1
7.155	1
7.16	1
7.165	1
7.17	1
7.175	1
7.18	1
7.185	1
7.19	1
7.195	1
7.2	1
7.205	1
7.21	1
7.215	1
7.22	1
7.225	1
7.23	1
7.235	1
7.24	1
7.245	1
7.25	1
7.255	1
7.26	1
7.265	1
7.27	1
7.275	1
7.28	1
7.285	1
7.29	1
7.295	1
7.3	1
7.305	1
7.31	1
7.315	1
7.32	1
7.325	1
7.33	1
7.335	1
7.34	1
7.345	1
7.35	1
7.355	1
7.36	1
7.365	1
7.37	1
7.375	1
7.38	1
7.385	1
7.39	1
7.395	1
7.4	1
7.405	1
7.41	1
7.415	1
7.42	1
7.425	1
7.43	1
7.435	1
7.44	1
7.445	1
7.45	1
7.455	1
7.46	1
7.465	1
7.47	1
7.475	1
7.48	1
7.485	1
7.49	1
7.495	1
7.5	1
7.505	1
7.51	1
7.515	1
7.52	1
7.525	1
7.53	1
7.535	1
7.54	1
7.545	1
7.55	1
7.555	1
7.56	1
7.565	1
7.57	1
7.575	1
7.58	1
7.585	1
7.59	1
7.595	1
7.6	1
7.605	1
7.61	1
7.615	1
7.62	1
7.625	1
7.63	1
7.635	1
7.64	1
7.645	1
7.65	1
7.655	1
7.66	1
7.665	1
7.67	1
7.675	1
7.68	1
7.685	1
7.69	1
7.695	1
7.7	1
7.705	1
7.71	1
7.715	1
7.72	1
7.725	1
7.73	1
7.735	1
7.74	1
7.745	1
7.75	1
7.755	1
7.76	1
7.765	1
7.77	1
7.775	1
7.78	1
7.785	1
7.79	1
7.795	1
7.8	1
7.805	1
7.81	1
7.815	1
7.82	1
7.825	1
7.83	1
7.835	1
7.84	1
7.845	1
7.85	1
7.855	1
7.86	1
7.865	1
7.87	1
7.875	1
7.88	1
7.885	1
7.89	1
7.895	1
7.9	1
7.905	1
7.91	1
7.915	1
7.92	1
7.925	1
7.93	1
7.935	1
7.94	1
7.945	1
7.95	1
7.955	1
7.96	1
7.965	1
7.97	1
7.975	1
7.98	1
7.985	1
7.99	1
7.995	1
8	1
8.005	1
8.01	1
8.015	1
8.02	1
8.025	1
8.03	1
8.035	1
8.04	1
8.045	1
8.05	1
8.055	1
8.06	1
8.065	1
8.07	1
8.075	1
8.08	1
8.085	1
8.09	1
8.095	1
8.1	1
8.105	1
8.11	1
8.115	1
8.12	1
8.125	1
8.13	1
8.135	1
8.14	1
8.145	1
8.15	1
8.155	1
8.16	1
8.165	1
8.17	1
8.175	1
8.18	1
8.185	1
8.19	1
8.195	1
8.2	1
8.205	1
8.21	1
8.215	1
8.22	1
8.225	1
8.23	1
8.235	1
8.24	1
8.245	1
8.25	1
8.255	1
8.26	1
8.265	1
8.27	1
8.275	1
8.28	1
8.285	1
8.29	1
8.295	1
8.3	1
8.305	1
8.31	1
8.315	1
8.32	1
8.325	1
8.33	1
8.335	1
8.34	1
8.345	1
8.35	1
8.355	1
8.36	1
8.365	1
8.37	1
8.375	1
8.38	1
8.385	1
8.39	1
8.395	1
8.4	1
8.405	1
8.41	1
8.415	1
8.42	1
8.425	1
8.43	1
8.435	1
8.44	1
8.445	1
8.45	1
8.455	1
8.46	1
8.465	1
8.47	1
8.475	1
8.48	1
8.485	1
8.49	1
8.495	1
8.5	1
8.505	1
8.51	1
8.515	1
8.52	1
8.525	1
8.53	1
8.535	1
8.54	1
8.545	1
8.55	1
8.555	1
8.56	1
8.565	1
8.57	1
8.575	1
8.58	1
8.585	1
8.59	1
8.595	1
8.6	1
8.605	1
8.61	1
8.615	1
8.62	1
8.625	1
8.63	1
8.635	1
8.64	1
8.645	1
8.65	1
8.655	1
8.66	1
8.665	1
8.67	1
8.675	1
8.68	1
8.685	1
8.69	1
8.695	1
8.7	1
8.705	1
8.71	1
8.715	1
8.72	1
8.725	1
8.73	1
8.735	1
8.74	1
8.745	1
8.75	1
8.755	1
8.76	1
8.765	1
8.77	1
8.775	1
8.78	1
8.785	1
8.79	1
8.795	1
8.8	1
8.805	1
8.81	1
8.815	1
8.82	1
8.825	1
8.83	1
8.835	1
8.84	1
8.845	1
8.85	1
8.855	1
8.86	1
8.865	1
8.87	1
8.875	1
8.88	1
8.885	1
8.89	1
8.895	1
8.9	1
8.905	1
8.91	1
8.915	1
8.92	1
8.925	1
8.93	1
8.935	1
8.94	1
8.945	1
8.95	1
8.955	1
8.96	1
8.965	1
8.97	1
8.975	1
8.98	1
8.985	1
8.99	1
8.995	1
9	1
9.005	1
9.01	1
9.015	1
9.02	1
9.025	1
9.03	1
9.035	1
9.04	1
9.045	1
9.05	1
9.055	1
9.06	1
9.065	1
9.07	1
9.075	1
9.08	1
9.085	1
9.09	1
9.095	1
9.1	1
9.105	1
9.11	1
9.115	1
9.12	1
9.125	1
9.13	1
9.135	1
9.14	1
9.145	1
9.15	1
9.155	1
9.16	1
9.165	1
9.17	1
9.175	1
9.18	1
9.185	1
9.19	1
9.195	1
9.2	1
9.205	1
9.21	1
9.215	1
9.22	1
9.225	1
9.23	1
9.235	1
9.24	1
9.245	1
9.25	1
9.255	1
9.26	1
9.265	1
9.27	1
9.275	1
9.28	1
9.285	1
9.29	1
9.295	1
9.3	1
9.305	1
9.31	1
9.315	1
9.32	1
9.325	1
9.33	1
9.335	1
9.34	1
9.345	1
9.35	1
9.355	1
9.36	1
9.365	1
9.37	1
9.375	1
9.38	1
9.385	1
9.39	1
9.395	1
9.4	1
9.405	1
9.41	1
9.415	1
9.42	1
9.425	1
9.43	1
9.435	1
9.44	1
9.445	1
9.45	1
9.455	1
9.46	1
9.465	1
9.47	1
9.475	1
9.48	1
9.485	1
9.49	1
9.495	1
9.5	1
9.505	1
9.51	1
9.515	1
9.52	1
9.525	1
9.53	1
9.535	1
9.54	1
9.545	1
9.55	1
9.555	1
9.56	1
9.565	1
9.57	1
9.575	1
9.58	1
9.585	1
9.59	1
9.595	1
9.6	1
9.605	1
9.61	1
9.615	1
9.62	1
9.625	1
9.63	1
9.635	1
9.64	1
9.645	1
9.65	1
9.655	1
9.66	1
9.665	1
9.67	1
9.675	1
9.68	1
9.685	1
9.69	1
9.695	1
9.7	1
9.705	1
9.71	1
9.715	1
9.72	1
9.725	1
9.73	1
9.735	1
9.74	1
9.745	1
9.75	1
9.755	1
9.76	1
9.765	1
9.77	1
9.775	1
9.78	1
9.785	1
9.79	1
9.795	1
9.8	1
9.805	1
9.81	1
9.815	1
9.82	1
9.825	1
9.83	1
9.835	1
9.84	1
9.845	1
9.85	1
9.855	1
9.86	1
9.865	1
9.87	1
9.875	1
9.88	1
9.885	1
9.89	1
9.895	1
9.9	1
9.905	1
9.91	1
9.915	1
9.92	1
9.925	1
9.93	1
9.935	1
9.94	1
9.945	1
9.95	1
9.955	1
9.96	1
9.965	1
9.97	1
9.975	1
9.98	1
9.985	1
9.99	1
9.995	1
10	1
