0.005	1.81827e-06
0.01	3.59329e-07
0.015	2.55496e-07
0.02	2.08807e-07
0.025	1.85056e-07
0.03	1.74235e-07
0.035	1.73252e-07
0.04	1.79455e-07
0.045	1.90126e-07
0.05	2.03069e-07
0.055	2.17118e-07
0.06	2.31704e-07
0.065	2.448e-07
0.07	2.59601e-07
0.075	2.73949e-07
0.08	2.87444e-07
0.085	3.00612e-07
0.09	3.13208e-07
0.095	3.26862e-07
0.1	3.39992e-07
0.105	3.48675e-07
0.11	3.6402e-07
0.115	3.80449e-07
0.12	3.61811e-07
0.125	3.61391e-07
0.13	3.8696e-07
0.135	3.9258e-07
0.14	4.0648e-07
0.145	4.47281e-07
0.15	4.31534e-07
0.155	4.47688e-07
0.16	4.58849e-07
0.165	4.145e-07
0.17	4.90707e-07
0.175	4.47892e-07
0.18	4.51478e-07
0.185	4.73079e-07
0.19	5.58916e-07
0.195	4.77372e-07
0.2	4.84984e-07
0.205	4.81836e-07
0.21	5.01116e-07
0.215	6.14313e-07
0.22	5.25888e-07
0.225	5.33503e-07
0.23	5.38394e-07
0.235	5.37359e-07
0.24	5.36331e-07
0.245	5.55598e-07
0.25	5.46053e-07
0.255	5.82096e-07
0.26	5.47072e-07
0.265	5.49675e-07
0.27	5.47187e-07
0.275	5.52187e-07
0.28	5.16824e-07
0.285	5.63366e-07
0.29	5.71194e-07
0.295	5.28198e-07
0.3	5.18294e-07
0.305	6.41248e-07
0.31	5.8409e-07
0.315	5.64e-07
0.32	5.65758e-07
0.325	5.63832e-07
0.33	5.50307e-07
0.335	5.9499e-07
0.34	5.83834e-07
0.345	5.92797e-07
0.35	5.7474e-07
0.355	5.62385e-07
0.36	5.83268e-07
0.365	5.78037e-07
0.37	5.70405e-07
0.375	6.3083e-07
0.38	5.95687e-07
0.385	5.72047e-07
0.39	6.24941e-07
0.395	5.75436e-07
0.4	5.76098e-07
0.405	5.7803e-07
0.41	5.8099e-07
0.415	5.83491e-07
0.42	6.00095e-07
0.425	5.90544e-07
0.43	5.87868e-07
0.435	5.74533e-07
0.44	6.09056e-07
0.445	5.9103e-07
0.45	5.86576e-07
0.455	5.88222e-07
0.46	5.86684e-07
0.465	5.99166e-07
0.47	6.06122e-07
0.475	6.20192e-07
0.48	6.02873e-07
0.485	6.18361e-07
0.49	5.33635e-07
0.495	4.9696e-07
0.5	5.15225e-07
0.505	5.43414e-07
0.51	2.18655e-07
0.515	5.46301e-07
0.52	5.40529e-07
0.525	5.16184e-07
0.53	5.50175e-07
0.535	5.28324e-07
0.54	5.22074e-07
0.545	2.1397e-07
0.55	5.30325e-07
0.555	4.98753e-07
0.56	4.84031e-07
0.565	4.9909e-07
0.57	4.85997e-07
0.575	4.55344e-07
0.58	5.18666e-07
0.585	5.05235e-07
0.59	4.92264e-07
0.595	4.82638e-07
0.6	5.10653e-07
0.605	4.97424e-07
0.61	4.93649e-07
0.615	4.85587e-07
0.62	4.81836e-07
0.625	1.96039e-07
0.63	1.95976e-07
0.635	1.94263e-07
0.64	1.93644e-07
0.645	4.67502e-07
0.65	4.60358e-07
0.655	1.88577e-07
0.66	4.56216e-07
0.665	4.49049e-07
0.67	4.50747e-07
0.675	4.45254e-07
0.68	1.86676e-07
0.685	1.85794e-07
0.69	1.86036e-07
0.695	1.8542e-07
0.7	4.46637e-07
0.705	1.84029e-07
0.71	1.85259e-07
0.715	4.49615e-07
0.72	4.55685e-07
0.725	4.4465e-07
0.73	4.45377e-07
0.735	4.33837e-07
0.74	1.84259e-07
0.745	4.2799e-07
0.75	1.95574e-07
0.755	4.40303e-07
0.76	4.34373e-07
0.765	1.74127e-07
0.77	1.77399e-07
0.775	1.76537e-07
0.78	1.74957e-07
0.785	1.70212e-07
0.79	1.71293e-07
0.795	1.68083e-07
0.8	1.67438e-07
0.805	1.70013e-07
0.81	1.70125e-07
0.815	3.94132e-07
0.82	1.61084e-07
0.825	1.76285e-07
0.83	1.62349e-07
0.835	1.60665e-07
0.84	3.94596e-07
0.845	3.93657e-07
0.85	4.07157e-07
0.855	3.8208e-07
0.86	3.89127e-07
0.865	4.0033e-07
0.87	3.9099e-07
0.875	1.55088e-07
0.88	1.58231e-07
0.885	1.64217e-07
0.89	3.18819e-07
0.895	1.47077e-07
0.9	3.69803e-07
0.905	3.72962e-07
0.91	3.68612e-07
0.915	1.45733e-07
0.92	3.54795e-07
0.925	1.42168e-07
0.93	3.61675e-07
0.935	1.45804e-07
0.94	1.42446e-07
0.945	1.4313e-07
0.95	1.42201e-07
0.955	1.41393e-07
0.96	1.41411e-07
0.965	3.31411e-07
0.97	3.62077e-07
0.975	1.35645e-07
0.98	1.35407e-07
0.985	3.4909e-07
0.99	3.46412e-07
0.995	1.36487e-07
1	1.36869e-07
1.005	1.31497e-07
1.01	3.32972e-07
1.015	3.40172e-07
1.02	3.43635e-07
1.025	1.29905e-07
1.03	1.26869e-07
1.035	1.27068e-07
1.04	1.26518e-07
1.045	1.26512e-07
1.05	1.23192e-07
1.055	1.2355e-07
1.06	1.22309e-07
1.065	1.21382e-07
1.07	1.20325e-07
1.075	1.19425e-07
1.08	1.19738e-07
1.085	1.19085e-07
1.09	3.08507e-07
1.095	1.1307e-07
1.1	1.14351e-07
1.105	1.13356e-07
1.11	1.12521e-07
1.115	1.16309e-07
1.12	2.86571e-07
1.125	1.12177e-07
1.13	1.10008e-07
1.135	1.08991e-07
1.14	2.80352e-07
1.145	1.0726e-07
1.15	2.83834e-07
1.155	2.81007e-07
1.16	1.04465e-07
1.165	2.70808e-07
1.17	2.67125e-07
1.175	1.01688e-07
1.18	1.01663e-07
1.185	2.61713e-07
1.19	9.81382e-08
1.195	2.66144e-07
1.2	1.04162e-07
1.205	9.8722e-08
1.21	2.33689e-07
1.215	2.55911e-07
1.22	2.43861e-07
1.225	2.47013e-07
1.23	2.46175e-07
1.235	2.50563e-07
1.24	2.40156e-07
1.245	2.35567e-07
1.25	2.24096e-07
1.255	2.20324e-07
1.26	2.77605e-07
1.265	8.67055e-08
1.27	2.30041e-07
1.275	2.31823e-07
1.28	2.36354e-07
1.285	2.28627e-07
1.29	2.33679e-07
1.295	2.16363e-07
1.3	1.71175e-07
1.305	2.00237e-07
1.31	2.07435e-07
1.315	2.17061e-07
1.32	2.21557e-07
1.325	2.07847e-07
1.33	2.0461e-07
1.335	1.99583e-07
1.34	2.04454e-07
1.345	2.02858e-07
1.35	2.03965e-07
1.355	1.94495e-07
1.36	1.97939e-07
1.365	2.07999e-07
1.37	1.8661e-07
1.375	1.83173e-07
1.38	1.78573e-07
1.385	1.75556e-07
1.39	1.77044e-07
1.395	1.84926e-07
1.4	1.73009e-07
1.405	1.70975e-07
1.41	1.69133e-07
1.415	1.67632e-07
1.42	1.688e-07
1.425	1.63908e-07
1.43	1.5802e-07
1.435	1.61039e-07
1.44	1.57993e-07
1.445	1.62255e-07
1.45	1.53591e-07
1.455	1.50952e-07
1.46	1.52289e-07
1.465	1.47975e-07
1.47	1.46024e-07
1.475	1.43877e-07
1.48	1.39819e-07
1.485	1.42673e-07
1.49	1.381e-07
1.495	1.3641e-07
1.5	1.36261e-07
1.505	1.33077e-07
1.51	1.30726e-07
1.515	1.28772e-07
1.52	1.27027e-07
1.525	1.25893e-07
1.53	1.23447e-07
1.535	1.21589e-07
1.54	1.19738e-07
1.545	1.1759e-07
1.55	1.18666e-07
1.555	1.16786e-07
1.56	1.15967e-07
1.565	1.12307e-07
1.57	1.10968e-07
1.575	1.10795e-07
1.58	1.04741e-07
1.585	1.0504e-07
1.59	1.03747e-07
1.595	1.01906e-07
1.6	1.00375e-07
1.605	9.88851e-08
1.61	9.74768e-08
1.615	9.6128e-08
1.62	9.60329e-08
1.625	9.13983e-08
1.63	9.12504e-08
1.635	9.04264e-08
1.64	8.92286e-08
1.645	8.76448e-08
1.65	8.67371e-08
1.655	9.12803e-08
1.66	8.1621e-08
1.665	6.99442e-08
1.67	1.26695e-07
1.675	1.10564e-07
1.68	7.45073e-08
1.685	8.39206e-08
1.69	8.99562e-08
1.695	9.19968e-08
1.7	8.53091e-08
1.705	1.02772e-07
1.71	8.67919e-08
1.715	7.28955e-08
1.72	8.32669e-08
1.725	7.39145e-08
1.73	7.54063e-08
1.735	6.82923e-08
1.74	6.71544e-08
1.745	6.68267e-08
1.75	6.95294e-08
1.755	7.91764e-08
1.76	6.67621e-08
1.765	6.01292e-08
1.77	6.47071e-08
1.775	7.09106e-08
1.78	5.90812e-08
1.785	4.73024e-08
1.79	5.2238e-08
1.795	5.08375e-08
1.8	4.69712e-08
1.805	4.86705e-08
1.81	4.83138e-08
1.815	4.68958e-08
1.82	4.63344e-08
1.825	4.61127e-08
1.83	4.72463e-08
1.835	4.70161e-08
1.84	6.513e-08
1.845	4.29006e-08
1.85	4.13366e-08
1.855	5.2801e-08
1.86	4.64853e-08
1.865	4.22707e-08
1.87	4.24428e-08
1.875	4.14667e-08
1.88	4.17729e-08
1.885	4.20018e-08
1.89	4.05137e-08
1.895	4.30757e-08
1.9	4.10986e-08
1.905	4.37352e-08
1.91	3.8734e-08
1.915	3.81175e-08
1.92	3.88192e-08
1.925	3.77603e-08
1.93	3.76799e-08
1.935	3.78864e-08
1.94	3.77112e-08
1.945	3.75047e-08
1.95	3.73181e-08
1.955	3.71532e-08
1.96	3.70113e-08
1.965	3.69036e-08
1.97	3.68626e-08
1.975	3.69947e-08
1.98	3.74675e-08
1.985	4.0578e-08
1.99	4.07809e-08
1.995	3.61595e-08
2	3.58739e-08
2.005	3.61251e-08
2.01	3.58038e-08
2.015	3.5743e-08
2.02	3.5706e-08
2.025	4.24409e-08
2.03	3.60527e-08
2.035	3.58536e-08
2.04	3.58454e-08
2.045	3.58483e-08
2.05	3.58504e-08
2.055	3.58516e-08
2.06	3.58397e-08
2.065	3.57932e-08
2.07	3.56551e-08
2.075	3.53448e-08
2.08	4.03204e-08
2.085	6.85031e-08
2.09	4.58375e-08
2.095	5.45008e-08
2.1	5.81368e-08
2.105	5.40972e-08
2.11	3.93139e-08
2.115	3.66213e-08
2.12	3.57257e-08
2.125	3.6925e-08
2.13	3.61988e-08
2.135	3.63261e-08
2.14	7.12124e-08
2.145	4.61571e-08
2.15	5.18184e-08
2.155	3.80242e-08
2.16	3.82715e-08
2.165	3.84805e-08
2.17	3.87145e-08
2.175	3.92945e-08
2.18	4.03569e-08
2.185	3.98392e-08
2.19	4.84855e-08
2.195	4.02935e-08
2.2	4.45476e-08
2.205	4.18143e-08
2.21	7.39232e-08
2.215	4.03136e-08
2.22	3.96544e-08
2.225	3.94932e-08
2.23	3.96909e-08
2.235	3.99892e-08
2.24	4.02787e-08
2.245	5.14349e-08
2.25	4.08315e-08
2.255	3.79073e-08
2.26	4.07328e-08
2.265	4.08591e-08
2.27	4.10645e-08
2.275	4.13513e-08
2.28	4.20519e-08
2.285	4.27535e-08
2.29	4.19913e-08
2.295	4.40577e-08
2.3	4.71066e-08
2.305	4.62089e-08
2.31	4.77846e-08
2.315	4.55183e-08
2.32	4.28241e-08
2.325	5.18005e-08
2.33	4.23943e-08
2.335	4.25515e-08
2.34	4.26776e-08
2.345	4.27886e-08
2.35	4.28893e-08
2.355	4.29766e-08
2.36	4.3048e-08
2.365	4.31808e-08
2.37	4.37574e-08
2.375	5.15565e-08
2.38	4.39586e-08
2.385	4.3489e-08
2.39	4.35977e-08
2.395	4.37061e-08
2.4	4.39959e-08
2.405	4.48026e-08
2.41	4.59889e-08
2.415	5.12866e-08
2.42	5.43542e-08
2.425	4.51485e-08
2.43	4.5584e-08
2.435	4.71011e-08
2.44	4.66238e-08
2.445	4.86057e-08
2.45	4.54847e-08
2.455	4.58287e-08
2.46	4.66247e-08
2.465	4.65445e-08
2.47	4.54701e-08
2.475	4.56335e-08
2.48	4.57727e-08
2.485	4.59611e-08
2.49	4.60104e-08
2.495	4.62599e-08
2.5	4.6217e-08
2.505	4.68605e-08
2.51	4.83002e-08
2.515	5.17026e-08
2.52	4.89249e-08
2.525	4.6574e-08
2.53	5.23221e-08
2.535	4.71542e-08
2.54	4.71894e-08
2.545	4.19352e-08
2.55	4.25198e-08
2.555	4.45196e-08
2.56	4.50764e-08
2.565	4.5246e-08
2.57	4.5306e-08
2.575	4.53768e-08
2.58	4.54163e-08
2.585	3.97127e-08
2.59	4.0436e-08
2.595	4.53007e-08
2.6	4.54965e-08
2.605	4.54814e-08
2.61	4.54815e-08
2.615	4.56394e-08
2.62	4.65988e-08
2.625	4.53346e-08
2.63	4.69631e-08
2.635	4.51235e-08
2.64	4.52238e-08
2.645	4.52068e-08
2.65	4.51836e-08
2.655	4.51623e-08
2.66	4.5141e-08
2.665	4.51201e-08
2.67	4.50999e-08
2.675	4.50816e-08
2.68	4.54562e-08
2.685	4.52966e-08
2.69	4.52127e-08
2.695	4.52302e-08
2.7	4.53133e-08
2.705	4.48724e-08
2.71	4.42776e-08
2.715	4.4516e-08
2.72	4.46107e-08
2.725	4.46368e-08
2.73	4.46706e-08
2.735	4.47577e-08
2.74	4.50416e-08
2.745	4.59637e-08
2.75	5.55314e-08
2.755	4.5033e-08
2.76	3.93046e-08
2.765	4.31188e-08
2.77	4.68475e-08
2.775	4.4122e-08
2.78	4.34865e-08
2.785	4.33757e-08
2.79	4.31972e-08
2.795	4.31012e-08
2.8	4.29754e-08
2.805	4.28518e-08
2.81	4.27178e-08
2.815	4.25727e-08
2.82	4.24099e-08
2.825	4.22789e-08
2.83	4.20204e-08
2.835	4.1631e-08
2.84	4.0888e-08
2.845	4.35431e-08
2.85	4.56042e-08
2.855	4.82263e-08
2.86	4.15474e-08
2.865	4.15639e-08
2.87	4.12944e-08
2.875	4.1211e-08
2.88	4.11167e-08
2.885	4.10164e-08
2.89	4.09126e-08
2.895	4.08046e-08
2.9	4.06943e-08
2.905	4.05838e-08
2.91	4.04766e-08
2.915	4.03762e-08
2.92	4.0287e-08
2.925	4.02198e-08
2.93	4.02004e-08
2.935	4.02975e-08
2.94	4.07704e-08
2.945	3.74456e-08
2.95	3.83347e-08
2.955	3.6578e-08
2.96	3.90449e-08
2.965	4.1331e-08
2.97	3.95193e-08
2.975	3.92594e-08
2.98	3.90693e-08
2.985	3.88764e-08
2.99	3.86644e-08
2.995	3.85249e-08
3	3.83567e-08
3.005	3.81864e-08
3.01	3.80171e-08
3.015	3.78484e-08
3.02	3.76799e-08
3.025	3.75114e-08
3.03	3.74511e-08
3.035	3.715e-08
3.04	3.70143e-08
3.045	3.68296e-08
3.05	3.66763e-08
3.055	3.65003e-08
3.06	3.63416e-08
3.065	3.61698e-08
3.07	3.60074e-08
3.075	3.58381e-08
3.08	3.5674e-08
3.085	3.55063e-08
3.09	3.53425e-08
3.095	3.51786e-08
3.1	3.50167e-08
3.105	3.6448e-08
3.11	3.62725e-08
3.115	3.60862e-08
3.12	3.59175e-08
3.125	3.5751e-08
3.13	3.55872e-08
3.135	3.54255e-08
3.14	3.52685e-08
3.145	3.51156e-08
3.15	3.49686e-08
3.155	3.48281e-08
3.16	3.46936e-08
3.165	3.45681e-08
3.17	3.4457e-08
3.175	3.43613e-08
3.18	3.42851e-08
3.185	3.42376e-08
3.19	3.0208e-08
3.195	3.21282e-08
3.2	3.25735e-08
3.205	3.01973e-08
3.21	3.01997e-08
3.215	3.01931e-08
3.22	3.00883e-08
3.225	2.99911e-08
3.23	2.57722e-08
3.235	2.81029e-08
3.24	2.96726e-08
3.245	2.96439e-08
3.25	2.95146e-08
3.255	2.93881e-08
3.26	2.92785e-08
3.265	2.9275e-08
3.27	2.95612e-08
3.275	2.78921e-08
3.28	2.77466e-08
3.285	2.76711e-08
3.29	2.75968e-08
3.295	2.75136e-08
3.3	2.74234e-08
3.305	2.73277e-08
3.31	2.72282e-08
3.315	2.7126e-08
3.32	2.70215e-08
3.325	2.69153e-08
3.33	2.68076e-08
3.335	2.66987e-08
3.34	2.65887e-08
3.345	2.64779e-08
3.35	2.63663e-08
3.355	2.6254e-08
3.36	2.61411e-08
3.365	2.60276e-08
3.37	2.59135e-08
3.375	2.5799e-08
3.38	2.56841e-08
3.385	2.55687e-08
3.39	2.54531e-08
3.395	2.53372e-08
3.4	2.52212e-08
3.405	2.51052e-08
3.41	2.49891e-08
3.415	2.48734e-08
3.42	2.47576e-08
3.425	2.46419e-08
3.43	2.45265e-08
3.435	2.44117e-08
3.44	2.42974e-08
3.445	2.41835e-08
3.45	2.40699e-08
3.455	2.4421e-08
3.46	2.35842e-08
3.465	2.41238e-08
3.47	2.38048e-08
3.475	2.36601e-08
3.48	2.35438e-08
3.485	2.34243e-08
3.49	2.33053e-08
3.495	2.31879e-08
3.5	2.30716e-08
3.505	2.29559e-08
3.51	2.28407e-08
3.515	2.2726e-08
3.52	2.26115e-08
3.525	2.24974e-08
3.53	2.23835e-08
3.535	2.22699e-08
3.54	2.21569e-08
3.545	2.20443e-08
3.55	2.19318e-08
3.555	2.18195e-08
3.56	2.17072e-08
3.565	2.15951e-08
3.57	2.14831e-08
3.575	2.13713e-08
3.58	2.1261e-08
3.585	2.11511e-08
3.59	2.11365e-08
3.595	2.11505e-08
3.6	2.08863e-08
3.605	2.075e-08
3.61	2.06351e-08
3.615	2.05257e-08
3.62	2.0418e-08
3.625	2.03104e-08
3.63	2.02029e-08
3.635	2.00953e-08
3.64	1.99878e-08
3.645	1.98804e-08
3.65	1.97732e-08
3.655	1.9666e-08
3.66	1.95591e-08
3.665	1.94529e-08
3.67	1.93469e-08
3.675	1.92411e-08
3.68	1.91354e-08
3.685	1.90298e-08
3.69	1.89243e-08
3.695	1.88197e-08
3.7	1.87153e-08
3.705	1.7413e-08
3.71	2.05922e-08
3.715	1.82882e-08
3.72	1.94645e-08
3.725	1.78763e-08
3.73	1.86572e-08
3.735	1.64329e-08
3.74	1.69228e-08
3.745	1.62974e-08
3.75	1.65488e-08
3.755	1.6173e-08
3.76	1.62721e-08
3.765	1.60371e-08
3.77	1.60471e-08
3.775	1.58898e-08
3.78	1.58484e-08
3.785	1.57299e-08
3.79	1.56632e-08
3.795	1.55644e-08
3.8	1.54879e-08
3.805	1.53981e-08
3.81	1.54405e-08
3.815	1.52201e-08
3.82	1.51173e-08
3.825	1.5034e-08
3.83	1.49519e-08
3.835	1.4869e-08
3.84	1.47863e-08
3.845	1.47034e-08
3.85	1.44994e-08
3.855	1.44856e-08
3.86	1.4428e-08
3.865	1.43542e-08
3.87	1.42752e-08
3.875	1.41943e-08
3.88	1.41128e-08
3.885	1.40311e-08
3.89	1.39494e-08
3.895	1.38677e-08
3.9	1.37862e-08
3.905	1.37039e-08
3.91	1.36212e-08
3.915	1.35398e-08
3.92	1.3459e-08
3.925	1.33787e-08
3.93	1.34472e-08
3.935	1.40133e-08
3.94	1.32834e-08
3.945	1.38353e-08
3.95	1.31245e-08
3.955	1.29755e-08
3.96	1.29047e-08
3.965	1.27627e-08
3.97	1.25127e-08
3.975	1.26459e-08
3.98	1.26073e-08
3.985	1.25342e-08
3.99	1.24667e-08
3.995	1.24094e-08
4	1.23363e-08
4.005	1.24904e-08
4.01	1.21769e-08
4.015	1.20727e-08
4.02	1.19825e-08
4.025	1.21342e-08
4.03	1.20651e-08
4.035	1.18257e-08
4.04	1.176e-08
4.045	1.16275e-08
4.05	1.1577e-08
4.055	1.14849e-08
4.06	1.1424e-08
4.065	1.13468e-08
4.07	1.12797e-08
4.075	1.20169e-08
4.08	1.13534e-08
4.085	1.11505e-08
4.09	1.10254e-08
4.095	1.09194e-08
4.1	1.09216e-08
4.105	1.08893e-08
4.11	1.07487e-08
4.115	1.06785e-08
4.12	1.06123e-08
4.125	1.05455e-08
4.13	1.07586e-08
4.135	1.03792e-08
4.14	1.03996e-08
4.145	1.02697e-08
4.15	1.02514e-08
4.155	1.01534e-08
4.16	1.01109e-08
4.165	1.00323e-08
4.17	9.97724e-09
4.175	9.9083e-09
4.18	9.84814e-09
4.185	9.78353e-09
4.19	9.72191e-09
4.195	9.65925e-09
4.2	9.59767e-09
4.205	9.5361e-09
4.21	9.47507e-09
4.215	9.41433e-09
4.22	9.35399e-09
4.225	9.29406e-09
4.23	9.23455e-09
4.235	9.17547e-09
4.24	9.11677e-09
4.245	9.05845e-09
4.25	9.00055e-09
4.255	8.94315e-09
4.26	8.88615e-09
4.265	8.82966e-09
4.27	8.77359e-09
4.275	8.71792e-09
4.28	8.66271e-09
4.285	8.60793e-09
4.29	8.55356e-09
4.295	8.50153e-09
4.3	8.44842e-09
4.305	8.39541e-09
4.31	8.34285e-09
4.315	8.29071e-09
4.32	8.23898e-09
4.325	8.18765e-09
4.33	8.13674e-09
4.335	8.08623e-09
4.34	8.03614e-09
4.345	7.98653e-09
4.35	7.93734e-09
4.355	7.88857e-09
4.36	7.84021e-09
4.365	7.79227e-09
4.37	7.74474e-09
4.375	7.69763e-09
4.38	7.65094e-09
4.385	7.60465e-09
4.39	7.55879e-09
4.395	7.51333e-09
4.4	7.46829e-09
4.405	7.42366e-09
4.41	7.37944e-09
4.415	7.33564e-09
4.42	7.29224e-09
4.425	7.24925e-09
4.43	7.20666e-09
4.435	7.16448e-09
4.44	7.12271e-09
4.445	7.08134e-09
4.45	7.04037e-09
4.455	6.99979e-09
4.46	6.95962e-09
4.465	6.91984e-09
4.47	6.88045e-09
4.475	6.84145e-09
4.48	6.80293e-09
4.485	6.76498e-09
4.49	6.72743e-09
4.495	6.69025e-09
4.5	6.65346e-09
4.505	6.61704e-09
4.51	6.57059e-09
4.515	6.52111e-09
4.52	6.55006e-09
4.525	6.48176e-09
4.53	6.45293e-09
4.535	6.41631e-09
4.54	6.38254e-09
4.545	6.34866e-09
4.55	6.31537e-09
4.555	6.28243e-09
4.56	6.24991e-09
4.565	6.21777e-09
4.57	6.18601e-09
4.575	6.15462e-09
4.58	6.12359e-09
4.585	6.09291e-09
4.59	6.06272e-09
4.595	6.03289e-09
4.6	6.00343e-09
4.605	5.97438e-09
4.61	5.94569e-09
4.615	5.91743e-09
4.62	5.88956e-09
4.625	5.86199e-09
4.63	5.83471e-09
4.635	5.80771e-09
4.64	5.78104e-09
4.645	5.75464e-09
4.65	5.72852e-09
4.655	5.70267e-09
4.66	5.67712e-09
4.665	5.65199e-09
4.67	5.62714e-09
4.675	5.60265e-09
4.68	5.57842e-09
4.685	5.55455e-09
4.69	5.51226e-09
4.695	5.49657e-09
4.7	5.48448e-09
4.705	5.45708e-09
4.71	5.43599e-09
4.715	5.41337e-09
4.72	5.392e-09
4.725	5.37031e-09
4.73	5.34909e-09
4.735	5.32795e-09
4.74	5.30713e-09
4.745	5.28657e-09
4.75	5.26623e-09
4.755	5.24606e-09
4.76	5.22614e-09
4.765	5.20649e-09
4.77	5.18702e-09
4.775	5.16784e-09
4.78	5.14902e-09
4.785	5.13048e-09
4.79	5.11218e-09
4.795	5.09412e-09
4.8	5.07628e-09
4.805	5.05858e-09
4.81	5.04103e-09
4.815	5.02362e-09
4.82	5.00644e-09
4.825	4.98942e-09
4.83	4.97253e-09
4.835	4.95577e-09
4.84	4.93922e-09
4.845	4.92283e-09
4.85	4.90676e-09
4.855	4.89084e-09
4.86	4.87503e-09
4.865	4.85934e-09
4.87	4.84378e-09
4.875	4.82831e-09
4.88	4.81294e-09
4.885	4.79766e-09
4.89	4.78251e-09
4.895	4.76745e-09
4.9	4.75247e-09
4.905	4.73777e-09
4.91	4.72316e-09
4.915	4.70863e-09
4.92	4.69417e-09
4.925	4.67977e-09
4.93	4.66546e-09
4.935	4.6513e-09
4.94	4.63722e-09
4.945	4.6232e-09
4.95	4.60927e-09
4.955	4.59543e-09
4.96	4.58164e-09
4.965	4.56789e-09
4.97	4.55419e-09
4.975	4.54057e-09
4.98	4.52704e-09
4.985	4.51363e-09
4.99	4.50026e-09
4.995	4.48692e-09
5	4.47361e-09
5.005	4.46033e-09
5.01	4.44707e-09
5.015	4.56857e-09
5.02	4.71052e-09
5.025	4.53992e-09
5.03	4.66843e-09
5.035	4.51625e-09
5.04	4.63998e-09
5.045	4.48842e-09
5.05	4.37266e-09
5.055	4.38548e-09
5.06	4.37269e-09
5.065	4.3566e-09
5.07	4.37421e-09
5.075	4.43359e-09
5.08	4.35711e-09
5.085	4.32436e-09
5.09	4.30957e-09
5.095	4.29594e-09
5.1	4.28269e-09
5.105	4.26963e-09
5.11	4.25662e-09
5.115	4.24363e-09
5.12	4.23066e-09
5.125	4.2177e-09
5.13	4.20475e-09
5.135	4.19181e-09
5.14	4.17888e-09
5.145	4.16595e-09
5.15	4.15303e-09
5.155	4.14012e-09
5.16	4.12721e-09
5.165	4.1143e-09
5.17	4.10139e-09
5.175	4.08849e-09
5.18	4.07558e-09
5.185	4.06268e-09
5.19	4.04978e-09
5.195	4.03688e-09
5.2	4.02398e-09
5.205	4.01107e-09
5.21	3.99817e-09
5.215	3.98527e-09
5.22	3.97237e-09
5.225	3.95946e-09
5.23	3.94656e-09
5.235	3.93366e-09
5.24	3.92058e-09
5.245	3.9075e-09
5.25	3.89448e-09
5.255	3.88146e-09
5.26	3.86845e-09
5.265	3.85546e-09
5.27	3.84249e-09
5.275	3.82039e-09
5.28	3.8036e-09
5.285	3.78051e-09
5.29	3.774e-09
5.295	3.76174e-09
5.3	3.7487e-09
5.305	3.73601e-09
5.31	3.72326e-09
5.315	3.71046e-09
5.32	3.69764e-09
5.325	3.68481e-09
5.33	3.67196e-09
5.335	3.6591e-09
5.34	3.6463e-09
5.345	3.63352e-09
5.35	3.62058e-09
5.355	3.60765e-09
5.36	3.59473e-09
5.365	3.58179e-09
5.37	3.56886e-09
5.375	3.55592e-09
5.38	3.54297e-09
5.385	3.53003e-09
5.39	3.51709e-09
5.395	3.50415e-09
5.4	3.49122e-09
5.405	3.47831e-09
5.41	3.46542e-09
5.415	3.47368e-09
5.42	3.7879e-09
5.425	3.48643e-09
5.43	3.43348e-09
5.435	3.40649e-09
5.44	3.40076e-09
5.445	3.38664e-09
5.45	3.37308e-09
5.455	3.36025e-09
5.46	3.34733e-09
5.465	3.33439e-09
5.47	3.32148e-09
5.475	3.30859e-09
5.48	3.29571e-09
5.485	3.28284e-09
5.49	3.26998e-09
5.495	3.25713e-09
5.5	3.2443e-09
5.505	3.23148e-09
5.51	3.21868e-09
5.515	3.20589e-09
5.52	3.19311e-09
5.525	3.18035e-09
5.53	3.16761e-09
5.535	3.15488e-09
5.54	3.14217e-09
5.545	3.12951e-09
5.55	3.11688e-09
5.555	3.10426e-09
5.56	3.09166e-09
5.565	3.07907e-09
5.57	3.06651e-09
5.575	3.05396e-09
5.58	3.04144e-09
5.585	3.02893e-09
5.59	3.01645e-09
5.595	3.00399e-09
5.6	2.99154e-09
5.605	2.97912e-09
5.61	2.96672e-09
5.615	2.95435e-09
5.62	2.94199e-09
5.625	2.92966e-09
5.63	2.91735e-09
5.635	2.90507e-09
5.64	2.8928e-09
5.645	2.88057e-09
5.65	2.86839e-09
5.655	2.85624e-09
5.66	2.84412e-09
5.665	2.83202e-09
5.67	2.81994e-09
5.675	2.80789e-09
5.68	2.79588e-09
5.685	2.78391e-09
5.69	2.77198e-09
5.695	2.76006e-09
5.7	2.74818e-09
5.705	2.73632e-09
5.71	2.72449e-09
5.715	2.71268e-09
5.72	2.7009e-09
5.725	2.68915e-09
5.73	2.67744e-09
5.735	2.66577e-09
5.74	2.65412e-09
5.745	2.64251e-09
5.75	2.63092e-09
5.755	2.61936e-09
5.76	2.60784e-09
5.765	2.59635e-09
5.77	2.58491e-09
5.775	2.57351e-09
5.78	2.56214e-09
5.785	2.5508e-09
5.79	2.53949e-09
5.795	2.52821e-09
5.8	2.51697e-09
5.805	2.50576e-09
5.81	2.49458e-09
5.815	2.48345e-09
5.82	2.47237e-09
5.825	2.46132e-09
5.83	2.4503e-09
5.835	2.43931e-09
5.84	2.42835e-09
5.845	2.41743e-09
5.85	2.40653e-09
5.855	2.39567e-09
5.86	2.38484e-09
5.865	2.37407e-09
5.87	2.36333e-09
5.875	2.35262e-09
5.88	2.34194e-09
5.885	2.3313e-09
5.89	2.32071e-09
5.895	2.31014e-09
5.9	2.29961e-09
5.905	2.28912e-09
5.91	2.27865e-09
5.915	2.26822e-09
5.92	2.25782e-09
5.925	2.24745e-09
5.93	2.23712e-09
5.935	2.22683e-09
5.94	2.21658e-09
5.945	2.20635e-09
5.95	2.19619e-09
5.955	2.18608e-09
5.96	2.176e-09
5.965	2.16595e-09
5.97	2.15593e-09
5.975	2.14595e-09
5.98	2.13601e-09
5.985	2.12609e-09
5.99	2.11621e-09
5.995	2.10637e-09
6	2.09655e-09
6.005	2.08677e-09
6.01	2.07703e-09
6.015	2.06732e-09
6.02	2.05764e-09
6.025	2.048e-09
6.03	2.03839e-09
6.035	2.02881e-09
6.04	2.0193e-09
6.045	2.00983e-09
6.05	2.00039e-09
6.055	1.99098e-09
6.06	1.98161e-09
6.065	1.97227e-09
6.07	1.96297e-09
6.075	1.95372e-09
6.08	1.94451e-09
6.085	1.93533e-09
6.09	1.92618e-09
6.095	1.91532e-09
6.1	1.90594e-09
6.105	1.89916e-09
6.11	1.89144e-09
6.115	1.88235e-09
6.12	1.87321e-09
6.125	1.8642e-09
6.13	1.85526e-09
6.135	1.84636e-09
6.14	1.83751e-09
6.145	1.82869e-09
6.15	1.81993e-09
6.155	1.8112e-09
6.16	1.80251e-09
6.165	1.79389e-09
6.17	1.78531e-09
6.175	1.77677e-09
6.18	1.76827e-09
6.185	1.75981e-09
6.19	1.75139e-09
6.195	1.74302e-09
6.2	1.73468e-09
6.205	1.73682e-09
6.21	1.73229e-09
6.215	1.71962e-09
6.22	1.71039e-09
6.225	1.70248e-09
6.23	1.69425e-09
6.235	1.68601e-09
6.24	1.67782e-09
6.245	1.66969e-09
6.25	2.39056e-09
6.255	2.26023e-09
6.26	2.29611e-09
6.265	2.28165e-09
6.27	2.2715e-09
6.275	2.26088e-09
6.28	2.25018e-09
6.285	2.23954e-09
6.29	2.22895e-09
6.295	2.21841e-09
6.3	2.20791e-09
6.305	2.19746e-09
6.31	2.18706e-09
6.315	2.17671e-09
6.32	2.1664e-09
6.325	6.8163e-10
6.33	9.18497e-10
6.335	7.89551e-10
6.34	7.97764e-10
6.345	7.98362e-10
6.35	7.92587e-10
6.355	7.88172e-10
6.36	7.84268e-10
6.365	7.80341e-10
6.37	7.76395e-10
6.375	7.7246e-10
6.38	7.68544e-10
6.385	7.64645e-10
6.39	7.60762e-10
6.395	7.56894e-10
6.4	7.53042e-10
6.405	7.49213e-10
6.41	7.45402e-10
6.415	7.41608e-10
6.42	7.37829e-10
6.425	7.34067e-10
6.43	7.30321e-10
6.435	7.26593e-10
6.44	7.22893e-10
6.445	7.19212e-10
6.45	7.15549e-10
6.455	7.11905e-10
6.46	7.08279e-10
6.465	7.04673e-10
6.47	7.01094e-10
6.475	6.97541e-10
6.48	6.94006e-10
6.485	6.90492e-10
6.49	6.86998e-10
6.495	6.83523e-10
6.5	6.80069e-10
6.505	6.76635e-10
6.51	6.73221e-10
6.515	6.69836e-10
6.52	6.66475e-10
6.525	6.63139e-10
6.53	6.59833e-10
6.535	6.56556e-10
6.54	6.53298e-10
6.545	6.50059e-10
6.55	6.46838e-10
6.555	6.43636e-10
6.56	6.40453e-10
6.565	6.37287e-10
6.57	6.34139e-10
6.575	6.31009e-10
6.58	6.27896e-10
6.585	6.24805e-10
6.59	6.21732e-10
6.595	6.18675e-10
6.6	6.15635e-10
6.605	6.12611e-10
6.61	6.09604e-10
6.615	6.06621e-10
6.62	6.03663e-10
6.625	6.00723e-10
6.63	5.97798e-10
6.635	5.94888e-10
6.64	5.91993e-10
6.645	5.89112e-10
6.65	5.86246e-10
6.655	5.83394e-10
6.66	5.80557e-10
6.665	5.77734e-10
6.67	5.74925e-10
6.675	5.72131e-10
6.68	5.6935e-10
6.685	5.66584e-10
6.69	5.63831e-10
6.695	5.61098e-10
6.7	5.58382e-10
6.705	5.55679e-10
6.71	5.52991e-10
6.715	5.50316e-10
6.72	5.47655e-10
6.725	5.45015e-10
6.73	5.42389e-10
6.735	5.39779e-10
6.74	5.37198e-10
6.745	5.3463e-10
6.75	5.32075e-10
6.755	5.29535e-10
6.76	5.27007e-10
6.765	5.24494e-10
6.77	5.21993e-10
6.775	5.19507e-10
6.78	5.17033e-10
6.785	5.1458e-10
6.79	5.12139e-10
6.795	5.09716e-10
6.8	5.07311e-10
6.805	5.04925e-10
6.81	5.02553e-10
6.815	5.00193e-10
6.82	4.97847e-10
6.825	4.95518e-10
6.83	1.63989e-09
6.835	5.05199e-10
6.84	1.58856e-09
6.845	5.01341e-10
6.85	1.57678e-09
6.855	1.65408e-09
6.86	1.61413e-09
6.865	1.60199e-09
6.87	1.59745e-09
6.875	1.59097e-09
6.88	1.58408e-09
6.885	1.57748e-09
6.89	1.57094e-09
6.895	1.56441e-09
6.9	1.5579e-09
6.905	1.55144e-09
6.91	1.545e-09
6.915	1.53862e-09
6.92	1.53226e-09
6.925	1.52593e-09
6.93	1.51964e-09
6.935	1.51338e-09
6.94	1.50714e-09
6.945	1.50093e-09
6.95	1.49476e-09
6.955	1.48861e-09
6.96	1.48248e-09
6.965	1.47639e-09
6.97	1.47034e-09
6.975	1.46432e-09
6.98	1.45834e-09
6.985	1.4524e-09
6.99	1.44649e-09
6.995	1.44061e-09
7	1.43475e-09
7.005	1.42892e-09
7.01	1.42311e-09
7.015	1.41732e-09
7.02	1.41156e-09
7.025	1.40585e-09
7.03	1.40016e-09
7.035	1.39449e-09
7.04	1.38885e-09
7.045	1.38323e-09
7.05	1.37763e-09
7.055	1.37206e-09
7.06	1.36651e-09
7.065	1.36098e-09
7.07	1.35547e-09
7.075	1.34999e-09
7.08	1.34452e-09
7.085	1.33908e-09
7.09	1.33366e-09
7.095	1.32827e-09
7.1	1.32289e-09
7.105	1.31753e-09
7.11	1.3122e-09
7.115	1.30689e-09
7.12	1.30159e-09
7.125	1.29632e-09
7.13	1.29107e-09
7.135	1.28584e-09
7.14	6.22457e-10
7.145	1.47595e-09
7.15	1.14931e-09
7.155	5.88158e-10
7.16	1.48948e-09
7.165	1.14181e-09
7.17	5.7895e-10
7.175	1.46968e-09
7.18	1.12779e-09
7.185	5.71892e-10
7.19	1.45193e-09
7.195	1.68444e-09
7.2	1.62791e-09
7.205	1.57291e-09
7.21	1.56212e-09
7.215	1.56242e-09
7.22	1.55811e-09
7.225	1.55119e-09
7.23	1.54452e-09
7.235	1.53834e-09
7.24	1.53219e-09
7.245	1.52597e-09
7.25	1.51976e-09
7.255	1.51361e-09
7.26	1.50749e-09
7.265	1.5014e-09
7.27	1.49533e-09
7.275	1.48928e-09
7.28	1.48325e-09
7.285	1.47725e-09
7.29	1.47127e-09
7.295	1.46532e-09
7.3	1.45939e-09
7.305	1.45349e-09
7.31	1.4476e-09
7.315	1.44175e-09
7.32	1.43591e-09
7.325	1.4301e-09
7.33	1.42432e-09
7.335	1.41855e-09
7.34	1.41281e-09
7.345	1.4071e-09
7.35	1.4014e-09
7.355	1.39573e-09
7.36	1.39007e-09
7.365	1.38444e-09
7.37	1.37884e-09
7.375	1.37325e-09
7.38	1.36768e-09
7.385	1.36214e-09
7.39	1.35661e-09
7.395	1.35111e-09
7.4	1.34563e-09
7.405	1.34017e-09
7.41	1.33473e-09
7.415	1.32931e-09
7.42	1.32391e-09
7.425	1.31853e-09
7.43	1.31317e-09
7.435	1.30783e-09
7.44	1.30252e-09
7.445	1.29722e-09
7.45	1.29194e-09
7.455	1.28668e-09
7.46	1.28145e-09
7.465	1.27623e-09
7.47	1.27103e-09
7.475	1.26586e-09
7.48	1.2607e-09
7.485	1.25556e-09
7.49	1.25045e-09
7.495	1.24535e-09
7.5	1.24027e-09
7.505	1.2352e-09
7.51	1.23016e-09
7.515	1.22513e-09
7.52	1.22013e-09
7.525	1.21514e-09
7.53	1.21017e-09
7.535	1.20521e-09
7.54	1.20028e-09
7.545	1.19536e-09
7.55	1.19046e-09
7.555	1.18558e-09
7.56	1.18072e-09
7.565	1.17587e-09
7.57	1.17104e-09
7.575	1.16623e-09
7.58	1.16144e-09
7.585	1.15666e-09
7.59	1.1519e-09
7.595	1.14716e-09
7.6	1.14244e-09
7.605	1.13773e-09
7.61	1.13304e-09
7.615	1.12836e-09
7.62	1.12371e-09
7.625	1.11907e-09
7.63	1.11444e-09
7.635	1.10984e-09
7.64	1.10525e-09
7.645	1.10067e-09
7.65	1.09611e-09
7.655	1.09157e-09
7.66	1.08705e-09
7.665	1.08254e-09
7.67	1.07805e-09
7.675	1.07357e-09
7.68	1.06912e-09
7.685	1.06469e-09
7.69	1.06027e-09
7.695	1.05587e-09
7.7	1.05148e-09
7.705	1.04711e-09
7.71	1.04276e-09
7.715	1.03842e-09
7.72	1.03411e-09
7.725	1.02981e-09
7.73	1.02552e-09
7.735	1.02125e-09
7.74	1.017e-09
7.745	1.01276e-09
7.75	1.00854e-09
7.755	1.00433e-09
7.76	1.00015e-09
7.765	9.95984e-10
7.77	9.91844e-10
7.775	9.87718e-10
7.78	9.83608e-10
7.785	9.79513e-10
7.79	9.75432e-10
7.795	9.71366e-10
7.8	9.67316e-10
7.805	9.63279e-10
7.81	9.59258e-10
7.815	9.55251e-10
7.82	9.51258e-10
7.825	9.47281e-10
7.83	9.43317e-10
7.835	9.39368e-10
7.84	9.35434e-10
7.845	9.31513e-10
7.85	9.27608e-10
7.855	9.23716e-10
7.86	9.19838e-10
7.865	9.15977e-10
7.87	9.1213e-10
7.875	9.08298e-10
7.88	9.0448e-10
7.885	9.00675e-10
7.89	8.96885e-10
7.895	8.93109e-10
7.9	8.89346e-10
7.905	8.85597e-10
7.91	8.81866e-10
7.915	8.78152e-10
7.92	8.74452e-10
7.925	8.70765e-10
7.93	8.67096e-10
7.935	8.63441e-10
7.94	8.598e-10
7.945	8.56173e-10
7.95	8.52558e-10
7.955	8.48957e-10
7.96	8.45369e-10
7.965	8.41795e-10
7.97	8.38233e-10
7.975	8.34685e-10
7.98	8.3115e-10
7.985	8.27628e-10
7.99	8.24119e-10
7.995	8.20623e-10
8	8.1714e-10
8.005	8.1367e-10
8.01	8.10213e-10
8.015	8.06769e-10
8.02	8.0334e-10
8.025	7.99924e-10
8.03	7.9652e-10
8.035	7.9313e-10
8.04	7.89752e-10
8.045	7.86386e-10
8.05	7.83034e-10
8.055	7.79694e-10
8.06	7.76366e-10
8.065	7.73051e-10
8.07	7.69749e-10
8.075	7.66459e-10
8.08	7.63183e-10
8.085	7.59922e-10
8.09	7.56673e-10
8.095	7.53436e-10
8.1	7.50212e-10
8.105	7.47e-10
8.11	7.438e-10
8.115	7.40612e-10
8.12	7.37436e-10
8.125	7.34273e-10
8.13	7.31121e-10
8.135	7.27982e-10
8.14	7.24854e-10
8.145	7.21739e-10
8.15	7.18636e-10
8.155	7.15544e-10
8.16	7.12465e-10
8.165	7.09397e-10
8.17	7.06342e-10
8.175	7.03298e-10
8.18	7.00266e-10
8.185	6.97245e-10
8.19	6.94237e-10
8.195	6.9124e-10
8.2	6.88255e-10
8.205	6.85282e-10
8.21	6.8232e-10
8.215	6.7937e-10
8.22	6.76431e-10
8.225	6.73504e-10
8.23	6.70589e-10
8.235	6.67685e-10
8.24	6.64792e-10
8.245	6.61911e-10
8.25	6.59042e-10
8.255	6.56183e-10
8.26	6.53337e-10
8.265	6.50501e-10
8.27	6.47677e-10
8.275	6.44864e-10
8.28	6.42063e-10
8.285	6.39272e-10
8.29	6.36493e-10
8.295	6.33725e-10
8.3	6.30968e-10
8.305	6.28223e-10
8.31	6.25488e-10
8.315	6.22765e-10
8.32	6.20052e-10
8.325	6.17351e-10
8.33	6.14661e-10
8.335	6.11981e-10
8.34	6.09313e-10
8.345	6.06655e-10
8.35	6.04008e-10
8.355	6.01373e-10
8.36	5.98748e-10
8.365	5.96133e-10
8.37	5.9353e-10
8.375	5.90938e-10
8.38	5.88357e-10
8.385	5.85787e-10
8.39	5.83228e-10
8.395	5.8068e-10
8.4	5.78142e-10
8.405	5.75615e-10
8.41	5.73098e-10
8.415	5.70592e-10
8.42	5.68096e-10
8.425	5.65611e-10
8.43	5.63136e-10
8.435	5.60671e-10
8.44	5.58217e-10
8.445	5.55773e-10
8.45	5.53339e-10
8.455	5.50916e-10
8.46	5.48503e-10
8.465	5.461e-10
8.47	5.43707e-10
8.475	5.41325e-10
8.48	5.38953e-10
8.485	5.3659e-10
8.49	5.34238e-10
8.495	5.31896e-10
8.5	5.29564e-10
8.505	5.27242e-10
8.51	5.2493e-10
8.515	5.22627e-10
8.52	5.20335e-10
8.525	5.18053e-10
8.53	5.1578e-10
8.535	5.13517e-10
8.54	5.11264e-10
8.545	5.09021e-10
8.55	5.06787e-10
8.555	5.04564e-10
8.56	5.0235e-10
8.565	5.00145e-10
8.57	4.9795e-10
8.575	4.95765e-10
8.58	4.93589e-10
8.585	4.91423e-10
8.59	4.89267e-10
8.595	4.87119e-10
8.6	4.84982e-10
8.605	4.82853e-10
8.61	4.80734e-10
8.615	4.78625e-10
8.62	4.76524e-10
8.625	4.74433e-10
8.63	4.72352e-10
8.635	4.70279e-10
8.64	4.68216e-10
8.645	4.66162e-10
8.65	4.64117e-10
8.655	4.62081e-10
8.66	4.60054e-10
8.665	4.58036e-10
8.67	1.01888e-09
8.675	3.76403e-10
8.68	7.98263e-10
8.685	4.22133e-10
8.69	8.67609e-10
8.695	3.5978e-10
8.7	8.06453e-10
8.705	4.21956e-10
8.71	8.54091e-10
8.715	3.50388e-10
8.72	7.90166e-10
8.725	4.15311e-10
8.73	8.40325e-10
8.735	3.44423e-10
8.74	7.76404e-10
8.745	4.08101e-10
8.75	8.25863e-10
8.755	3.3852e-10
8.76	7.63077e-10
8.765	4.01064e-10
8.77	8.11644e-10
8.775	3.32706e-10
8.78	7.49962e-10
8.785	3.9415e-10
8.79	7.97683e-10
8.795	3.26979e-10
8.8	7.37064e-10
8.805	3.87351e-10
8.81	7.8396e-10
8.815	3.21345e-10
8.82	7.24386e-10
8.825	3.8067e-10
8.83	7.70473e-10
8.835	3.15803e-10
8.84	7.11926e-10
8.845	3.74105e-10
8.85	7.57221e-10
8.855	3.10356e-10
8.86	6.99683e-10
8.865	3.67661e-10
8.87	7.44202e-10
8.875	3.05004e-10
8.88	6.87655e-10
8.885	3.6134e-10
8.89	7.31414e-10
8.895	2.99749e-10
8.9	6.75842e-10
8.905	8.9693e-10
8.91	2.79315e-10
8.915	5.7069e-10
8.92	8.41278e-10
8.925	2.86144e-10
8.93	5.89206e-10
8.935	8.41426e-10
8.94	1.56773e-09
8.945	8.66899e-10
8.95	8.14765e-10
8.955	1.32405e-09
8.96	6.72986e-10
8.965	8.32355e-10
8.97	1.45888e-09
8.975	8.34419e-10
8.98	7.86756e-10
8.985	6.74494e-10
8.99	6.06276e-10
8.995	6.1551e-10
9	6.56258e-10
9.005	6.26463e-10
9.01	5.98789e-10
9.015	6.44123e-10
9.02	6.13697e-10
9.025	5.89702e-10
9.03	6.32282e-10
9.035	6.75569e-10
9.04	6.00168e-10
9.045	5.56863e-10
9.05	6.05178e-10
9.055	6.56105e-10
9.06	5.9838e-10
9.065	5.59595e-10
9.07	6.01292e-10
9.075	6.47291e-10
9.08	5.82756e-10
9.085	5.44125e-10
9.09	5.88189e-10
9.095	6.3497e-10
9.1	5.75918e-10
9.105	5.3815e-10
9.11	5.79813e-10
9.115	6.25071e-10
9.12	5.64263e-10
9.125	5.2695e-10
9.13	5.68886e-10
9.135	6.13787e-10
9.14	5.55855e-10
9.145	5.19335e-10
9.15	5.59933e-10
9.155	6.03791e-10
9.16	5.45632e-10
9.165	5.09626e-10
9.17	5.49946e-10
9.175	5.93233e-10
9.18	5.36885e-10
9.185	5.01567e-10
9.19	5.40932e-10
9.195	5.83356e-10
9.2	5.27435e-10
9.205	4.9267e-10
9.21	5.31548e-10
9.215	5.73323e-10
9.22	5.18722e-10
9.225	1.57209e-09
9.23	1.45332e-09
9.235	1.16361e-09
9.24	8.06267e-10
9.245	7.21764e-10
9.25	5.27213e-10
9.255	1.47128e-09
9.26	1.37757e-09
9.265	8.02021e-10
9.27	6.21566e-10
9.275	1.5279e-09
9.28	1.37776e-09
9.285	8.04326e-10
9.29	5.8702e-10
9.295	1.43894e-09
9.3	1.34703e-09
9.305	7.7648e-10
9.31	5.89651e-10
9.315	1.47005e-09
9.32	1.3434e-09
9.325	7.74791e-10
9.33	5.72677e-10
9.335	1.42758e-09
9.34	1.31502e-09
9.345	7.53065e-10
9.35	5.69551e-10
9.355	1.4332e-09
9.36	1.30373e-09
9.365	7.48151e-10
9.37	5.55283e-10
9.375	1.39418e-09
9.38	1.27647e-09
9.385	7.29373e-10
9.39	5.50134e-10
9.395	1.38887e-09
9.4	1.26177e-09
9.405	7.22493e-10
9.41	5.3769e-10
9.415	1.35417e-09
9.42	1.23644e-09
9.425	7.0606e-10
9.43	5.31373e-10
9.435	1.34286e-09
9.44	1.21995e-09
9.445	6.97849e-10
9.45	5.20298e-10
9.455	1.3122e-09
9.46	1.19646e-09
9.465	6.8325e-10
9.47	5.13334e-10
9.475	1.2975e-09
9.48	1.17905e-09
9.485	6.74223e-10
9.49	5.03278e-10
9.495	1.27012e-09
9.5	1.15716e-09
9.505	6.61008e-10
9.51	4.95994e-10
9.515	1.25353e-09
9.52	1.13942e-09
9.525	6.5155e-10
9.53	4.86715e-10
9.535	1.2287e-09
9.54	1.11886e-09
9.545	6.39378e-10
9.55	4.79315e-10
9.555	1.21112e-09
9.56	1.10114e-09
9.565	6.29746e-10
9.57	4.7064e-10
9.575	1.18824e-09
9.58	1.08166e-09
9.585	6.18379e-10
9.59	4.63248e-10
9.595	1.17026e-09
9.6	1.06415e-09
9.605	6.08744e-10
9.61	1.55293e-09
9.615	1.01176e-09
9.62	6.19237e-10
9.625	1.51639e-09
9.63	1.02162e-09
9.635	5.64858e-10
9.64	4.22513e-10
9.645	1.14582e-09
9.65	1.03358e-09
9.655	5.79901e-10
9.66	1.49967e-09
9.665	1.00693e-09
9.67	6.05759e-10
9.675	1.46357e-09
9.68	1.00728e-09
9.685	4.89123e-10
9.69	1.47574e-09
9.695	1.07208e-09
9.7	5.69211e-10
9.705	1.4419e-09
9.71	1.08059e-09
9.715	5.83338e-10
9.72	4.14722e-10
9.725	1.19244e-09
9.73	1.07449e-09
9.735	5.46631e-10
9.74	4.60663e-10
9.745	1.26143e-09
9.75	1.0404e-09
9.755	5.63087e-10
9.76	1.49788e-09
9.765	9.63799e-10
9.77	4.64275e-10
9.775	1.30302e-09
9.78	1.01798e-09
9.785	5.32993e-10
9.79	1.48531e-09
9.795	1.06372e-09
9.8	5.36159e-10
9.805	1.46513e-09
9.81	1.10147e-09
9.815	4.72971e-10
9.82	4.46361e-10
9.825	1.47024e-09
9.83	1.15026e-09
9.835	5.61924e-10
9.84	4.08029e-10
9.845	1.15277e-09
9.85	9.93459e-10
9.855	5.01187e-10
9.86	1.42678e-09
9.865	9.69766e-10
9.87	5.09036e-10
9.875	1.3419e-09
9.88	9.89063e-10
9.885	4.36742e-10
9.89	1.44259e-09
9.895	1.10007e-09
9.9	4.96578e-10
9.905	1.41988e-09
9.91	1.15824e-09
9.915	5.32188e-10
9.92	4.32521e-10
9.925	1.431e-09
9.93	1.18279e-09
9.935	5.26701e-10
9.94	4.35916e-10
9.945	1.27666e-09
9.95	1.01168e-09
9.955	4.88899e-10
9.96	1.42212e-09
9.965	9.51635e-10
9.97	4.39796e-10
9.975	1.30578e-09
9.98	1.01311e-09
9.985	4.74159e-10
9.99	1.51918e-09
9.995	1.12326e-09
10	4.69889e-10
