0.005	-7.23783e-22
0.01	-7.83237e-22
0.015	-1.02105e-20
0.02	-1.55665e-20
0.025	2.05037e-20
0.03	3.83502e-20
0.035	3.34439e-20
0.04	3.98029e-20
0.045	5.27329e-20
0.05	8.52153e-20
0.055	1.9082e-19
0.06	2.89151e-19
0.065	4.2148e-19
0.07	4.6441e-19
0.075	5.3805e-19
0.08	3.95992e-19
0.085	4.62518e-19
0.09	5.22561e-19
0.095	4.53708e-19
0.1	7.41061e-19
0.105	7.99005e-19
0.11	6.89124e-19
0.115	9.34507e-19
0.12	1.02743e-18
0.125	8.09557e-19
0.13	7.45264e-19
0.135	8.22812e-19
0.14	8.26545e-19
0.145	9.06978e-19
0.15	9.46869e-19
0.155	7.10564e-19
0.16	5.51206e-19
0.165	5.56893e-19
0.17	6.7992e-19
0.175	7.73966e-19
0.18	7.91972e-19
0.185	8.55448e-19
0.19	1.03132e-18
0.195	8.11835e-19
0.2	1.18888e-18
0.205	1.24339e-18
0.21	1.24606e-18
0.215	1.34134e-18
0.22	1.43175e-18
0.225	1.53429e-18
0.23	1.65652e-18
0.235	1.79462e-18
0.24	1.55781e-18
0.245	1.61328e-18
0.25	1.58697e-18
0.255	1.63318e-18
0.26	1.67832e-18
0.265	1.92253e-18
0.27	1.79033e-18
0.275	1.85518e-18
0.28	1.77912e-18
0.285	1.69634e-18
0.29	1.48142e-18
0.295	1.81448e-18
0.3	2.04587e-18
0.305	1.77143e-18
0.31	1.61364e-18
0.315	1.6543e-18
0.32	1.54377e-18
0.325	1.28025e-18
0.33	1.28546e-18
0.335	1.27541e-18
0.34	1.25903e-18
0.345	1.14912e-18
0.35	9.73613e-19
0.355	1.07316e-18
0.36	1.13438e-18
0.365	1.11649e-18
0.37	1.2665e-18
0.375	1.14499e-18
0.38	8.07763e-19
0.385	9.51517e-19
0.39	1.17653e-18
0.395	1.3818e-18
0.4	1.64886e-18
0.405	1.47938e-18
0.41	1.36168e-18
0.415	1.75596e-18
0.42	1.78852e-18
0.425	1.68218e-18
0.43	1.84453e-18
0.435	1.70988e-18
0.44	1.80104e-18
0.445	1.73958e-18
0.45	1.73009e-18
0.455	1.53456e-18
0.46	1.15377e-18
0.465	1.13479e-18
0.47	7.40966e-19
0.475	7.43902e-19
0.48	8.28399e-19
0.485	1.00806e-18
0.49	9.85687e-19
0.495	1.2666e-18
0.5	1.21713e-18
0.505	1.30049e-18
0.51	1.15557e-18
0.515	1.12083e-18
0.52	1.2825e-18
0.525	1.89358e-18
0.53	1.8906e-18
0.535	1.81227e-18
0.54	1.24222e-18
0.545	7.06989e-19
0.55	8.0226e-19
0.555	1.03912e-18
0.56	7.13813e-19
0.565	8.26972e-19
0.57	4.27175e-19
0.575	8.40951e-19
0.58	9.17486e-19
0.585	1.29403e-18
0.59	1.17516e-18
0.595	1.66773e-18
0.6	1.74513e-18
0.605	2.36394e-18
0.61	2.53442e-18
0.615	2.43611e-18
0.62	2.1662e-18
0.625	1.96356e-18
0.63	2.03373e-18
0.635	2.10509e-18
0.64	2.66855e-18
0.645	2.65717e-18
0.65	2.71628e-18
0.655	2.36927e-18
0.66	2.50212e-18
0.665	2.61937e-18
0.67	2.53669e-18
0.675	2.45092e-18
0.68	2.68567e-18
0.685	2.48003e-18
0.69	2.62512e-18
0.695	3.0249e-18
0.7	2.87832e-18
0.705	2.93564e-18
0.71	2.91687e-18
0.715	3.12962e-18
0.72	2.92324e-18
0.725	2.82323e-18
0.73	2.78195e-18
0.735	2.51999e-18
0.74	2.24776e-18
0.745	2.59485e-18
0.75	2.73423e-18
0.755	2.83713e-18
0.76	2.95955e-18
0.765	2.99756e-18
0.77	3.30866e-18
0.775	3.79355e-18
0.78	3.59925e-18
0.785	3.68784e-18
0.79	3.89402e-18
0.795	4.21273e-18
0.8	4.02405e-18
0.805	3.81493e-18
0.81	3.72803e-18
0.815	3.74068e-18
0.82	3.68865e-18
0.825	3.38442e-18
0.83	3.37964e-18
0.835	3.62166e-18
0.84	3.34765e-18
0.845	3.84805e-18
0.85	3.84317e-18
0.855	4.24055e-18
0.86	4.27715e-18
0.865	4.70402e-18
0.87	4.12131e-18
0.875	3.99711e-18
0.88	3.45779e-18
0.885	3.98822e-18
0.89	3.65669e-18
0.895	3.17461e-18
0.9	3.1349e-18
0.905	3.00239e-18
0.91	2.76614e-18
0.915	2.61775e-18
0.92	2.83348e-18
0.925	2.37753e-18
0.93	2.11962e-18
0.935	1.72555e-18
0.94	1.37913e-18
0.945	1.42181e-18
0.95	1.34604e-18
0.955	1.20145e-18
0.96	1.01252e-18
0.965	1.09425e-18
0.97	1.16439e-18
0.975	1.60015e-18
0.98	1.74689e-18
0.985	2.11184e-18
0.99	2.08355e-18
0.995	1.40097e-18
1	1.18193e-18
1.005	1.29145e-18
1.01	9.95647e-19
1.015	6.68745e-19
1.02	7.20361e-19
1.025	8.90429e-19
1.03	9.80923e-19
1.035	1.0777e-18
1.04	8.33519e-19
1.045	6.90086e-19
1.05	1.15397e-18
1.055	7.46996e-19
1.06	9.58589e-19
1.065	1.01451e-18
1.07	7.84881e-19
1.075	6.71392e-19
1.08	1.36371e-19
1.085	-2.98919e-20
1.09	1.01134e-19
1.095	9.76594e-20
1.1	1.60029e-19
1.105	4.86076e-20
1.11	-1.71533e-20
1.115	-2.08646e-19
1.12	-4.22224e-19
1.125	-3.95009e-19
1.13	-3.83925e-19
1.135	-2.25768e-19
1.14	-3.29703e-19
1.145	-4.61473e-19
1.15	-4.78761e-19
1.155	1.91322e-21
1.16	-1.17863e-19
1.165	7.49354e-19
1.17	4.17902e-19
1.175	-2.59145e-19
1.18	-3.47984e-19
1.185	-4.67098e-19
1.19	-6.38573e-19
1.195	-7.69846e-19
1.2	-3.47157e-19
1.205	-1.63688e-19
1.21	-6.14488e-20
1.215	-3.09768e-19
1.22	-6.01432e-19
1.225	-1.02826e-18
1.23	-6.32203e-19
1.235	-4.39139e-19
1.24	-5.2467e-19
1.245	-4.45095e-19
1.25	-7.19223e-19
1.255	3.11954e-20
1.26	1.77441e-19
1.265	1.71816e-19
1.27	6.46866e-19
1.275	7.12958e-19
1.28	2.1119e-19
1.285	5.12449e-19
1.29	-6.39304e-20
1.295	-5.207e-19
1.3	-4.64286e-19
1.305	3.57601e-19
1.31	7.73521e-20
1.315	-1.59883e-19
1.32	-2.69567e-19
1.325	-6.89775e-19
1.33	-5.23677e-19
1.335	-7.35766e-19
1.34	-5.72646e-19
1.345	-5.93657e-19
1.35	-9.93337e-20
1.355	-2.27712e-19
1.36	2.51722e-19
1.365	4.45282e-19
1.37	4.57855e-19
1.375	-1.65839e-19
1.38	-4.57337e-19
1.385	-5.58254e-19
1.39	-5.52629e-19
1.395	-4.63293e-19
1.4	-5.36747e-19
1.405	-3.88185e-19
1.41	-4.37816e-19
1.415	-6.49574e-19
1.42	-5.9101e-19
1.425	-2.3466e-19
1.43	-5.73639e-19
1.435	-7.11447e-19
1.44	-7.56446e-19
1.445	-4.97373e-19
1.45	-2.16793e-19
1.455	-5.23498e-20
1.46	1.52956e-19
1.465	3.12933e-19
1.47	4.99876e-19
1.475	4.73406e-19
1.48	3.75468e-19
1.485	7.11469e-19
1.49	5.06824e-19
1.495	8.38524e-19
1.5	7.17755e-19
1.505	7.19244e-19
1.51	9.13466e-19
1.515	9.90973e-19
1.52	1.94894e-19
1.525	5.22044e-19
1.53	3.21701e-19
1.535	1.9597e-19
1.54	5.71689e-20
1.545	3.75964e-19
1.55	2.36502e-19
1.555	1.55934e-19
1.56	-2.06205e-19
1.565	5.91528e-19
1.57	7.66228e-19
1.575	5.37264e-19
1.58	4.17158e-19
1.585	2.07385e-19
1.59	3.59917e-19
1.595	5.6605e-19
1.6	8.03299e-20
1.605	5.05514e-20
1.61	-4.21769e-19
1.615	-6.80663e-20
1.62	-6.51063e-19
1.625	-1.06962e-18
1.63	-8.80689e-19
1.635	-1.18575e-18
1.64	-1.45938e-18
1.645	-1.42845e-18
1.65	-2.11087e-18
1.655	-2.08771e-18
1.66	-1.84808e-18
1.665	-1.2042e-18
1.67	-1.34176e-18
1.675	-1.2104e-18
1.68	-1.32348e-18
1.685	-1.37435e-18
1.69	-1.77818e-18
1.695	-2.36465e-18
1.7	-2.91406e-18
1.705	-3.23385e-18
1.71	-2.7215e-18
1.715	-3.4423e-18
1.72	-3.91843e-18
1.725	-4.22233e-18
1.73	-3.92769e-18
1.735	-4.26733e-18
1.74	-3.94225e-18
1.745	-3.68235e-18
1.75	-3.27389e-18
1.755	-2.81778e-18
1.76	-2.856e-18
1.765	-2.73258e-18
1.77	-2.52761e-18
1.775	-2.45184e-18
1.78	-2.58253e-18
1.785	-2.3266e-18
1.79	-2.47731e-18
1.795	-2.80488e-18
1.8	-2.91688e-18
1.805	-2.46515e-18
1.81	-2.25e-18
1.815	-2.12171e-18
1.82	-1.83327e-18
1.825	-1.56559e-18
1.83	-1.90209e-18
1.835	-1.82326e-18
1.84	-1.45483e-18
1.845	-1.37278e-18
1.85	-1.60067e-18
1.855	-1.08161e-18
1.86	-6.80594e-19
1.865	-7.33699e-19
1.87	-1.21925e-18
1.875	-1.12342e-18
1.88	-9.4165e-19
1.885	-4.76796e-19
1.89	-6.86341e-19
1.895	-1.23633e-18
1.9	-1.4889e-18
1.905	-1.44862e-18
1.91	-1.6151e-18
1.915	-1.33279e-18
1.92	-1.53387e-18
1.925	-1.92214e-18
1.93	-2.43104e-18
1.935	-2.89033e-18
1.94	-3.22253e-18
1.945	-3.37217e-18
1.95	-3.63786e-18
1.955	-3.97535e-18
1.96	-4.4628e-18
1.965	-4.52584e-18
1.97	-4.70848e-18
1.975	-3.89006e-18
1.98	-4.25998e-18
1.985	-4.41475e-18
1.99	-5.09039e-18
1.995	-5.18576e-18
2	-5.00841e-18
2.005	-4.77118e-18
2.01	-4.72039e-18
2.015	-4.12879e-18
2.02	-3.98287e-18
2.025	-3.9703e-18
2.03	-4.21366e-18
2.035	-4.07237e-18
2.04	-4.1278e-18
2.045	-4.47529e-18
2.05	-4.58217e-18
2.055	-4.31226e-18
2.06	-4.20489e-18
2.065	-4.14765e-18
2.07	-4.69673e-18
2.075	-4.78094e-18
2.08	-4.8503e-18
2.085	-4.55115e-18
2.09	-4.73933e-18
2.095	-4.72626e-18
2.1	-4.56488e-18
2.105	-4.94352e-18
2.11	-5.37717e-18
2.115	-6.06377e-18
2.12	-6.38017e-18
2.125	-6.29191e-18
2.13	-5.82368e-18
2.135	-6.33347e-18
2.14	-6.3008e-18
2.145	-6.63821e-18
2.15	-6.81539e-18
2.155	-6.28053e-18
2.16	-6.1146e-18
2.165	-6.433e-18
2.17	-6.06757e-18
2.175	-5.73511e-18
2.18	-5.6184e-18
2.185	-5.7426e-18
2.19	-6.2717e-18
2.195	-6.80304e-18
2.2	-7.0459e-18
2.205	-7.12093e-18
2.21	-6.46034e-18
2.215	-6.97311e-18
2.22	-7.23367e-18
2.225	-6.49988e-18
2.23	-7.01025e-18
2.235	-7.10347e-18
2.24	-6.73877e-18
2.245	-6.58905e-18
2.25	-6.72421e-18
2.255	-6.68252e-18
2.26	-6.18216e-18
2.265	-5.9814e-18
2.27	-5.81282e-18
2.275	-6.28134e-18
2.28	-6.05552e-18
2.285	-6.38077e-18
2.29	-7.07262e-18
2.295	-7.85596e-18
2.3	-7.75322e-18
2.305	-7.82023e-18
2.31	-7.8591e-18
2.315	-7.89798e-18
2.32	-7.80335e-18
2.325	-6.9186e-18
2.33	-7.37156e-18
2.335	-7.18346e-18
2.34	-7.56545e-18
2.345	-7.2187e-18
2.35	-7.93752e-18
2.355	-7.6619e-18
2.36	-7.86407e-18
2.365	-7.94745e-18
2.37	-8.6752e-18
2.375	-8.04141e-18
2.38	-7.88888e-18
2.385	-7.63494e-18
2.39	-7.98037e-18
2.395	-8.232e-18
2.4	-8.05134e-18
2.405	-7.75753e-18
2.41	-7.69135e-18
2.415	-7.55735e-18
2.42	-7.5676e-18
2.425	-7.77804e-18
2.43	-7.4743e-18
2.435	-6.80891e-18
2.44	-7.07725e-18
2.445	-7.08668e-18
2.45	-7.38265e-18
2.455	-8.21942e-18
2.46	-8.02735e-18
2.465	-7.70988e-18
2.47	-7.82899e-18
2.475	-7.75157e-18
2.48	-7.93372e-18
2.485	-8.50778e-18
2.49	-8.1147e-18
2.495	-8.63483e-18
2.5	-8.90598e-18
2.505	-8.28229e-18
2.51	-8.47668e-18
2.515	-7.94662e-18
2.52	-8.42308e-18
2.525	-8.14233e-18
2.53	-8.4732e-18
2.535	-8.78654e-18
2.54	-8.81069e-18
2.545	-8.99648e-18
2.55	-9.12767e-18
2.555	-9.22991e-18
2.56	-9.79628e-18
2.565	-9.38914e-18
2.57	-9.68792e-18
2.575	-9.5497e-18
2.58	-1.0166e-17
2.585	-1.06463e-17
2.59	-1.07203e-17
2.595	-1.00078e-17
2.6	-9.25216e-18
2.605	-9.4214e-18
2.61	-9.49188e-18
2.615	-9.55929e-18
2.62	-9.52256e-18
2.625	-9.07216e-18
2.63	-8.8561e-18
2.635	-8.63144e-18
2.64	-9.31039e-18
2.645	-8.75072e-18
2.65	-9.24538e-18
2.655	-9.36201e-18
2.66	-9.49634e-18
2.665	-9.44299e-18
2.67	-9.19144e-18
2.675	-9.03014e-18
2.68	-9.13809e-18
2.685	-8.98721e-18
2.69	-9.22246e-18
2.695	-8.82178e-18
2.7	-7.93487e-18
2.705	-8.019e-18
2.71	-7.56132e-18
2.715	-7.70599e-18
2.72	-7.05401e-18
2.725	-7.79698e-18
2.73	-8.25785e-18
2.735	-8.47333e-18
2.74	-8.0635e-18
2.745	-8.31385e-18
2.75	-8.81681e-18
2.755	-8.58173e-18
2.76	-8.18294e-18
2.765	-8.15337e-18
2.77	-7.96072e-18
2.775	-7.71124e-18
2.78	-7.93127e-18
2.785	-8.62172e-18
2.79	-8.60568e-18
2.795	-8.02177e-18
2.8	-7.81985e-18
2.805	-8.09473e-18
2.81	-8.50815e-18
2.815	-8.08985e-18
2.82	-8.51766e-18
2.825	-8.83365e-18
2.83	-8.63645e-18
2.835	-9.21622e-18
2.84	-8.47912e-18
2.845	-8.11251e-18
2.85	-8.35669e-18
2.855	-7.88992e-18
2.86	-7.01617e-18
2.865	-6.41059e-18
2.87	-7.01617e-18
2.875	-6.87472e-18
2.88	-6.28014e-18
2.885	-6.35657e-18
2.89	-6.07971e-18
2.895	-6.34673e-18
2.9	-6.08517e-18
2.905	-5.3733e-18
2.91	-5.77316e-18
2.915	-5.54999e-18
2.92	-5.15914e-18
2.925	-5.23351e-18
2.93	-5.26585e-18
2.935	-5.24393e-18
2.94	-5.18595e-18
2.945	-5.49639e-18
2.95	-4.62255e-18
2.955	-4.49732e-18
2.96	-4.49781e-18
2.965	-4.74895e-18
2.97	-5.2082e-18
2.975	-5.55479e-18
2.98	-5.27875e-18
2.985	-4.85532e-18
2.99	-4.88229e-18
2.995	-5.16212e-18
3	-5.29125e-18
3.005	-5.24286e-18
3.01	-5.71005e-18
3.015	-5.94447e-18
3.02	-6.27005e-18
3.025	-6.16549e-18
3.03	-6.0329e-18
3.035	-6.02272e-18
3.04	-6.456e-18
3.045	-6.2121e-18
3.05	-5.90394e-18
3.055	-5.56885e-18
3.06	-5.6239e-18
3.065	-5.33021e-18
3.07	-4.95553e-18
3.075	-5.10877e-18
3.08	-5.15633e-18
3.085	-4.7209e-18
3.09	-4.2789e-18
3.095	-3.9781e-18
3.1	-3.28558e-18
3.105	-3.16055e-18
3.11	-2.63732e-18
3.115	-2.30268e-18
3.12	-2.00126e-18
3.125	-2.10916e-18
3.13	-2.03583e-18
3.135	-1.85576e-18
3.14	-1.5899e-18
3.145	-1.54441e-18
3.15	-1.34762e-18
3.155	-1.35345e-18
3.16	-1.32516e-18
3.165	-1.63337e-18
3.17	-1.18934e-18
3.175	-1.49846e-18
3.18	-1.74715e-18
3.185	-2.12343e-18
3.19	-2.2947e-18
3.195	-2.03021e-18
3.2	-2.29975e-18
3.205	-2.29553e-18
3.21	-2.75048e-18
3.215	-2.25429e-18
3.22	-2.31931e-18
3.225	-1.47124e-18
3.23	-1.39109e-18
3.235	-1.29791e-18
3.24	-4.89255e-19
3.245	-5.28091e-19
3.25	-3.60587e-19
3.255	-5.73007e-19
3.26	-6.56015e-19
3.265	-9.91519e-19
3.27	-1.02998e-18
3.275	-1.42566e-18
3.28	-1.02713e-18
3.285	-8.41138e-19
3.29	-1.12771e-18
3.295	-8.23974e-19
3.3	-4.59104e-19
3.305	-5.75908e-20
3.31	1.34067e-19
3.315	-1.2542e-19
3.32	-5.68623e-19
3.325	-1.00562e-18
3.33	-1.00612e-18
3.335	-1.37e-18
3.34	-2.18038e-18
3.345	-2.41985e-18
3.35	-2.42374e-18
3.355	-2.90715e-18
3.36	-3.11427e-18
3.365	-3.28492e-18
3.37	-3.22933e-18
3.375	-3.13181e-18
3.38	-3.14422e-18
3.385	-3.16845e-18
3.39	-2.75147e-18
3.395	-2.66147e-18
3.4	-3.39072e-18
3.405	-3.48063e-18
3.41	-3.30734e-18
3.415	-3.67096e-18
3.42	-3.28695e-18
3.425	-2.24151e-18
3.43	-1.3341e-18
3.435	-1.04686e-18
3.44	-4.67252e-19
3.445	-2.28197e-19
3.45	1.94327e-19
3.455	-4.68741e-19
3.46	-7.56848e-19
3.465	-4.182e-19
3.47	-3.60959e-19
3.475	2.03922e-19
3.48	-3.05042e-19
3.485	-1.84274e-19
3.49	-3.69148e-19
3.495	-1.43117e-18
3.5	-1.4932e-18
3.505	-1.54399e-18
3.51	-2.46274e-18
3.515	-2.76805e-18
3.52	-3.62526e-18
3.525	-3.85737e-18
3.53	-4.01875e-18
3.535	-3.8266e-18
3.54	-4.32613e-18
3.545	-4.42663e-18
3.55	-4.02239e-18
3.555	-3.63759e-18
3.56	-3.33699e-18
3.565	-3.09372e-18
3.57	-2.36398e-18
3.575	-1.9178e-18
3.58	-1.77064e-18
3.585	-1.23827e-18
3.59	-1.44432e-18
3.595	-1.41346e-18
3.6	-1.25473e-18
3.605	-1.51049e-18
3.61	-2.04882e-18
3.615	-2.52428e-18
3.62	-2.70188e-18
3.625	-2.79651e-18
3.63	-2.50509e-18
3.635	-2.80379e-18
3.64	-2.68244e-18
3.645	-3.33988e-18
3.65	-2.99586e-18
3.655	-2.74647e-18
3.66	-1.9034e-18
3.665	-2.04229e-18
3.67	-2.13965e-18
3.675	-2.49815e-18
3.68	-2.53959e-18
3.685	-2.98172e-18
3.69	-3.37223e-18
3.695	-3.07055e-18
3.7	-2.82753e-18
3.705	-2.43222e-18
3.71	-1.87329e-18
3.715	-2.33139e-18
3.72	-3.01596e-18
3.725	-2.75747e-18
3.73	-2.78311e-18
3.735	-2.48615e-18
3.74	-2.25148e-18
3.745	-1.62382e-18
3.75	-1.17681e-18
3.755	-1.38592e-18
3.76	-1.71274e-18
3.765	-1.10964e-18
3.77	-1.09351e-18
3.775	-1.62481e-18
3.78	-1.61985e-18
3.785	-1.04074e-18
3.79	-5.62212e-19
3.795	-5.11589e-19
3.8	-2.01479e-19
3.805	-2.82212e-19
3.81	2.88082e-20
3.815	3.84082e-19
3.82	1.11771e-18
3.825	9.39865e-19
3.83	2.44371e-19
3.835	3.51905e-19
3.84	8.26376e-19
3.845	2.44123e-19
3.85	8.36916e-20
3.855	-1.05794e-18
3.86	-7.84517e-19
3.865	-9.17859e-19
3.87	-7.03495e-19
3.875	-4.94508e-19
3.88	-3.09556e-20
3.885	-2.30472e-19
3.89	1.588e-19
3.895	-1.77325e-19
3.9	3.18714e-19
3.905	7.0296e-19
3.91	4.20747e-19
3.915	-7.49548e-19
3.92	-7.97545e-19
3.925	-7.01427e-19
3.93	-9.06857e-19
3.935	-1.02746e-18
3.94	-7.2616e-19
3.945	-9.84943e-19
3.95	-6.60606e-19
3.955	-9.74521e-19
3.96	-8.95525e-19
3.965	-7.05025e-19
3.97	-1.06183e-18
3.975	-1.00393e-18
3.98	-1.16932e-18
3.985	-9.94704e-19
3.99	-1.07494e-18
3.995	-6.89433e-19
4	-2.56528e-19
4.005	-4.93101e-19
4.01	-6.42035e-19
4.015	8.51805e-20
4.02	5.18003e-19
4.025	9.74276e-19
4.03	1.18678e-18
4.035	1.44006e-18
4.04	1.37103e-18
4.045	1.15241e-18
4.05	1.50164e-18
4.055	1.1649e-18
4.06	1.14571e-18
4.065	1.01679e-18
4.07	6.68881e-19
4.075	7.99741e-19
4.08	3.99426e-19
4.085	1.14815e-18
4.09	6.31244e-19
4.095	1.50421e-18
4.1	1.57518e-18
4.105	1.36396e-18
4.11	1.52323e-18
4.115	1.49288e-18
4.12	2.25909e-18
4.125	1.55603e-18
4.13	1.44395e-18
4.135	1.51306e-18
4.14	1.58213e-18
4.145	1.43737e-18
4.15	1.89505e-18
4.155	1.73673e-18
4.16	1.45702e-18
4.165	1.21039e-18
4.17	4.49595e-19
4.175	9.6894e-19
4.18	7.59002e-19
4.185	1.40064e-19
4.19	-4.78833e-19
4.195	-5.43711e-21
4.2	8.88201e-20
4.205	4.57701e-19
4.21	1.05364e-19
4.215	-4.09804e-19
4.22	-2.67653e-19
4.225	1.59455e-20
4.23	-1.11973e-18
4.235	-1.29543e-18
4.24	-1.52778e-18
4.245	-4.95872e-19
4.25	-4.6506e-19
4.255	-2.77662e-19
4.26	-3.16953e-19
4.265	-5.57622e-19
4.27	-3.40693e-19
4.275	4.40041e-19
4.28	1.17317e-18
4.285	1.32078e-18
4.29	1.2908e-18
4.295	1.47455e-18
4.3	2.18787e-18
4.305	1.9848e-18
4.31	2.89371e-18
4.315	3.46148e-18
4.32	3.95424e-18
4.325	4.81194e-18
4.33	4.86868e-18
4.335	5.27913e-18
4.34	4.97026e-18
4.345	4.89077e-18
4.35	4.98482e-18
4.355	4.82476e-18
4.36	4.56751e-18
4.365	4.5302e-18
4.37	3.96656e-18
4.375	4.45484e-18
4.38	4.25359e-18
4.385	3.95589e-18
4.39	3.68358e-18
4.395	3.84141e-18
4.4	4.23399e-18
4.405	3.85721e-18
4.41	3.84364e-18
4.415	3.71295e-18
4.42	3.66911e-18
4.425	3.31995e-18
4.43	2.86418e-18
4.435	2.82058e-18
4.44	2.72025e-18
4.445	2.69138e-18
4.45	2.70933e-18
4.455	2.3988e-18
4.46	3.13698e-18
4.465	2.80859e-18
4.47	3.26246e-18
4.475	2.67541e-18
4.48	2.88221e-18
4.485	2.51023e-18
4.49	2.43446e-18
4.495	2.37358e-18
4.5	1.96942e-18
4.505	1.52505e-18
4.51	1.95957e-18
4.515	1.50305e-18
4.52	1.99241e-18
4.525	2.14428e-18
4.53	1.68892e-18
4.535	1.39684e-18
4.54	1.71812e-18
4.545	1.30635e-18
4.55	1.51248e-18
4.555	2.27671e-18
4.56	2.09118e-18
4.565	1.64028e-18
4.57	7.88532e-19
4.575	1.10906e-18
4.58	1.1687e-18
4.585	1.95238e-18
4.59	2.1107e-18
4.595	1.33199e-18
4.6	1.15836e-18
4.605	5.69826e-19
4.61	1.13669e-18
4.615	8.892e-19
4.62	7.46842e-19
4.625	5.08449e-19
4.63	-8.23236e-20
4.635	-3.79447e-19
4.64	-1.91677e-19
4.645	-5.92452e-20
4.65	-7.0213e-19
4.655	-1.12523e-18
4.66	-1.20927e-18
4.665	-1.25717e-18
4.67	-1.71584e-18
4.675	-2.10892e-18
4.68	-2.34872e-18
4.685	-1.71791e-18
4.69	-1.47265e-18
4.695	-2.10031e-18
4.7	-2.03943e-18
4.705	-1.72825e-18
4.71	-1.30175e-18
4.715	-1.18305e-18
4.72	-8.6037e-19
4.725	-1.67878e-18
4.73	-1.7969e-18
4.735	-2.09246e-18
4.74	-2.50241e-18
4.745	-3.2017e-18
4.75	-3.87271e-18
4.755	-4.69551e-18
4.76	-5.04764e-18
4.765	-5.18884e-18
4.77	-4.99768e-18
4.775	-5.29307e-18
4.78	-5.42732e-18
4.785	-6.27303e-18
4.79	-6.02429e-18
4.795	-6.52416e-18
4.8	-6.52209e-18
4.805	-6.38527e-18
4.81	-6.21322e-18
4.815	-5.4451e-18
4.82	-5.33939e-18
4.825	-5.62898e-18
4.83	-5.80236e-18
4.835	-5.51161e-18
4.84	-5.90435e-18
4.845	-5.40184e-18
4.85	-5.02688e-18
4.855	-5.34799e-18
4.86	-5.3331e-18
4.865	-5.79467e-18
4.87	-5.38141e-18
4.875	-5.19356e-18
4.88	-4.72124e-18
4.885	-4.92216e-18
4.89	-4.88146e-18
4.895	-4.51692e-18
4.9	-3.92888e-18
4.905	-3.98116e-18
4.91	-3.06555e-18
4.915	-2.94131e-18
4.92	-2.03811e-18
4.925	-1.84323e-18
4.93	-2.05573e-18
4.935	-2.02214e-18
4.94	-1.51574e-18
4.945	-1.7476e-18
4.95	-1.02887e-18
4.955	-3.56706e-20
4.96	-6.59447e-19
4.965	-9.23401e-19
4.97	-8.95359e-19
4.975	-8.0652e-19
4.98	-1.26304e-18
4.985	-1.52253e-18
4.99	-1.63875e-18
4.995	-1.68805e-18
5	-1.71452e-18
5.005	-1.57042e-18
5.01	-1.6696e-18
5.015	-2.30024e-18
5.02	-2.19883e-18
5.025	-2.4723e-18
5.03	-2.34921e-18
5.035	-1.99497e-18
5.04	-2.11355e-18
5.045	-1.50429e-18
5.05	-1.62034e-18
5.055	-2.10226e-18
5.06	-2.44852e-18
5.065	-2.36509e-18
5.07	-2.19333e-18
5.075	-1.99133e-18
5.08	-1.81001e-18
5.085	-2.20334e-18
5.09	-2.16632e-18
5.095	-1.89674e-18
5.1	-2.34015e-18
5.105	-2.42928e-18
5.11	-2.15594e-18
5.115	-1.93049e-18
5.12	-1.2465e-18
5.125	-1.24228e-18
5.13	-5.17255e-19
5.135	-1.02444e-18
5.14	-1.48274e-18
5.145	-1.19137e-18
5.15	-1.30577e-18
5.155	-1.33257e-18
5.16	-1.37045e-18
5.165	-1.13127e-18
5.17	-4.67831e-19
5.175	-1.30465e-18
5.18	-1.52369e-18
5.185	-1.81171e-18
5.19	-1.99419e-18
5.195	-2.35116e-18
5.2	-1.60169e-18
5.205	-1.50871e-18
5.21	-2.60605e-18
5.215	-2.60394e-18
5.22	-2.64137e-18
5.225	-2.07326e-18
5.23	-1.47786e-18
5.235	-1.61046e-18
5.24	-2.13675e-18
5.245	-2.7793e-18
5.25	-3.11667e-18
5.255	-3.28554e-18
5.26	-2.786e-18
5.265	-3.02316e-18
5.27	-3.55648e-18
5.275	-3.19579e-18
5.28	-3.70935e-18
5.285	-3.73457e-18
5.29	-3.46524e-18
5.295	-3.29137e-18
5.3	-2.87484e-18
5.305	-2.70507e-18
5.31	-2.27034e-18
5.315	-2.53926e-18
5.32	-1.74049e-18
5.325	-2.19635e-18
5.33	-2.05651e-18
5.335	-2.4869e-18
5.34	-2.25322e-18
5.345	-1.58221e-18
5.35	-1.89542e-18
5.355	-1.90903e-18
5.36	-2.22758e-18
5.365	-2.08869e-18
5.37	-2.76847e-18
5.375	-3.25866e-18
5.38	-2.75618e-18
5.385	-2.34797e-18
5.39	-2.40554e-18
5.395	-1.61906e-18
5.4	-1.0292e-18
5.405	-1.31644e-18
5.41	-1.12685e-18
5.415	-1.43708e-18
5.42	-1.95469e-18
5.425	-1.53361e-18
5.43	-1.09454e-18
5.435	-1.46483e-18
5.44	-1.57824e-18
5.445	-1.47261e-18
5.45	-1.82466e-18
5.455	-2.48934e-18
5.46	-2.36882e-18
5.465	-2.7056e-18
5.47	-2.11582e-18
5.475	-2.12509e-18
5.48	-2.29553e-18
5.485	-2.03939e-18
5.49	-2.08729e-18
5.495	-1.78222e-18
5.5	-1.42943e-18
5.505	-1.15352e-18
5.51	-2.03803e-18
5.515	-2.45393e-18
5.52	-2.42378e-18
5.525	-1.91416e-18
5.53	-2.0927e-18
5.535	-2.33722e-18
5.54	-2.68604e-18
5.545	-2.86699e-18
5.55	-2.80151e-18
5.555	-2.93333e-18
5.56	-2.33217e-18
5.565	-2.79192e-18
5.57	-2.86405e-18
5.575	-3.97876e-18
5.58	-4.14606e-18
5.585	-4.50981e-18
5.59	-4.93246e-18
5.595	-5.36751e-18
5.6	-5.34327e-18
5.605	-5.74781e-18
5.61	-6.59583e-18
5.615	-5.78859e-18
5.62	-5.96895e-18
5.625	-5.8177e-18
5.63	-5.53361e-18
5.635	-6.28556e-18
5.64	-6.1683e-18
5.645	-5.86361e-18
5.65	-5.72357e-18
5.655	-5.79975e-18
5.66	-5.2479e-18
5.665	-5.50474e-18
5.67	-4.58603e-18
5.675	-5.07382e-18
5.68	-5.25688e-18
5.685	-4.56845e-18
5.69	-4.3349e-18
5.695	-4.23841e-18
5.7	-4.31009e-18
5.705	-3.52848e-18
5.71	-3.74558e-18
5.715	-3.45548e-18
5.72	-2.89205e-18
5.725	-2.75482e-18
5.73	-2.54935e-18
5.735	-2.9904e-18
5.74	-3.6763e-18
5.745	-2.96033e-18
5.75	-3.21275e-18
5.755	-3.10559e-18
5.76	-3.0548e-18
5.765	-3.54544e-18
5.77	-3.75782e-18
5.775	-3.90398e-18
5.78	-4.43048e-18
5.785	-4.51593e-18
5.79	-4.48255e-18
5.795	-3.97772e-18
5.8	-3.92379e-18
5.805	-3.08913e-18
5.81	-2.13009e-18
5.815	-2.57255e-18
5.82	-2.34202e-18
5.825	-2.19813e-18
5.83	-2.34479e-18
5.835	-2.45592e-18
5.84	-2.20417e-18
5.845	-2.13042e-18
5.85	-2.38875e-18
5.855	-2.55042e-18
5.86	-1.63469e-18
5.865	-9.59962e-19
5.87	-1.045e-18
5.875	-1.36553e-18
5.88	-6.88109e-19
5.885	-1.16651e-18
5.89	-8.55241e-19
5.895	-1.21171e-18
5.9	-1.68193e-18
5.905	-1.78086e-18
5.91	-2.30107e-18
5.915	-2.02454e-18
5.92	-9.12772e-19
5.925	-6.88812e-19
5.93	-6.97622e-19
5.935	-5.14608e-19
5.94	-4.37804e-19
5.945	-5.9104e-19
5.95	-4.88593e-19
5.955	-3.06779e-19
5.96	-3.23447e-19
5.965	-2.81964e-19
5.97	-2.74726e-19
5.975	-2.81798e-19
5.98	-6.75288e-19
5.985	-5.65645e-19
5.99	-1.03557e-18
5.995	-8.93995e-19
6	-1.00678e-18
6.005	-7.04653e-19
6.01	-7.37368e-19
6.015	-7.84269e-19
6.02	-5.661e-19
6.025	-7.44895e-19
6.03	-7.70372e-19
6.035	-9.87838e-19
6.04	-7.3501e-19
6.045	-8.97386e-19
6.05	-1.86056e-18
6.055	-1.43716e-18
6.06	-1.64677e-18
6.065	-1.73027e-18
6.07	-2.26802e-18
6.075	-2.00965e-18
6.08	-1.99237e-18
6.085	-1.88975e-18
6.09	-1.7919e-18
6.095	-2.17927e-18
6.1	-2.39276e-18
6.105	-2.37308e-18
6.11	-1.60574e-18
6.115	-2.10073e-18
6.12	-2.41448e-18
6.125	-2.01516e-18
6.13	-1.72246e-18
6.135	-1.50735e-18
6.14	-1.02663e-18
6.145	-7.82615e-19
6.15	-1.11026e-18
6.155	-1.09624e-18
6.16	-1.03486e-18
6.165	-1.72084e-18
6.17	-9.72866e-19
6.175	-1.08243e-18
6.18	-1.48948e-18
6.185	-1.61674e-18
6.19	-1.96346e-18
6.195	-1.3585e-18
6.2	-6.84097e-19
6.205	-1.42575e-18
6.21	-1.63738e-18
6.215	-2.93448e-18
6.22	-2.90743e-18
6.225	-2.45211e-18
6.23	-2.34582e-18
6.235	-2.49169e-18
6.24	-2.19536e-18
6.245	-2.01027e-18
6.25	-1.70881e-18
6.255	-1.84641e-18
6.26	-1.57208e-18
6.265	-1.62092e-18
6.27	-1.70591e-18
6.275	-1.64441e-18
6.28	-1.85749e-18
6.285	-1.37955e-18
6.29	-1.58883e-18
6.295	-1.95245e-18
6.3	-1.9336e-18
6.305	-1.65558e-18
6.31	-1.80464e-18
6.315	-1.7335e-18
6.32	-1.87396e-18
6.325	-1.71042e-18
6.33	-1.11808e-18
6.335	-3.43589e-19
6.34	1.11774e-19
6.345	8.49458e-22
6.35	-7.74018e-20
6.355	-4.85615e-19
6.36	-7.15158e-19
6.365	-4.81645e-19
6.37	-1.03776e-18
6.375	-1.37971e-18
6.38	-1.81109e-18
6.385	-1.35118e-18
6.39	-2.03795e-19
6.395	-4.11666e-19
6.4	1.88868e-19
6.405	-5.68664e-19
6.41	-9.02928e-19
6.415	-5.81982e-19
6.42	-1.06233e-18
6.425	-9.44618e-19
6.43	-9.65794e-19
6.435	-8.02012e-19
6.44	-4.17538e-19
6.445	-3.75931e-19
6.45	-1.41297e-18
6.455	-2.17108e-18
6.46	-1.72151e-18
6.465	-1.62663e-18
6.47	-1.86213e-18
6.475	-1.87114e-18
6.48	-1.55665e-18
6.485	-1.49105e-18
6.49	-1.36896e-18
6.495	-1.48427e-18
6.5	-1.49908e-18
6.505	-1.76816e-18
6.51	-1.76278e-18
6.515	-2.22799e-18
6.52	-3.08735e-18
6.525	-3.26577e-18
6.53	-3.0311e-18
6.535	-3.06096e-18
6.54	-2.29565e-18
6.545	-2.37142e-18
6.55	-2.57565e-18
6.555	-3.0172e-18
6.56	-2.59352e-18
6.565	-2.24238e-18
6.57	-2.50311e-18
6.575	-2.76797e-18
6.58	-3.14831e-18
6.585	-2.4165e-18
6.59	-2.65126e-18
6.595	-2.7707e-18
6.6	-2.27704e-18
6.605	-2.46134e-18
6.61	-2.20226e-18
6.615	-2.24098e-18
6.62	-1.95527e-18
6.625	-2.24677e-18
6.63	-3.12391e-18
6.635	-2.90743e-18
6.64	-1.72465e-18
6.645	-1.97744e-18
6.65	-2.32725e-18
6.655	-2.31352e-18
6.66	-2.71429e-18
6.665	-2.60609e-18
6.67	-3.11009e-18
6.675	-2.68062e-18
6.68	-2.76913e-18
6.685	-2.49715e-18
6.69	-1.99348e-18
6.695	-2.1413e-18
6.7	-1.52662e-18
6.705	-2.12352e-18
6.71	-1.72804e-18
6.715	-2.18191e-18
6.72	-2.21823e-18
6.725	-2.43272e-18
6.73	-2.58955e-18
6.735	-1.74516e-18
6.74	-2.42949e-18
6.745	-2.52619e-18
6.75	-1.80687e-18
6.755	-1.40288e-18
6.76	-1.67469e-18
6.765	-1.55814e-18
6.77	-1.66989e-18
6.775	-1.96999e-18
6.78	-1.07176e-18
6.785	-1.52753e-18
6.79	-2.19209e-18
6.795	-2.61345e-18
6.8	-3.07899e-18
6.805	-3.50582e-18
6.81	-3.49812e-18
6.815	-3.37794e-18
6.82	-3.30266e-18
6.825	-3.40945e-18
6.83	-4.05507e-18
6.835	-4.10842e-18
6.84	-3.64553e-18
6.845	-3.6016e-18
6.85	-3.46859e-18
6.855	-3.59871e-18
6.86	-3.66819e-18
6.865	-3.46355e-18
6.87	-3.93355e-18
6.875	-4.09154e-18
6.88	-4.90185e-18
6.885	-4.8097e-18
6.89	-4.53591e-18
6.895	-3.90154e-18
6.9	-3.72237e-18
6.905	-3.78838e-18
6.91	-3.97657e-18
6.915	-3.66654e-18
6.92	-3.67357e-18
6.925	-4.27419e-18
6.93	-4.42622e-18
6.935	-4.02388e-18
6.94	-3.63072e-18
6.945	-3.73379e-18
6.95	-3.96474e-18
6.955	-4.28783e-18
6.96	-4.05639e-18
6.965	-3.53692e-18
6.97	-3.60243e-18
6.975	-3.7261e-18
6.98	-4.25657e-18
6.985	-3.8151e-18
6.99	-3.44047e-18
6.995	-3.04442e-18
7	-3.41888e-18
7.005	-3.29811e-18
7.01	-3.86523e-18
7.015	-3.89997e-18
7.02	-3.72303e-18
7.025	-3.26618e-18
7.03	-2.98205e-18
7.035	-3.58663e-18
7.04	-3.79202e-18
7.045	-3.66604e-18
7.05	-3.92454e-18
7.055	-4.39553e-18
7.06	-4.5766e-18
7.065	-4.68488e-18
7.07	-5.30212e-18
7.075	-4.93576e-18
7.08	-4.489e-18
7.085	-5.00558e-18
7.09	-5.37475e-18
7.095	-5.3161e-18
7.1	-5.68478e-18
7.105	-5.41346e-18
7.11	-5.02369e-18
7.115	-4.74493e-18
7.12	-4.89755e-18
7.125	-4.31017e-18
7.13	-5.03188e-18
7.135	-5.0543e-18
7.14	-5.07548e-18
7.145	-5.36995e-18
7.15	-4.64906e-18
7.155	-5.19136e-18
7.16	-5.37525e-18
7.165	-4.84337e-18
7.17	-5.54449e-18
7.175	-5.37144e-18
7.18	-5.22404e-18
7.185	-5.3975e-18
7.19	-5.78925e-18
7.195	-5.3319e-18
7.2	-4.91252e-18
7.205	-4.21132e-18
7.21	-4.18502e-18
7.215	-3.91138e-18
7.22	-3.82379e-18
7.225	-3.76067e-18
7.23	-4.37378e-18
7.235	-4.53557e-18
7.24	-4.35384e-18
7.245	-4.74212e-18
7.25	-5.39005e-18
7.255	-5.19575e-18
7.26	-5.09136e-18
7.265	-5.308e-18
7.27	-5.65864e-18
7.275	-5.23231e-18
7.28	-5.84765e-18
7.285	-5.53994e-18
7.29	-6.294e-18
7.295	-6.41873e-18
7.3	-6.53652e-18
7.305	-5.88189e-18
7.31	-6.21947e-18
7.315	-6.42428e-18
7.32	-6.34776e-18
7.325	-5.99547e-18
7.33	-6.31716e-18
7.335	-6.32452e-18
7.34	-6.20218e-18
7.345	-6.28175e-18
7.35	-6.4237e-18
7.355	-6.94325e-18
7.36	-7.29215e-18
7.365	-7.29703e-18
7.37	-6.83034e-18
7.375	-6.66283e-18
7.38	-6.32485e-18
7.385	-7.05972e-18
7.39	-7.65363e-18
7.395	-7.99865e-18
7.4	-8.10858e-18
7.405	-7.94033e-18
7.41	-7.78342e-18
7.415	-7.97731e-18
7.42	-7.83412e-18
7.425	-7.90667e-18
7.43	-8.18534e-18
7.435	-8.00039e-18
7.44	-8.7537e-18
7.445	-8.52614e-18
7.45	-8.49777e-18
7.455	-8.45509e-18
7.46	-8.4641e-18
7.465	-9.13801e-18
7.47	-9.67179e-18
7.475	-9.05438e-18
7.48	-9.19277e-18
7.485	-9.66244e-18
7.49	-8.95611e-18
7.495	-8.85792e-18
7.5	-9.54589e-18
7.505	-9.77444e-18
7.51	-9.40775e-18
7.515	-8.9648e-18
7.52	-8.89192e-18
7.525	-8.8949e-18
7.53	-8.57619e-18
7.535	-8.84965e-18
7.54	-8.56047e-18
7.545	-8.28105e-18
7.55	-7.54767e-18
7.555	-7.55942e-18
7.56	-8.15945e-18
7.565	-7.70632e-18
7.57	-7.60243e-18
7.575	-7.62691e-18
7.58	-7.03085e-18
7.585	-7.06559e-18
7.59	-7.35221e-18
7.595	-7.79797e-18
7.6	-7.73941e-18
7.605	-7.4834e-18
7.61	-7.29505e-18
7.615	-7.02638e-18
7.62	-6.42651e-18
7.625	-6.84217e-18
7.63	-6.72297e-18
7.635	-6.90876e-18
7.64	-6.73927e-18
7.645	-6.76896e-18
7.65	-7.4384e-18
7.655	-7.34154e-18
7.66	-7.33575e-18
7.665	-7.00082e-18
7.67	-7.24376e-18
7.675	-7.19653e-18
7.68	-6.83431e-18
7.685	-6.58616e-18
7.69	-6.06338e-18
7.695	-6.20896e-18
7.7	-6.63909e-18
7.705	-6.52544e-18
7.71	-6.3873e-18
7.715	-6.58698e-18
7.72	-7.19984e-18
7.725	-7.38232e-18
7.73	-7.83131e-18
7.735	-8.10023e-18
7.74	-7.76299e-18
7.745	-7.78739e-18
7.75	-7.75248e-18
7.755	-7.89972e-18
7.76	-8.32638e-18
7.765	-8.34209e-18
7.77	-7.80186e-18
7.775	-7.72833e-18
7.78	-7.9879e-18
7.785	-8.31835e-18
7.79	-8.21322e-18
7.795	-7.49721e-18
7.8	-7.3312e-18
7.805	-7.32359e-18
7.81	-7.77804e-18
7.815	-7.11894e-18
7.82	-7.06443e-18
7.825	-7.18578e-18
7.83	-7.73271e-18
7.835	-7.86225e-18
7.84	-7.48538e-18
7.845	-7.04723e-18
7.85	-7.2053e-18
7.855	-7.14822e-18
7.86	-6.64985e-18
7.865	-6.18836e-18
7.87	-5.87205e-18
7.875	-6.00531e-18
7.88	-5.66145e-18
7.885	-5.45681e-18
7.89	-5.76419e-18
7.895	-5.93318e-18
7.9	-5.7517e-18
7.905	-4.98655e-18
7.91	-5.14198e-18
7.915	-4.9332e-18
7.92	-4.82773e-18
7.925	-4.81814e-18
7.93	-5.04388e-18
7.935	-4.52275e-18
7.94	-4.72136e-18
7.945	-4.9605e-18
7.95	-4.55683e-18
7.955	-3.96441e-18
7.96	-4.61647e-18
7.965	-4.76297e-18
7.97	-6.08712e-18
7.975	-5.1869e-18
7.98	-5.49122e-18
7.985	-5.70124e-18
7.99	-5.32694e-18
7.995	-5.27433e-18
8	-5.94286e-18
8.005	-6.11268e-18
8.01	-6.26339e-18
8.015	-5.64143e-18
8.02	-6.31509e-18
8.025	-6.16198e-18
8.03	-5.92648e-18
8.035	-5.72622e-18
8.04	-5.53266e-18
8.045	-5.75029e-18
8.05	-5.75939e-18
8.055	-5.70959e-18
8.06	-6.42907e-18
8.065	-5.85898e-18
8.07	-5.56666e-18
8.075	-4.93163e-18
8.08	-4.927e-18
8.085	-4.48495e-18
8.09	-4.23746e-18
8.095	-4.51936e-18
8.1	-4.08426e-18
8.105	-4.39388e-18
8.11	-4.29147e-18
8.115	-4.72674e-18
8.12	-4.76768e-18
8.125	-4.66197e-18
8.13	-4.16715e-18
8.135	-4.11404e-18
8.14	-3.67473e-18
8.145	-3.80757e-18
8.15	-3.39208e-18
8.155	-2.42486e-18
8.16	-1.85609e-18
8.165	-2.13493e-18
8.17	-2.06065e-18
8.175	-2.2538e-18
8.18	-2.29813e-18
8.185	-2.92001e-18
8.19	-3.07907e-18
8.195	-2.96873e-18
8.2	-2.76193e-18
8.205	-2.8066e-18
8.21	-3.2527e-18
8.215	-2.7329e-18
8.22	-2.46001e-18
8.225	-2.51047e-18
8.23	-2.59261e-18
8.235	-2.15189e-18
8.24	-1.76154e-18
8.245	-2.70031e-18
8.25	-3.21283e-18
8.255	-3.48266e-18
8.26	-3.79062e-18
8.265	-3.35626e-18
8.27	-3.24327e-18
8.275	-3.54139e-18
8.28	-3.81427e-18
8.285	-4.02901e-18
8.29	-4.45972e-18
8.295	-4.82889e-18
8.3	-4.85578e-18
8.305	-4.90838e-18
8.31	-3.79591e-18
8.315	-4.12819e-18
8.32	-4.27361e-18
8.325	-4.32886e-18
8.33	-3.94712e-18
8.335	-3.85621e-18
8.34	-4.25433e-18
8.345	-3.39092e-18
8.35	-4.05995e-18
8.355	-4.4603e-18
8.36	-4.47974e-18
8.365	-3.7864e-18
8.37	-3.73619e-18
8.375	-3.74272e-18
8.38	-3.75687e-18
8.385	-3.61219e-18
8.39	-4.04613e-18
8.395	-4.50596e-18
8.4	-4.49719e-18
8.405	-4.43234e-18
8.41	-4.52573e-18
8.415	-4.03803e-18
8.42	-4.02462e-18
8.425	-3.91643e-18
8.43	-4.53177e-18
8.435	-4.42374e-18
8.44	-3.17164e-18
8.445	-3.33616e-18
8.45	-3.01629e-18
8.455	-2.10168e-18
8.46	-1.63672e-18
8.465	-1.44589e-18
8.47	-1.65955e-18
8.475	-1.20278e-18
8.48	-1.04256e-18
8.485	-1.05306e-18
8.49	-1.05281e-18
8.495	-4.61131e-19
8.5	-4.22667e-19
8.505	-1.15423e-18
8.51	-2.22278e-18
8.515	-2.23651e-18
8.52	-2.36207e-18
8.525	-2.78741e-18
8.53	-2.82951e-18
8.535	-2.91132e-18
8.54	-2.54687e-18
8.545	-2.99346e-18
8.55	-3.06766e-18
8.555	-3.25344e-18
8.56	-3.31242e-18
8.565	-3.57646e-18
8.57	-3.18297e-18
8.575	-4.01776e-18
8.58	-4.50778e-18
8.585	-4.46543e-18
8.59	-4.01743e-18
8.595	-4.18477e-18
8.6	-4.52292e-18
8.605	-4.55237e-18
8.61	-4.71532e-18
8.615	-4.5776e-18
8.62	-5.09988e-18
8.625	-5.15273e-18
8.63	-5.33595e-18
8.635	-4.91872e-18
8.64	-5.25299e-18
8.645	-5.10021e-18
8.65	-5.54101e-18
8.655	-4.4718e-18
8.66	-4.42391e-18
8.665	-4.10949e-18
8.67	-3.40689e-18
8.675	-3.56546e-18
8.68	-3.88558e-18
8.685	-3.76729e-18
8.69	-3.63858e-18
8.695	-3.30183e-18
8.7	-3.30092e-18
8.705	-3.70418e-18
8.71	-3.72361e-18
8.715	-3.70459e-18
8.72	-3.39646e-18
8.725	-2.8746e-18
8.73	-3.09901e-18
8.735	-3.5131e-18
8.74	-3.76481e-18
8.745	-3.5212e-18
8.75	-3.73346e-18
8.755	-4.28601e-18
8.76	-4.11156e-18
8.765	-4.26476e-18
8.77	-3.52757e-18
8.775	-3.74884e-18
8.78	-3.07039e-18
8.785	-2.87302e-18
8.79	-2.92927e-18
8.795	-3.15162e-18
8.8	-2.78518e-18
8.805	-3.10662e-18
8.81	-2.62694e-18
8.815	-2.99437e-18
8.82	-3.64164e-18
8.825	-3.2532e-18
8.83	-3.29968e-18
8.835	-3.06865e-18
8.84	-3.58994e-18
8.845	-3.01232e-18
8.85	-3.06187e-18
8.855	-3.28868e-18
8.86	-3.80327e-18
8.865	-3.77664e-18
8.87	-2.8516e-18
8.875	-2.98957e-18
8.88	-2.57342e-18
8.885	-2.36398e-18
8.89	-2.24701e-18
8.895	-2.41932e-18
8.9	-2.26389e-18
8.905	-2.1954e-18
8.91	-2.31277e-18
8.915	-2.83514e-18
8.92	-2.92232e-18
8.925	-2.41071e-18
8.93	-2.31865e-18
8.935	-2.68327e-18
8.94	-3.04781e-18
8.945	-2.81338e-18
8.95	-2.88097e-18
8.955	-2.22154e-18
8.96	-2.99644e-18
8.965	-3.33492e-18
8.97	-3.35502e-18
8.975	-2.92497e-18
8.98	-2.78691e-18
8.985	-2.73803e-18
8.99	-2.64836e-18
8.995	-2.93374e-18
9	-3.19993e-18
9.005	-2.09663e-18
9.01	-3.13218e-18
9.015	-3.53708e-18
9.02	-3.71633e-18
9.025	-4.16582e-18
9.03	-4.41084e-18
9.035	-5.34836e-18
9.04	-5.83392e-18
9.045	-6.28928e-18
9.05	-6.3586e-18
9.055	-6.01052e-18
9.06	-5.93707e-18
9.065	-5.72878e-18
9.07	-5.58163e-18
9.075	-6.26025e-18
9.08	-5.38931e-18
9.085	-5.66021e-18
9.09	-5.51694e-18
9.095	-5.62481e-18
9.1	-5.38054e-18
9.105	-5.21138e-18
9.11	-5.68056e-18
9.115	-5.70686e-18
9.12	-5.33562e-18
9.125	-4.69944e-18
9.13	-4.37444e-18
9.135	-4.7001e-18
9.14	-5.55582e-18
9.145	-5.58915e-18
9.15	-5.58634e-18
9.155	-5.64987e-18
9.16	-5.53249e-18
9.165	-5.19277e-18
9.17	-5.28823e-18
9.175	-5.38434e-18
9.18	-4.73145e-18
9.185	-4.70482e-18
9.19	-4.13249e-18
9.195	-3.9266e-18
9.2	-3.69425e-18
9.205	-4.15747e-18
9.21	-4.27667e-18
9.215	-4.21058e-18
9.22	-5.01211e-18
9.225	-5.10765e-18
9.23	-4.85884e-18
9.235	-5.11253e-18
9.24	-5.06373e-18
9.245	-5.06696e-18
9.25	-5.2137e-18
9.255	-4.8437e-18
9.26	-5.11063e-18
9.265	-5.11253e-18
9.27	-5.49196e-18
9.275	-5.75881e-18
9.28	-3.99898e-18
9.285	-4.56742e-18
9.29	-4.2526e-18
9.295	-3.93273e-18
9.3	-3.71038e-18
9.305	-3.16328e-18
9.31	-3.26188e-18
9.315	-2.87708e-18
9.32	-2.66565e-18
9.325	-2.57193e-18
9.33	-2.47887e-18
9.335	-3.67076e-18
9.34	-3.4676e-18
9.345	-3.15476e-18
9.35	-3.59987e-18
9.355	-4.11818e-18
9.36	-4.4e-18
9.365	-5.01774e-18
9.37	-5.46408e-18
9.375	-5.63407e-18
9.38	-5.56268e-18
9.385	-4.96397e-18
9.39	-5.08573e-18
9.395	-5.28335e-18
9.4	-5.58642e-18
9.405	-5.17457e-18
9.41	-4.9844e-18
9.415	-5.18714e-18
9.42	-4.98076e-18
9.425	-5.08085e-18
9.43	-5.13148e-18
9.435	-4.92476e-18
9.44	-5.06398e-18
9.445	-4.66255e-18
9.45	-4.62698e-18
9.455	-4.52168e-18
9.46	-5.02675e-18
9.465	-5.64061e-18
9.47	-5.49105e-18
9.475	-4.97688e-18
9.48	-5.28508e-18
9.485	-5.75211e-18
9.49	-5.72547e-18
9.495	-5.60504e-18
9.5	-6.2614e-18
9.505	-6.61138e-18
9.51	-6.7027e-18
9.515	-6.86657e-18
9.52	-6.75382e-18
9.525	-7.2206e-18
9.53	-7.2417e-18
9.535	-7.73908e-18
9.54	-7.7878e-18
9.545	-8.89316e-18
9.55	-8.58388e-18
9.555	-7.86258e-18
9.56	-8.57387e-18
9.565	-8.74874e-18
9.57	-9.26746e-18
9.575	-9.29848e-18
9.58	-8.88448e-18
9.585	-9.71033e-18
9.59	-9.44249e-18
9.595	-9.65185e-18
9.6	-9.35481e-18
9.605	-9.00524e-18
9.61	-9.32834e-18
9.615	-8.71524e-18
9.62	-8.36939e-18
9.625	-8.44938e-18
9.63	-8.52962e-18
9.635	-8.23969e-18
9.64	-8.20751e-18
9.645	-8.60547e-18
9.65	-9.23007e-18
9.655	-9.20162e-18
9.66	-9.26622e-18
9.665	-9.88975e-18
9.67	-9.69007e-18
9.675	-9.40535e-18
9.68	-9.78577e-18
9.685	-1.00686e-17
9.69	-9.88694e-18
9.695	-9.72456e-18
9.7	-9.41933e-18
9.705	-9.00566e-18
9.71	-8.79084e-18
9.715	-8.60795e-18
9.72	-8.09344e-18
9.725	-7.96887e-18
9.73	-7.8907e-18
9.735	-7.41507e-18
9.74	-7.81452e-18
9.745	-8.02462e-18
9.75	-8.11123e-18
9.755	-8.29106e-18
9.76	-8.11801e-18
9.765	-8.39007e-18
9.77	-8.79067e-18
9.775	-9.18797e-18
9.78	-9.32785e-18
9.785	-8.63037e-18
9.79	-8.94511e-18
9.795	-8.96083e-18
9.8	-8.73682e-18
9.805	-8.14853e-18
9.81	-7.05939e-18
9.815	-7.57993e-18
9.82	-7.71137e-18
9.825	-8.22695e-18
9.83	-8.14523e-18
9.835	-8.55063e-18
9.84	-8.58826e-18
9.845	-8.45236e-18
9.85	-8.22356e-18
9.855	-7.61136e-18
9.86	-7.98227e-18
9.865	-7.8955e-18
9.87	-7.63287e-18
9.875	-7.72419e-18
9.88	-8.16739e-18
9.885	-8.34549e-18
9.89	-8.18923e-18
9.895	-8.80846e-18
9.9	-8.41075e-18
9.905	-8.43987e-18
9.91	-7.25402e-18
9.915	-6.90057e-18
9.92	-6.76375e-18
9.925	-6.39797e-18
9.93	-6.49028e-18
9.935	-6.74382e-18
9.94	-6.79965e-18
9.945	-7.53799e-18
9.95	-7.32764e-18
9.955	-6.96517e-18
9.96	-6.82835e-18
9.965	-6.49922e-18
9.97	-6.89229e-18
9.975	-7.4336e-18
9.98	-7.75397e-18
9.985	-7.89864e-18
9.99	-8.11512e-18
9.995	-8.57304e-18
10	-8.16921e-18
