0.005	7.73391e-11
0.01	1.47956e-10
0.015	1.56626e-10
0.02	9.72715e-11
0.025	1.21872e-10
0.03	1.48554e-10
0.035	1.78675e-10
0.04	2.11357e-10
0.045	1.11269e-10
0.05	1.27038e-10
0.055	1.43212e-10
0.06	1.59595e-10
0.065	1.72041e-10
0.07	1.8756e-10
0.075	2.01641e-10
0.08	2.13732e-10
0.085	2.24871e-10
0.09	2.34643e-10
0.095	2.46556e-10
0.1	2.57287e-10
0.105	2.53252e-10
0.11	2.67672e-10
0.115	2.78647e-10
0.12	2.55245e-10
0.125	2.47523e-10
0.13	2.77985e-10
0.135	2.60844e-10
0.14	2.7884e-10
0.145	3.07704e-10
0.15	3.10433e-10
0.155	3.16079e-10
0.16	2.94094e-10
0.165	5.51956e-10
0.17	3.62408e-10
0.175	5.83587e-10
0.18	6.31839e-10
0.185	3.56142e-10
0.19	4.34728e-10
0.195	3.22756e-10
0.2	3.39909e-10
0.205	3.56066e-10
0.21	3.41382e-10
0.215	5.04177e-10
0.22	4.25441e-10
0.225	4.57809e-10
0.23	4.73557e-10
0.235	4.71357e-10
0.24	4.56688e-10
0.245	5.13556e-10
0.25	4.66149e-10
0.255	7.08386e-10
0.26	5.74186e-10
0.265	5.85814e-10
0.27	5.88196e-10
0.275	6.24294e-10
0.28	6.38754e-10
0.285	6.26217e-10
0.29	7.3175e-10
0.295	6.60995e-10
0.3	6.62181e-10
0.305	6.23594e-10
0.31	6.70226e-10
0.315	6.92349e-10
0.32	6.87236e-10
0.325	6.80726e-10
0.33	6.19001e-10
0.335	8.3483e-10
0.34	7.8055e-10
0.345	7.62806e-10
0.35	7.30459e-10
0.355	6.50336e-10
0.36	7.36419e-10
0.365	6.2948e-10
0.37	5.98619e-10
0.375	6.56567e-10
0.38	6.36197e-10
0.385	1.21753e-09
0.39	6.74057e-10
0.395	5.75955e-10
0.4	5.71647e-10
0.405	1.21091e-09
0.41	1.17042e-09
0.415	1.1345e-09
0.42	1.16455e-09
0.425	9.86989e-10
0.43	9.75341e-10
0.435	9.33883e-10
0.44	1.08058e-09
0.445	1.01579e-09
0.45	9.91159e-10
0.455	9.69104e-10
0.46	9.3826e-10
0.465	1.00529e-09
0.47	9.64002e-10
0.475	1.00608e-09
0.48	9.46265e-10
0.485	1.04228e-09
0.49	5.91152e-10
0.495	7.43451e-10
0.5	7.52607e-10
0.505	9.12824e-10
0.51	1.14628e-09
0.515	7.30719e-10
0.52	8.56729e-10
0.525	7.27877e-10
0.53	8.76424e-10
0.535	9.43044e-10
0.54	6.157e-10
0.545	8.44595e-10
0.55	1.31738e-09
0.555	5.90884e-10
0.56	1.29743e-09
0.565	1.16974e-09
0.57	1.03853e-09
0.575	5.98959e-10
0.58	1.17301e-09
0.585	9.70085e-10
0.59	8.88961e-10
0.595	1.04582e-09
0.6	1.18683e-09
0.605	9.63931e-10
0.61	1.14854e-09
0.615	5.21035e-10
0.62	5.30511e-10
0.625	8.95911e-10
0.63	7.77855e-10
0.635	7.1278e-10
0.64	7.32051e-10
0.645	1.05896e-09
0.65	6.41491e-10
0.655	6.29875e-10
0.66	9.31665e-10
0.665	1.08125e-09
0.67	9.19783e-10
0.675	1.10611e-09
0.68	5.82297e-10
0.685	5.02832e-10
0.69	5.61594e-10
0.695	5.7242e-10
0.7	5.48204e-10
0.705	5.93047e-10
0.71	5.55678e-10
0.715	6.39242e-10
0.72	6.56335e-10
0.725	5.25935e-10
0.73	6.34209e-10
0.735	6.93405e-10
0.74	7.15783e-10
0.745	7.07849e-10
0.75	5.74985e-10
0.755	6.00461e-10
0.76	5.52134e-10
0.765	7.27645e-10
0.77	7.30997e-10
0.775	7.11882e-10
0.78	7.94925e-10
0.785	5.81743e-10
0.79	8.83457e-10
0.795	1.09514e-09
0.8	1.13536e-09
0.805	8.10376e-10
0.81	8.50123e-10
0.815	8.1174e-10
0.82	1.21338e-09
0.825	1.09331e-09
0.83	5.59693e-10
0.835	1.20869e-09
0.84	5.56011e-10
0.845	6.49585e-10
0.85	6.52213e-10
0.855	6.29103e-10
0.86	6.23754e-10
0.865	7.15026e-10
0.87	6.02998e-10
0.875	6.05245e-10
0.88	6.94337e-10
0.885	8.3382e-10
0.89	6.82522e-10
0.895	5.77025e-10
0.9	6.72707e-10
0.905	6.08885e-10
0.91	5.97527e-10
0.915	5.87571e-10
0.92	6.28172e-10
0.925	8.76503e-10
0.93	1.13693e-09
0.935	1.19871e-09
0.94	5.63271e-10
0.945	6.30557e-10
0.95	6.35739e-10
0.955	6.52015e-10
0.96	7.19968e-10
0.965	5.70879e-10
0.97	6.22346e-10
0.975	5.58099e-10
0.98	5.57776e-10
0.985	6.53257e-10
0.99	6.45815e-10
0.995	1.08958e-09
1	1.09962e-09
1.005	6.05703e-10
1.01	5.86971e-10
1.015	6.00971e-10
1.02	6.02784e-10
1.025	5.94314e-10
1.03	1.19323e-09
1.035	5.76698e-10
1.04	5.7818e-10
1.045	5.93788e-10
1.05	1.18953e-09
1.055	5.79486e-10
1.06	5.80089e-10
1.065	5.81596e-10
1.07	5.79971e-10
1.075	5.82739e-10
1.08	1.1806e-09
1.085	1.19406e-09
1.09	1.03162e-09
1.095	1.16139e-09
1.1	1.19122e-09
1.105	1.16129e-09
1.11	1.18359e-09
1.115	9.71482e-10
1.12	9.45068e-10
1.125	8.92399e-10
1.13	6.50022e-10
1.135	6.28394e-10
1.14	9.2157e-10
1.145	6.51293e-10
1.15	1.03333e-09
1.155	9.4493e-10
1.16	6.19868e-10
1.165	8.64339e-10
1.17	8.93826e-10
1.175	6.31837e-10
1.18	5.97929e-10
1.185	8.29527e-10
1.19	5.51304e-10
1.195	7.77868e-10
1.2	6.38899e-10
1.205	1.44667e-09
1.21	8.55478e-10
1.215	6.59926e-10
1.22	9.88808e-10
1.225	6.54113e-10
1.23	1.12062e-09
1.235	7.96099e-10
1.24	7.64819e-10
1.245	7.00771e-10
1.25	5.7972e-10
1.255	1.27779e-09
1.26	1.21712e-09
1.265	1.30541e-09
1.27	6.87453e-10
1.275	5.99501e-10
1.28	9.97705e-10
1.285	7.62996e-10
1.29	8.28636e-10
1.295	6.60386e-10
1.3	8.021e-10
1.305	1.06775e-09
1.31	1.24258e-09
1.315	5.96004e-10
1.32	6.39855e-10
1.325	6.40933e-10
1.33	6.30908e-10
1.335	6.53552e-10
1.34	7.18894e-10
1.345	1.37465e-09
1.35	1.16624e-09
1.355	1.21363e-09
1.36	1.11804e-09
1.365	1.11856e-09
1.37	1.08146e-09
1.375	1.05994e-09
1.38	9.85021e-10
1.385	9.36858e-10
1.39	1.00599e-09
1.395	1.11181e-09
1.4	9.64136e-10
1.405	9.43745e-10
1.41	9.30717e-10
1.415	9.25474e-10
1.42	9.89923e-10
1.425	7.53162e-10
1.43	6.3698e-10
1.435	8.69234e-10
1.44	8.24238e-10
1.445	8.56029e-10
1.45	7.49563e-10
1.455	7.26287e-10
1.46	7.58983e-10
1.465	7.10113e-10
1.47	6.8988e-10
1.475	6.68767e-10
1.48	6.13122e-10
1.485	6.61634e-10
1.49	6.09495e-10
1.495	1.45579e-09
1.5	5.99818e-10
1.505	1.31346e-09
1.51	1.33679e-09
1.515	1.30367e-09
1.52	1.2741e-09
1.525	1.21795e-09
1.53	1.19486e-09
1.535	1.1666e-09
1.54	1.13395e-09
1.545	1.11785e-09
1.55	1.06709e-09
1.555	1.04413e-09
1.56	1.02054e-09
1.565	1.00706e-09
1.57	9.85196e-10
1.575	9.78192e-10
1.58	8.1446e-10
1.585	8.89988e-10
1.59	8.58403e-10
1.595	8.40564e-10
1.6	8.18557e-10
1.605	7.97743e-10
1.61	7.78228e-10
1.615	7.63541e-10
1.62	7.67112e-10
1.625	6.92042e-10
1.63	6.99131e-10
1.635	6.91082e-10
1.64	6.76289e-10
1.645	6.76064e-10
1.65	7.5242e-10
1.655	1.46986e-09
1.66	1.67764e-09
1.665	1.46964e-09
1.67	8.83538e-10
1.675	8.25085e-10
1.68	9.9823e-10
1.685	8.54153e-10
1.69	1.69303e-09
1.695	1.78314e-09
1.7	7.84277e-10
1.705	6.2371e-10
1.71	8.68681e-10
1.715	1.61567e-09
1.72	6.87767e-10
1.725	1.60273e-09
1.73	1.61968e-09
1.735	1.44125e-09
1.74	1.40406e-09
1.745	1.36031e-09
1.75	1.34159e-09
1.755	6.08539e-10
1.76	1.51589e-09
1.765	1.36104e-09
1.77	1.3433e-09
1.775	1.45344e-09
1.78	1.56745e-09
1.785	1.28978e-09
1.79	1.22571e-09
1.795	1.19375e-09
1.8	1.11073e-09
1.805	1.15073e-09
1.81	1.14265e-09
1.815	1.12393e-09
1.82	1.12305e-09
1.825	1.14273e-09
1.83	1.2586e-09
1.835	1.40332e-09
1.84	1.72333e-09
1.845	1.05231e-09
1.85	1.00686e-09
1.855	1.39419e-09
1.86	1.10276e-09
1.865	1.04622e-09
1.87	1.08581e-09
1.875	1.04092e-09
1.88	1.05971e-09
1.885	1.06244e-09
1.89	1.06622e-09
1.895	1.12503e-09
1.9	1.07593e-09
1.905	1.12862e-09
1.91	1.12032e-09
1.915	1.10271e-09
1.92	1.07613e-09
1.925	1.13054e-09
1.93	1.09721e-09
1.935	1.09045e-09
1.94	1.09518e-09
1.945	1.1011e-09
1.95	1.10715e-09
1.955	1.11362e-09
1.96	1.12015e-09
1.965	1.12664e-09
1.97	1.13282e-09
1.975	1.13778e-09
1.98	1.13822e-09
1.985	1.07059e-09
1.99	1.53851e-09
1.995	1.17748e-09
2	1.15168e-09
2.005	1.17829e-09
2.01	1.19299e-09
2.015	1.21007e-09
2.02	1.2745e-09
2.025	1.4303e-09
2.03	1.19225e-09
2.035	1.2152e-09
2.04	1.22842e-09
2.045	1.23501e-09
2.05	1.24044e-09
2.055	1.24438e-09
2.06	1.24572e-09
2.065	1.24206e-09
2.07	1.22684e-09
2.075	1.17616e-09
2.08	1.04073e-09
2.085	1.36809e-09
2.09	1.25951e-09
2.095	1.40381e-09
2.1	1.21936e-09
2.105	1.09667e-09
2.11	1.01474e-09
2.115	1.23512e-09
2.12	1.23329e-09
2.125	1.2083e-09
2.13	1.06041e-09
2.135	1.22321e-09
2.14	1.58062e-09
2.145	1.72428e-09
2.15	1.73282e-09
2.155	1.477e-09
2.16	1.48399e-09
2.165	1.50295e-09
2.17	1.54015e-09
2.175	1.52492e-09
2.18	1.53436e-09
2.185	1.57812e-09
2.19	8.97748e-10
2.195	1.70455e-09
2.2	8.5804e-10
2.205	7.55886e-10
2.21	1.41404e-09
2.215	1.45248e-09
2.22	1.54561e-09
2.225	1.54199e-09
2.23	1.5572e-09
2.235	1.54883e-09
2.24	1.55269e-09
2.245	1.7878e-09
2.25	1.66557e-09
2.255	8.33637e-10
2.26	1.59535e-09
2.265	1.64394e-09
2.27	1.64299e-09
2.275	1.65302e-09
2.28	1.68422e-09
2.285	1.63756e-09
2.29	1.61738e-09
2.295	1.59735e-09
2.3	1.5892e-09
2.305	8.37387e-10
2.31	8.3941e-10
2.315	7.53574e-10
2.32	1.65206e-09
2.325	1.17077e-09
2.33	7.94387e-10
2.335	7.59239e-10
2.34	7.62569e-10
2.345	7.655e-10
2.35	7.68464e-10
2.355	7.71091e-10
2.36	7.72473e-10
2.365	7.6934e-10
2.37	7.93463e-10
2.375	9.41281e-10
2.38	8.02194e-10
2.385	7.94028e-10
2.39	7.99098e-10
2.395	8.04199e-10
2.4	8.11952e-10
2.405	7.99302e-10
2.41	8.06314e-10
2.415	8.46598e-10
2.42	9.5302e-10
2.425	8.19035e-10
2.43	8.22288e-10
2.435	8.29202e-10
2.44	8.42252e-10
2.445	8.85258e-10
2.45	8.50859e-10
2.455	8.49432e-10
2.46	8.55693e-10
2.465	8.67867e-10
2.47	8.53415e-10
2.475	8.56306e-10
2.48	8.59191e-10
2.485	8.62083e-10
2.49	8.64975e-10
2.495	8.76676e-10
2.5	8.7355e-10
2.505	8.77146e-10
2.51	8.24069e-10
2.515	9.77604e-10
2.52	9.86948e-10
2.525	8.60345e-10
2.53	8.07644e-10
2.535	8.85155e-10
2.54	8.68656e-10
2.545	8.93009e-10
2.55	8.89074e-10
2.555	8.80113e-10
2.56	8.80257e-10
2.565	8.82398e-10
2.57	8.85547e-10
2.575	8.87761e-10
2.58	8.89893e-10
2.585	9.32178e-10
2.59	9.20203e-10
2.595	8.88756e-10
2.6	8.91721e-10
2.605	8.95671e-10
2.61	8.99096e-10
2.615	9.03101e-10
2.62	9.1454e-10
2.625	9.05318e-10
2.63	9.23023e-10
2.635	9.05393e-10
2.64	9.07523e-10
2.645	9.08725e-10
2.65	9.09661e-10
2.655	9.10574e-10
2.66	9.11466e-10
2.665	9.12344e-10
2.67	9.13232e-10
2.675	9.14158e-10
2.68	9.11829e-10
2.685	9.14034e-10
2.69	9.16513e-10
2.695	9.18721e-10
2.7	9.21623e-10
2.705	9.09445e-10
2.71	9.08526e-10
2.715	9.0508e-10
2.72	9.06103e-10
2.725	9.06786e-10
2.73	9.06796e-10
2.735	9.0516e-10
2.74	8.93186e-10
2.745	9.128e-10
2.75	1.20491e-09
2.755	9.28756e-10
2.76	1.49091e-09
2.765	8.89206e-10
2.77	8.85017e-10
2.775	8.91296e-10
2.78	8.81252e-10
2.785	8.82261e-10
2.79	8.79187e-10
2.795	8.77857e-10
2.8	8.75713e-10
2.805	8.73412e-10
2.81	8.70671e-10
2.815	8.67425e-10
2.82	8.63479e-10
2.825	8.5805e-10
2.83	8.49926e-10
2.835	8.3555e-10
2.84	8.0155e-10
2.845	9.24412e-10
2.85	9.98795e-10
2.855	1.09299e-09
2.86	8.50527e-10
2.865	8.47264e-10
2.87	8.4733e-10
2.875	8.46883e-10
2.88	8.45904e-10
2.885	8.4446e-10
2.89	8.42622e-10
2.895	8.40453e-10
2.9	8.37995e-10
2.905	8.35271e-10
2.91	8.32274e-10
2.915	8.28962e-10
2.92	8.25242e-10
2.925	8.20906e-10
2.93	8.15471e-10
2.935	8.07618e-10
2.94	7.92525e-10
2.945	8.68564e-10
2.95	8.37186e-10
2.955	8.82852e-10
2.96	7.99294e-10
2.965	1.49699e-09
2.97	1.45301e-09
2.975	1.43619e-09
2.98	1.43123e-09
2.985	1.42621e-09
2.99	1.42301e-09
2.995	1.413e-09
3	1.406e-09
3.005	1.39916e-09
3.01	1.3921e-09
3.015	1.3849e-09
3.02	1.37757e-09
3.025	1.37012e-09
3.03	1.3667e-09
3.035	1.35576e-09
3.04	1.34858e-09
3.045	1.34033e-09
3.05	1.33269e-09
3.055	1.32445e-09
3.06	1.31651e-09
3.065	1.30822e-09
3.07	1.30006e-09
3.075	1.29169e-09
3.08	1.28337e-09
3.085	1.2749e-09
3.09	1.26644e-09
3.095	1.25789e-09
3.1	1.24932e-09
3.105	1.30021e-09
3.11	1.29145e-09
3.115	1.28073e-09
3.12	1.27157e-09
3.125	1.26244e-09
3.13	1.25323e-09
3.135	1.24399e-09
3.14	1.23472e-09
3.145	1.22543e-09
3.15	1.21612e-09
3.155	1.20678e-09
3.16	1.19743e-09
3.165	1.18805e-09
3.17	1.17867e-09
3.175	1.16927e-09
3.18	1.15983e-09
3.185	1.15035e-09
3.19	1.17483e-09
3.195	1.13789e-09
3.2	1.1207e-09
3.205	1.03533e-09
3.21	1.05815e-09
3.215	1.05111e-09
3.22	1.04483e-09
3.225	1.03896e-09
3.23	1.07935e-09
3.235	1.03475e-09
3.24	1.01376e-09
3.245	1.00981e-09
3.25	1.00543e-09
3.255	1.00039e-09
3.26	9.94981e-10
3.265	9.68856e-10
3.27	9.45727e-10
3.275	9.68569e-10
3.28	9.66848e-10
3.285	9.61118e-10
3.29	9.54913e-10
3.295	9.48517e-10
3.3	9.42034e-10
3.305	9.35521e-10
3.31	9.2899e-10
3.315	9.22456e-10
3.32	9.15918e-10
3.325	9.09382e-10
3.33	9.02846e-10
3.335	8.96313e-10
3.34	8.89782e-10
3.345	8.83256e-10
3.35	8.76734e-10
3.355	8.70218e-10
3.36	8.63709e-10
3.365	8.5721e-10
3.37	8.5072e-10
3.375	8.44242e-10
3.38	8.37779e-10
3.385	8.31331e-10
3.39	8.249e-10
3.395	8.18487e-10
3.4	8.12092e-10
3.405	8.05716e-10
3.41	7.99361e-10
3.415	7.93027e-10
3.42	7.86714e-10
3.425	7.80424e-10
3.43	7.74157e-10
3.435	7.67913e-10
3.44	7.61693e-10
3.445	7.55496e-10
3.45	1.70626e-09
3.455	7.66183e-10
3.46	1.6531e-09
3.465	1.71519e-09
3.47	1.67975e-09
3.475	1.66409e-09
3.48	1.65142e-09
3.485	1.63819e-09
3.49	1.62489e-09
3.495	1.61163e-09
3.5	1.59842e-09
3.505	1.58529e-09
3.51	1.5722e-09
3.515	1.55916e-09
3.52	1.54616e-09
3.525	1.53321e-09
3.53	1.52032e-09
3.535	1.50749e-09
3.54	1.4947e-09
3.545	1.48196e-09
3.55	1.46929e-09
3.555	1.45667e-09
3.56	1.44413e-09
3.565	1.43166e-09
3.57	1.41925e-09
3.575	1.4069e-09
3.58	1.39462e-09
3.585	1.38239e-09
3.59	1.36576e-09
3.595	1.34832e-09
3.6	1.34313e-09
3.605	1.3333e-09
3.61	1.3217e-09
3.615	1.30996e-09
3.62	1.29826e-09
3.625	1.28662e-09
3.63	1.27505e-09
3.635	1.26356e-09
3.64	1.25215e-09
3.645	1.24081e-09
3.65	1.22954e-09
3.655	1.21836e-09
3.66	1.20725e-09
3.665	1.19622e-09
3.67	1.18527e-09
3.675	1.17441e-09
3.68	1.16363e-09
3.685	1.15285e-09
3.69	1.14208e-09
3.695	1.13139e-09
3.7	1.1208e-09
3.705	1.0884e-09
3.71	1.05043e-09
3.715	1.15355e-09
3.72	1.04431e-09
3.725	1.10585e-09
3.73	1.03547e-09
3.735	1.05306e-09
3.74	1.00482e-09
3.745	1.02305e-09
3.75	9.91915e-10
3.755	9.97069e-10
3.76	9.76249e-10
3.765	9.74166e-10
3.77	9.59128e-10
3.775	9.53223e-10
3.78	9.41288e-10
3.785	9.33567e-10
3.79	9.23245e-10
3.795	9.14767e-10
3.8	9.05246e-10
3.805	8.96522e-10
3.81	8.90677e-10
3.815	8.80538e-10
3.82	8.7103e-10
3.825	8.62317e-10
3.83	8.53766e-10
3.835	8.45359e-10
3.84	8.37024e-10
3.845	8.28789e-10
3.85	8.20371e-10
3.855	8.12459e-10
3.86	8.04543e-10
3.865	7.96747e-10
3.87	7.89009e-10
3.875	7.81343e-10
3.88	7.73758e-10
3.885	7.66258e-10
3.89	7.5885e-10
3.895	7.51531e-10
3.9	7.44294e-10
3.905	7.37135e-10
3.91	7.30072e-10
3.915	7.23117e-10
3.92	7.16243e-10
3.925	1.75024e-09
3.93	7.45426e-10
3.935	1.73719e-09
3.94	7.30762e-10
3.945	1.70713e-09
3.95	1.75919e-09
3.955	1.71239e-09
3.96	1.69054e-09
3.965	1.67531e-09
3.97	1.65771e-09
3.975	1.64891e-09
3.98	1.63443e-09
3.985	1.62067e-09
3.99	1.60705e-09
3.995	1.59371e-09
4	1.5843e-09
4.005	1.57975e-09
4.01	1.55704e-09
4.015	1.54398e-09
4.02	1.53625e-09
4.025	1.50655e-09
4.03	1.49268e-09
4.035	1.48887e-09
4.04	1.48316e-09
4.045	1.46991e-09
4.05	1.45728e-09
4.055	1.44467e-09
4.06	1.43284e-09
4.065	1.42096e-09
4.07	1.40948e-09
4.075	1.4314e-09
4.08	1.39125e-09
4.085	1.3811e-09
4.09	1.36825e-09
4.095	1.36554e-09
4.1	1.33179e-09
4.105	1.30939e-09
4.11	1.32034e-09
4.115	1.31233e-09
4.12	1.30088e-09
4.125	1.29042e-09
4.13	1.27601e-09
4.135	1.27166e-09
4.14	1.26087e-09
4.145	1.25218e-09
4.15	1.24159e-09
4.155	1.23285e-09
4.16	1.22314e-09
4.165	1.21426e-09
4.17	1.20508e-09
4.175	1.19628e-09
4.18	1.18745e-09
4.185	1.17883e-09
4.19	1.17028e-09
4.195	1.16186e-09
4.2	1.15354e-09
4.205	1.14534e-09
4.21	1.13723e-09
4.215	1.12924e-09
4.22	1.12135e-09
4.225	1.11356e-09
4.23	1.10587e-09
4.235	1.09829e-09
4.24	1.09081e-09
4.245	1.08342e-09
4.25	1.07615e-09
4.255	1.06898e-09
4.26	1.06191e-09
4.265	1.05493e-09
4.27	1.04805e-09
4.275	1.04126e-09
4.28	1.03456e-09
4.285	1.02796e-09
4.29	1.02145e-09
4.295	1.01519e-09
4.3	1.00891e-09
4.305	1.00268e-09
4.31	9.96535e-10
4.315	9.90483e-10
4.32	9.84517e-10
4.325	9.78636e-10
4.33	9.7284e-10
4.335	9.67128e-10
4.34	9.615e-10
4.345	9.55953e-10
4.35	9.50489e-10
4.355	9.45105e-10
4.36	9.39801e-10
4.365	9.34577e-10
4.37	9.29431e-10
4.375	9.24363e-10
4.38	9.19372e-10
4.385	9.14456e-10
4.39	9.09616e-10
4.395	9.04851e-10
4.4	9.00159e-10
4.405	8.95539e-10
4.41	8.90992e-10
4.415	8.86516e-10
4.42	8.82111e-10
4.425	8.77775e-10
4.43	8.73508e-10
4.435	8.69309e-10
4.44	8.65178e-10
4.445	8.61112e-10
4.45	8.57112e-10
4.455	8.53177e-10
4.46	8.49307e-10
4.465	8.45499e-10
4.47	8.41753e-10
4.475	8.38069e-10
4.48	8.34446e-10
4.485	8.30883e-10
4.49	8.27379e-10
4.495	8.23933e-10
4.5	8.20545e-10
4.505	8.17214e-10
4.51	8.14707e-10
4.515	8.13802e-10
4.52	8.05987e-10
4.525	8.03915e-10
4.53	8.00762e-10
4.535	7.97755e-10
4.54	7.94748e-10
4.545	7.91814e-10
4.55	7.88926e-10
4.555	7.86089e-10
4.56	7.83301e-10
4.565	7.80562e-10
4.57	7.77871e-10
4.575	7.75228e-10
4.58	7.72637e-10
4.585	7.70092e-10
4.59	7.67592e-10
4.595	7.65137e-10
4.6	7.62726e-10
4.605	7.60357e-10
4.61	7.5803e-10
4.615	7.55745e-10
4.62	7.53499e-10
4.625	7.51293e-10
4.63	7.49126e-10
4.635	7.46996e-10
4.64	7.44902e-10
4.645	7.42845e-10
4.65	7.40823e-10
4.655	7.38836e-10
4.66	7.36882e-10
4.665	7.3496e-10
4.67	7.33071e-10
4.675	7.31214e-10
4.68	7.29386e-10
4.685	7.27589e-10
4.69	7.33834e-10
4.695	7.24712e-10
4.7	7.21239e-10
4.705	7.20281e-10
4.71	7.18635e-10
4.715	7.17091e-10
4.72	7.15481e-10
4.725	7.1395e-10
4.73	7.12417e-10
4.735	7.10918e-10
4.74	7.09434e-10
4.745	7.07974e-10
4.75	7.06533e-10
4.755	7.05111e-10
4.76	7.03708e-10
4.765	7.02322e-10
4.77	7.00954e-10
4.775	6.99602e-10
4.78	6.9827e-10
4.785	6.96965e-10
4.79	6.95674e-10
4.795	6.944e-10
4.8	6.93166e-10
4.805	6.91944e-10
4.81	6.90734e-10
4.815	6.89535e-10
4.82	6.88347e-10
4.825	6.87176e-10
4.83	6.86026e-10
4.835	6.84884e-10
4.84	6.8375e-10
4.845	6.82624e-10
4.85	6.81504e-10
4.855	6.80391e-10
4.86	6.79283e-10
4.865	6.78182e-10
4.87	6.77105e-10
4.875	6.76042e-10
4.88	6.74992e-10
4.885	6.73951e-10
4.89	6.72922e-10
4.895	6.71894e-10
4.9	6.70868e-10
4.905	6.69842e-10
4.91	6.68816e-10
4.915	6.67789e-10
4.92	6.66762e-10
4.925	6.65734e-10
4.93	6.64704e-10
4.935	6.63671e-10
4.94	6.62637e-10
4.945	6.61608e-10
4.95	6.60575e-10
4.955	6.59538e-10
4.96	6.58497e-10
4.965	6.57451e-10
4.97	6.56401e-10
4.975	6.55354e-10
4.98	6.54308e-10
4.985	6.53256e-10
4.99	6.52199e-10
4.995	6.51139e-10
5	6.50071e-10
5.005	6.48997e-10
5.01	1.79044e-09
5.015	7.04325e-10
5.02	1.80455e-09
5.025	6.98612e-10
5.03	1.79416e-09
5.035	6.96172e-10
5.04	1.78463e-09
5.045	1.81511e-09
5.05	1.79379e-09
5.055	1.77903e-09
5.06	1.77381e-09
5.065	1.7703e-09
5.07	1.7653e-09
5.075	1.76352e-09
5.08	1.75755e-09
5.085	1.75341e-09
5.09	1.74907e-09
5.095	1.74446e-09
5.1	1.73992e-09
5.105	1.7354e-09
5.11	1.7309e-09
5.115	1.72638e-09
5.12	1.72185e-09
5.125	1.7173e-09
5.13	1.71274e-09
5.135	1.70824e-09
5.14	1.70376e-09
5.145	1.69926e-09
5.15	1.69474e-09
5.155	1.69022e-09
5.16	1.6857e-09
5.165	1.68115e-09
5.17	1.67658e-09
5.175	1.67204e-09
5.18	1.66748e-09
5.185	1.6629e-09
5.19	1.6583e-09
5.195	1.65369e-09
5.2	1.64905e-09
5.205	1.64439e-09
5.21	1.63972e-09
5.215	1.63503e-09
5.22	1.63032e-09
5.225	1.62561e-09
5.23	1.62087e-09
5.235	1.61612e-09
5.24	1.6113e-09
5.245	1.60653e-09
5.25	1.60175e-09
5.255	1.59696e-09
5.26	1.59215e-09
5.265	1.58732e-09
5.27	1.5825e-09
5.275	1.55825e-09
5.28	1.54274e-09
5.285	1.54928e-09
5.29	1.55118e-09
5.295	1.54757e-09
5.3	1.54276e-09
5.305	1.53791e-09
5.31	1.53304e-09
5.315	1.52811e-09
5.32	1.52314e-09
5.325	1.51814e-09
5.33	1.51313e-09
5.335	1.5081e-09
5.34	1.50302e-09
5.345	1.4979e-09
5.35	1.49279e-09
5.355	1.48766e-09
5.36	1.48251e-09
5.365	1.47737e-09
5.37	1.47221e-09
5.375	1.46703e-09
5.38	1.46184e-09
5.385	1.45663e-09
5.39	1.45141e-09
5.395	1.44617e-09
5.4	1.44092e-09
5.405	1.43567e-09
5.41	1.4304e-09
5.415	1.42461e-09
5.42	1.44525e-09
5.425	1.39953e-09
5.43	1.38171e-09
5.435	1.39552e-09
5.44	1.3972e-09
5.445	1.3919e-09
5.45	1.38624e-09
5.455	1.38101e-09
5.46	1.37586e-09
5.465	1.37067e-09
5.47	1.36546e-09
5.475	1.36022e-09
5.48	1.35497e-09
5.485	1.3497e-09
5.49	1.34441e-09
5.495	1.33911e-09
5.5	1.33379e-09
5.505	1.32847e-09
5.51	1.32313e-09
5.515	1.31779e-09
5.52	1.31243e-09
5.525	1.30706e-09
5.53	1.30169e-09
5.535	1.2963e-09
5.54	1.29091e-09
5.545	1.28552e-09
5.55	1.28011e-09
5.555	1.2747e-09
5.56	1.26929e-09
5.565	1.26388e-09
5.57	1.25846e-09
5.575	1.25304e-09
5.58	1.24761e-09
5.585	1.24218e-09
5.59	1.23675e-09
5.595	1.23131e-09
5.6	1.22588e-09
5.605	1.22045e-09
5.61	1.21502e-09
5.615	1.2096e-09
5.62	1.20417e-09
5.625	1.19875e-09
5.63	1.19332e-09
5.635	1.1879e-09
5.64	1.18247e-09
5.645	1.17705e-09
5.65	1.17164e-09
5.655	1.16622e-09
5.66	1.16082e-09
5.665	1.15543e-09
5.67	1.15005e-09
5.675	1.14467e-09
5.68	1.1393e-09
5.685	1.13393e-09
5.69	1.12857e-09
5.695	1.12321e-09
5.7	1.11786e-09
5.705	1.11253e-09
5.71	1.1072e-09
5.715	1.10189e-09
5.72	1.09658e-09
5.725	1.09129e-09
5.73	1.086e-09
5.735	1.08072e-09
5.74	1.07544e-09
5.745	1.07018e-09
5.75	1.06492e-09
5.755	1.05967e-09
5.76	1.05443e-09
5.765	1.04921e-09
5.77	1.04399e-09
5.775	1.03878e-09
5.78	1.0336e-09
5.785	1.02845e-09
5.79	1.0233e-09
5.795	1.01817e-09
5.8	1.01305e-09
5.805	1.00793e-09
5.81	1.00284e-09
5.815	9.97748e-10
5.82	9.92674e-10
5.825	9.87616e-10
5.83	9.82573e-10
5.835	9.77542e-10
5.84	9.72525e-10
5.845	9.67521e-10
5.85	9.6253e-10
5.855	9.57554e-10
5.86	9.52591e-10
5.865	9.47643e-10
5.87	9.42708e-10
5.875	9.37789e-10
5.88	9.32884e-10
5.885	9.27995e-10
5.89	9.2312e-10
5.895	9.18268e-10
5.9	9.13442e-10
5.905	9.08634e-10
5.91	9.03841e-10
5.915	8.99063e-10
5.92	8.94302e-10
5.925	8.89561e-10
5.93	8.84836e-10
5.935	8.80129e-10
5.94	8.75437e-10
5.945	8.70763e-10
5.95	8.66105e-10
5.955	8.61464e-10
5.96	8.5684e-10
5.965	8.52234e-10
5.97	8.47646e-10
5.975	8.43079e-10
5.98	8.38528e-10
5.985	8.33996e-10
5.99	8.29482e-10
5.995	8.24985e-10
6	8.20507e-10
6.005	8.16047e-10
6.01	8.11605e-10
6.015	8.07182e-10
6.02	8.02778e-10
6.025	7.98392e-10
6.03	7.94025e-10
6.035	7.89677e-10
6.04	7.85348e-10
6.045	7.81038e-10
6.05	7.76753e-10
6.055	7.72488e-10
6.06	7.68241e-10
6.065	7.64014e-10
6.07	7.59808e-10
6.075	7.55622e-10
6.08	7.51455e-10
6.085	7.4731e-10
6.09	7.43194e-10
6.095	7.38447e-10
6.1	7.34473e-10
6.105	7.30932e-10
6.11	7.27006e-10
6.115	7.22997e-10
6.12	7.19003e-10
6.125	7.15015e-10
6.13	7.11045e-10
6.135	7.07099e-10
6.14	7.03175e-10
6.145	6.99273e-10
6.15	6.95393e-10
6.155	6.91534e-10
6.16	6.87696e-10
6.165	6.83879e-10
6.17	6.80082e-10
6.175	6.76312e-10
6.18	6.72564e-10
6.185	6.68837e-10
6.19	6.6513e-10
6.195	6.61444e-10
6.2	6.57811e-10
6.205	6.59285e-10
6.21	6.55673e-10
6.215	6.50669e-10
6.22	6.46831e-10
6.225	6.43243e-10
6.23	6.39706e-10
6.235	6.36208e-10
6.24	6.32737e-10
6.245	6.29289e-10
6.25	7.03689e-10
6.255	6.82906e-10
6.26	6.87724e-10
6.265	6.85459e-10
6.27	6.82044e-10
6.275	6.78805e-10
6.28	6.75625e-10
6.285	6.72459e-10
6.29	6.69306e-10
6.295	6.66171e-10
6.3	6.63053e-10
6.305	6.59953e-10
6.31	6.56868e-10
6.315	6.53799e-10
6.32	6.50745e-10
6.325	1.05254e-09
6.33	9.96748e-10
6.335	9.86268e-10
6.34	9.92105e-10
6.345	9.88503e-10
6.35	9.83674e-10
6.355	9.79416e-10
6.36	9.75304e-10
6.365	9.71187e-10
6.37	9.67069e-10
6.375	9.62963e-10
6.38	9.58863e-10
6.385	9.54792e-10
6.39	9.50735e-10
6.395	9.46696e-10
6.4	9.42679e-10
6.405	9.38685e-10
6.41	9.34701e-10
6.415	9.30725e-10
6.42	9.26757e-10
6.425	9.22798e-10
6.43	9.18849e-10
6.435	9.14911e-10
6.44	9.10995e-10
6.445	9.07096e-10
6.45	9.03209e-10
6.455	8.99337e-10
6.46	8.95481e-10
6.465	8.91647e-10
6.47	8.87843e-10
6.475	8.84057e-10
6.48	8.80299e-10
6.485	8.76576e-10
6.49	8.72881e-10
6.495	8.69205e-10
6.5	8.65547e-10
6.505	8.61909e-10
6.51	8.58291e-10
6.515	8.54692e-10
6.52	8.51114e-10
6.525	8.47556e-10
6.53	8.44019e-10
6.535	8.40506e-10
6.54	8.37015e-10
6.545	8.33543e-10
6.55	8.30093e-10
6.555	8.26662e-10
6.56	8.23252e-10
6.565	8.19861e-10
6.57	8.16496e-10
6.575	8.13153e-10
6.58	8.09829e-10
6.585	8.06523e-10
6.59	8.03236e-10
6.595	7.99967e-10
6.6	7.96716e-10
6.605	7.93483e-10
6.61	7.90268e-10
6.615	7.87074e-10
6.62	7.83898e-10
6.625	7.80743e-10
6.63	7.77603e-10
6.635	7.74479e-10
6.64	7.71369e-10
6.645	7.68274e-10
6.65	7.65193e-10
6.655	7.62126e-10
6.66	7.59072e-10
6.665	7.56032e-10
6.67	7.53004e-10
6.675	7.49989e-10
6.68	7.46987e-10
6.685	7.43996e-10
6.69	7.41017e-10
6.695	7.3805e-10
6.7	7.35093e-10
6.705	7.32152e-10
6.71	7.29226e-10
6.715	7.26311e-10
6.72	7.23406e-10
6.725	7.20511e-10
6.73	7.17626e-10
6.735	7.1475e-10
6.74	7.11884e-10
6.745	7.09027e-10
6.75	7.06179e-10
6.755	7.0334e-10
6.76	7.0051e-10
6.765	6.97688e-10
6.77	6.94875e-10
6.775	6.92071e-10
6.78	6.89274e-10
6.785	6.86487e-10
6.79	6.83707e-10
6.795	6.80935e-10
6.8	6.78172e-10
6.805	6.75417e-10
6.81	6.72669e-10
6.815	6.69929e-10
6.82	6.67197e-10
6.825	6.64473e-10
6.83	7.53398e-10
6.835	6.55092e-10
6.84	7.44492e-10
6.845	6.50613e-10
6.85	7.38079e-10
6.855	7.34678e-10
6.86	7.25174e-10
6.865	7.23829e-10
6.87	7.21711e-10
6.875	7.18443e-10
6.88	7.15245e-10
6.885	7.12206e-10
6.89	7.09192e-10
6.895	7.06179e-10
6.9	7.03174e-10
6.905	7.00182e-10
6.91	6.97202e-10
6.915	6.94234e-10
6.92	6.91278e-10
6.925	6.88334e-10
6.93	6.85402e-10
6.935	6.82481e-10
6.94	6.79572e-10
6.945	6.76675e-10
6.95	6.73791e-10
6.955	6.70918e-10
6.96	6.68058e-10
6.965	6.65208e-10
6.97	6.62371e-10
6.975	6.59545e-10
6.98	6.5673e-10
6.985	6.53927e-10
6.99	6.51136e-10
6.995	6.48356e-10
7	6.45588e-10
7.005	6.42831e-10
7.01	6.40087e-10
7.015	6.37353e-10
7.02	6.34631e-10
7.025	6.3192e-10
7.03	6.29221e-10
7.035	6.26533e-10
7.04	6.23856e-10
7.045	6.21191e-10
7.05	6.18537e-10
7.055	6.15894e-10
7.06	6.13265e-10
7.065	6.10648e-10
7.07	6.08043e-10
7.075	6.05449e-10
7.08	6.02866e-10
7.085	6.00294e-10
7.09	5.97734e-10
7.095	5.95185e-10
7.1	5.9265e-10
7.105	5.90126e-10
7.11	5.87613e-10
7.115	5.8511e-10
7.12	5.82619e-10
7.125	5.80139e-10
7.13	5.77669e-10
7.135	1.6206e-09
7.14	1.4922e-09
7.145	5.86766e-10
7.15	1.49212e-09
7.155	1.47251e-09
7.16	5.85761e-10
7.165	1.47258e-09
7.17	1.45221e-09
7.175	5.78816e-10
7.18	1.45408e-09
7.185	1.43351e-09
7.19	1.63259e-09
7.195	1.66943e-09
7.2	1.62519e-09
7.205	1.6054e-09
7.21	1.60749e-09
7.215	1.60756e-09
7.22	1.60094e-09
7.225	1.59228e-09
7.23	1.58448e-09
7.235	1.57763e-09
7.24	1.57111e-09
7.245	1.56456e-09
7.25	1.55794e-09
7.255	1.55129e-09
7.26	1.54466e-09
7.265	1.53806e-09
7.27	1.5315e-09
7.275	1.52498e-09
7.28	1.51848e-09
7.285	1.51202e-09
7.29	1.50558e-09
7.295	1.49916e-09
7.3	1.49278e-09
7.305	1.48642e-09
7.31	1.4801e-09
7.315	1.47379e-09
7.32	1.46753e-09
7.325	1.4613e-09
7.33	1.45509e-09
7.335	1.44891e-09
7.34	1.44276e-09
7.345	1.43664e-09
7.35	1.43054e-09
7.355	1.42447e-09
7.36	1.41842e-09
7.365	1.4124e-09
7.37	1.40641e-09
7.375	1.40044e-09
7.38	1.3945e-09
7.385	1.38859e-09
7.39	1.3827e-09
7.395	1.37683e-09
7.4	1.371e-09
7.405	1.36518e-09
7.41	1.35939e-09
7.415	1.35363e-09
7.42	1.34789e-09
7.425	1.34218e-09
7.43	1.33649e-09
7.435	1.33083e-09
7.44	1.3252e-09
7.445	1.3196e-09
7.45	1.31402e-09
7.455	1.30847e-09
7.46	1.30294e-09
7.465	1.29743e-09
7.47	1.29195e-09
7.475	1.28649e-09
7.48	1.28106e-09
7.485	1.27566e-09
7.49	1.27028e-09
7.495	1.26492e-09
7.5	1.25958e-09
7.505	1.25426e-09
7.51	1.24897e-09
7.515	1.24372e-09
7.52	1.23848e-09
7.525	1.23327e-09
7.53	1.22807e-09
7.535	1.2229e-09
7.54	1.21776e-09
7.545	1.21263e-09
7.55	1.20752e-09
7.555	1.20244e-09
7.56	1.19738e-09
7.565	1.19235e-09
7.57	1.18733e-09
7.575	1.18234e-09
7.58	1.17736e-09
7.585	1.17241e-09
7.59	1.16749e-09
7.595	1.16258e-09
7.6	1.15769e-09
7.605	1.15282e-09
7.61	1.14798e-09
7.615	1.14315e-09
7.62	1.13835e-09
7.625	1.13356e-09
7.63	1.1288e-09
7.635	1.12405e-09
7.64	1.11932e-09
7.645	1.11462e-09
7.65	1.10994e-09
7.655	1.10528e-09
7.66	1.10064e-09
7.665	1.09602e-09
7.67	1.09141e-09
7.675	1.08683e-09
7.68	1.08226e-09
7.685	1.07772e-09
7.69	1.07319e-09
7.695	1.06868e-09
7.7	1.06419e-09
7.705	1.05971e-09
7.71	1.05526e-09
7.715	1.05082e-09
7.72	1.0464e-09
7.725	1.042e-09
7.73	1.03762e-09
7.735	1.03325e-09
7.74	1.0289e-09
7.745	1.02457e-09
7.75	1.02026e-09
7.755	1.01597e-09
7.76	1.01169e-09
7.765	1.00743e-09
7.77	1.00319e-09
7.775	9.98964e-10
7.78	9.94756e-10
7.785	9.90567e-10
7.79	9.86395e-10
7.795	9.8224e-10
7.8	9.78101e-10
7.805	9.73979e-10
7.81	9.69875e-10
7.815	9.65787e-10
7.82	9.61715e-10
7.825	9.5766e-10
7.83	9.53621e-10
7.835	9.49598e-10
7.84	9.45591e-10
7.845	9.416e-10
7.85	9.37626e-10
7.855	9.33667e-10
7.86	9.29724e-10
7.865	9.25797e-10
7.87	9.21887e-10
7.875	9.17992e-10
7.88	9.14113e-10
7.885	9.10249e-10
7.89	9.06401e-10
7.895	9.02568e-10
7.9	8.9875e-10
7.905	8.94948e-10
7.91	8.91161e-10
7.915	8.87388e-10
7.92	8.83631e-10
7.925	8.79889e-10
7.93	8.76162e-10
7.935	8.72449e-10
7.94	8.68752e-10
7.945	8.65069e-10
7.95	8.61402e-10
7.955	8.5775e-10
7.96	8.54113e-10
7.965	8.5049e-10
7.97	8.46882e-10
7.975	8.43288e-10
7.98	8.39709e-10
7.985	8.36144e-10
7.99	8.32594e-10
7.995	8.29057e-10
8	8.25535e-10
8.005	8.22028e-10
8.01	8.18534e-10
8.015	8.15054e-10
8.02	8.11589e-10
8.025	8.08137e-10
8.03	8.047e-10
8.035	8.01276e-10
8.04	7.97866e-10
8.045	7.9447e-10
8.05	7.91087e-10
8.055	7.87719e-10
8.06	7.84364e-10
8.065	7.81022e-10
8.07	7.77694e-10
8.075	7.7438e-10
8.08	7.7108e-10
8.085	7.67794e-10
8.09	7.64521e-10
8.095	7.61261e-10
8.1	7.58015e-10
8.105	7.54781e-10
8.11	7.51561e-10
8.115	7.48355e-10
8.12	7.45161e-10
8.125	7.4198e-10
8.13	7.38813e-10
8.135	7.35658e-10
8.14	7.32516e-10
8.145	7.29387e-10
8.15	7.26272e-10
8.155	7.23168e-10
8.16	7.20078e-10
8.165	7.17e-10
8.17	7.13935e-10
8.175	7.10883e-10
8.18	7.07843e-10
8.185	7.04816e-10
8.19	7.01801e-10
8.195	6.98799e-10
8.2	6.95809e-10
8.205	6.92831e-10
8.21	6.89866e-10
8.215	6.86913e-10
8.22	6.83972e-10
8.225	6.81044e-10
8.23	6.78127e-10
8.235	6.75224e-10
8.24	6.72333e-10
8.245	6.69454e-10
8.25	6.66588e-10
8.255	6.63733e-10
8.26	6.6089e-10
8.265	6.58059e-10
8.27	6.5524e-10
8.275	6.52433e-10
8.28	6.49638e-10
8.285	6.46854e-10
8.29	6.44082e-10
8.295	6.41321e-10
8.3	6.38572e-10
8.305	6.35835e-10
8.31	6.33109e-10
8.315	6.30395e-10
8.32	6.27692e-10
8.325	6.25001e-10
8.33	6.22321e-10
8.335	6.19652e-10
8.34	6.16995e-10
8.345	6.14349e-10
8.35	6.11713e-10
8.355	6.09089e-10
8.36	6.06477e-10
8.365	6.03875e-10
8.37	6.01284e-10
8.375	5.98704e-10
8.38	5.96135e-10
8.385	5.93577e-10
8.39	5.9103e-10
8.395	5.88493e-10
8.4	5.85967e-10
8.405	5.83452e-10
8.41	5.80948e-10
8.415	5.78454e-10
8.42	5.75971e-10
8.425	5.73499e-10
8.43	5.71037e-10
8.435	5.68585e-10
8.44	5.66144e-10
8.445	5.63713e-10
8.45	5.61293e-10
8.455	5.58883e-10
8.46	5.56483e-10
8.465	5.54094e-10
8.47	5.51714e-10
8.475	5.49345e-10
8.48	5.46986e-10
8.485	5.44638e-10
8.49	5.42299e-10
8.495	5.3997e-10
8.5	5.37651e-10
8.505	5.35342e-10
8.51	5.33043e-10
8.515	5.30755e-10
8.52	5.28479e-10
8.525	5.26212e-10
8.53	5.23955e-10
8.535	5.21708e-10
8.54	5.1947e-10
8.545	5.17242e-10
8.55	5.15025e-10
8.555	5.12817e-10
8.56	5.10619e-10
8.565	5.08432e-10
8.57	5.06255e-10
8.575	5.04088e-10
8.58	5.0193e-10
8.585	4.99782e-10
8.59	4.97644e-10
8.595	4.95515e-10
8.6	4.93396e-10
8.605	4.91285e-10
8.61	4.89185e-10
8.615	4.87094e-10
8.62	4.85012e-10
8.625	4.82939e-10
8.63	4.80874e-10
8.635	4.78819e-10
8.64	4.76773e-10
8.645	4.74735e-10
8.65	4.72706e-10
8.655	4.70685e-10
8.66	4.68674e-10
8.665	1.57099e-09
8.67	6.55168e-10
8.675	1.36082e-09
8.68	5.87939e-10
8.685	1.40672e-09
8.69	5.89957e-10
8.695	1.34759e-09
8.7	5.94478e-10
8.705	1.38702e-09
8.71	5.78037e-10
8.715	1.32245e-09
8.72	5.83084e-10
8.725	1.36384e-09
8.73	5.68957e-10
8.735	1.30009e-09
8.74	5.73128e-10
8.745	1.34057e-09
8.75	5.59282e-10
8.755	1.27804e-09
8.76	5.63433e-10
8.765	1.31772e-09
8.77	5.49807e-10
8.775	1.25634e-09
8.78	5.53892e-10
8.785	1.29528e-09
8.79	5.40482e-10
8.795	1.23499e-09
8.8	5.44508e-10
8.805	1.2732e-09
8.81	5.31314e-10
8.815	1.21399e-09
8.82	5.35278e-10
8.825	1.2515e-09
8.83	5.22297e-10
8.835	1.19334e-09
8.84	5.26201e-10
8.845	1.23016e-09
8.85	5.13431e-10
8.855	1.17304e-09
8.86	5.17274e-10
8.865	1.20919e-09
8.87	5.04714e-10
8.875	1.15309e-09
8.88	5.085e-10
8.885	1.18859e-09
8.89	4.96148e-10
8.895	1.13348e-09
8.9	1.56264e-09
8.905	5.47025e-10
8.91	1.04265e-09
8.915	1.46352e-09
8.92	5.29913e-10
8.925	1.0464e-09
8.93	1.46473e-09
8.935	5.24683e-10
8.94	1.47051e-09
8.945	1.57167e-09
8.95	5.1625e-10
8.955	1.23013e-09
8.96	1.4209e-09
8.965	5.3613e-10
8.97	1.41977e-09
8.975	1.54756e-09
8.98	1.55881e-09
8.985	1.4232e-09
8.99	1.35206e-09
8.995	1.36507e-09
9	1.40311e-09
9.005	1.35925e-09
9.01	1.33288e-09
9.015	1.38418e-09
9.02	1.33667e-09
9.025	1.31539e-09
9.03	1.36204e-09
9.035	1.39683e-09
9.04	1.30457e-09
9.045	1.27185e-09
9.05	1.32665e-09
9.055	1.36631e-09
9.06	1.29215e-09
9.065	1.26082e-09
9.07	1.30903e-09
9.075	1.34548e-09
9.08	1.26452e-09
9.085	1.23458e-09
9.09	1.28471e-09
9.095	1.32138e-09
9.1	1.24653e-09
9.105	1.21649e-09
9.11	1.26434e-09
9.115	1.30003e-09
9.12	1.22345e-09
9.125	1.19423e-09
9.13	1.24212e-09
9.135	1.27737e-09
9.14	1.20413e-09
9.145	1.1752e-09
9.15	1.22174e-09
9.155	1.25624e-09
9.16	1.18293e-09
9.165	1.15461e-09
9.17	1.20071e-09
9.175	1.23469e-09
9.18	1.16355e-09
9.185	1.13561e-09
9.19	1.1807e-09
9.195	1.21404e-09
9.2	1.14353e-09
9.205	1.11611e-09
9.21	1.16058e-09
9.215	1.19339e-09
9.22	1.12448e-09
9.225	6.97596e-10
9.23	4.75193e-10
9.235	1.43184e-09
9.24	1.36202e-09
9.245	1.33264e-09
9.25	1.11739e-09
9.255	6.15327e-10
9.26	1.43555e-09
9.265	1.30933e-09
9.27	1.22737e-09
9.275	7.00637e-10
9.28	1.46708e-09
9.285	1.30221e-09
9.29	1.17841e-09
9.295	6.55311e-10
9.3	1.43132e-09
9.305	1.26839e-09
9.31	1.17391e-09
9.315	6.62539e-10
9.32	1.42476e-09
9.325	1.2579e-09
9.33	1.14497e-09
9.335	6.38268e-10
9.34	1.39524e-09
9.345	1.22853e-09
9.35	1.1341e-09
9.355	6.38451e-10
9.36	1.38205e-09
9.365	1.21522e-09
9.37	1.10884e-09
9.375	6.18861e-10
9.38	1.35355e-09
9.385	1.18894e-09
9.39	1.09561e-09
9.395	6.15876e-10
9.4	1.3374e-09
9.405	1.17397e-09
9.41	1.07296e-09
9.415	5.99465e-10
9.42	1.31081e-09
9.425	1.15018e-09
9.43	1.05843e-09
9.435	5.94377e-10
9.44	1.29307e-09
9.445	1.13421e-09
9.45	1.03778e-09
9.455	5.80315e-10
9.46	1.26844e-09
9.465	1.11242e-09
9.47	1.02262e-09
9.475	5.73878e-10
9.48	1.24994e-09
9.485	1.09596e-09
9.49	1.00351e-09
9.495	5.61525e-10
9.5	1.22697e-09
9.505	1.07572e-09
9.51	9.88109e-10
9.515	5.54281e-10
9.52	1.20822e-09
9.525	1.05912e-09
9.53	9.70206e-10
9.535	5.43173e-10
9.54	1.18663e-09
9.545	1.04011e-09
9.55	9.54838e-10
9.555	5.3549e-10
9.56	1.16794e-09
9.565	1.0236e-09
9.57	9.37909e-10
9.575	5.25307e-10
9.58	1.14749e-09
9.585	1.0056e-09
9.59	9.22733e-10
9.595	5.17429e-10
9.6	1.12905e-09
9.605	9.89335e-10
9.61	6.22631e-10
9.615	1.10867e-09
9.62	1.00904e-09
9.625	5.80155e-10
9.63	1.05886e-09
9.635	9.46466e-10
9.64	8.59479e-10
9.645	4.84942e-10
9.65	1.10616e-09
9.655	9.44044e-10
9.66	6.08111e-10
9.665	1.11289e-09
9.67	9.7868e-10
9.675	5.54302e-10
9.68	1.03766e-09
9.685	8.53673e-10
9.69	5.53835e-10
9.695	1.17915e-09
9.7	9.27679e-10
9.705	5.71304e-10
9.71	1.16215e-09
9.715	9.39883e-10
9.72	8.12886e-10
9.725	4.52095e-10
9.73	1.142e-09
9.735	8.90488e-10
9.74	8.71659e-10
9.745	4.97672e-10
9.75	1.07549e-09
9.755	8.98096e-10
9.76	5.34279e-10
9.765	1.01589e-09
9.77	8.08693e-10
9.775	5.10257e-10
9.78	1.11077e-09
9.785	8.66118e-10
9.79	5.45593e-10
9.795	1.15003e-09
9.8	8.66122e-10
9.805	5.08797e-10
9.81	1.14007e-09
9.815	7.98614e-10
9.82	8.31033e-10
9.825	5.17927e-10
9.83	1.23012e-09
9.835	8.72474e-10
9.84	7.737e-10
9.845	4.34679e-10
9.85	1.04703e-09
9.855	8.11619e-10
9.86	5.15532e-10
9.865	1.04987e-09
9.87	8.22129e-10
9.875	4.77538e-10
9.88	1.02408e-09
9.885	7.43938e-10
9.89	4.98571e-10
9.895	1.20703e-09
9.9	7.9217e-10
9.905	5.09187e-10
9.91	1.24284e-09
9.915	8.29551e-10
9.92	7.72061e-10
9.925	4.84464e-10
9.93	1.27922e-09
9.935	8.12932e-10
9.94	7.76617e-10
9.945	4.55053e-10
9.95	1.05709e-09
9.955	7.72199e-10
9.96	4.68293e-10
9.965	1.00538e-09
9.97	7.2843e-10
9.975	4.53699e-10
9.98	1.0732e-09
9.985	7.53945e-10
9.99	4.94099e-10
9.995	1.20429e-09
10	7.36044e-10
