0.005	-6.23617e-22
0.01	1.30539e-21
0.015	-1.51012e-20
0.02	-1.39587e-22
0.025	-2.92098e-20
0.03	-2.04159e-20
0.035	5.26449e-20
0.04	2.03745e-20
0.045	2.12224e-20
0.05	1.0332e-19
0.055	-5.96604e-21
0.06	4.04388e-20
0.065	2.58391e-20
0.07	1.18494e-20
0.075	-7.47047e-20
0.08	4.65289e-22
0.085	-9.14345e-20
0.09	-1.02777e-20
0.095	1.21285e-19
0.1	7.40016e-20
0.105	9.42986e-21
0.11	5.66929e-20
0.115	3.30045e-20
0.12	-1.13593e-19
0.125	-4.14831e-20
0.13	2.26441e-20
0.135	-1.07223e-19
0.14	1.18163e-19
0.145	-5.2526e-21
0.15	-2.44018e-21
0.155	-1.15185e-19
0.16	-1.18742e-19
0.165	1.74768e-19
0.17	1.5323e-19
0.175	9.65216e-21
0.18	3.29838e-21
0.185	-4.88295e-20
0.19	-1.64811e-19
0.195	1.70748e-19
0.2	-9.06616e-20
0.205	-2.02679e-20
0.21	-1.39044e-20
0.215	-1.55924e-20
0.22	6.06427e-20
0.225	9.30888e-20
0.23	7.68761e-20
0.235	-3.84923e-19
0.24	-6.28554e-20
0.245	1.34158e-19
0.25	1.06437e-19
0.255	-1.13851e-19
0.26	1.409e-19
0.265	-8.71021e-20
0.27	3.1681e-20
0.275	-4.87416e-20
0.28	-8.48481e-20
0.285	-2.92925e-19
0.29	3.08497e-19
0.295	1.22878e-19
0.3	-1.83779e-19
0.305	2.71729e-20
0.31	-1.44715e-19
0.315	-5.46146e-20
0.32	-1.85516e-19
0.325	-1.28378e-19
0.33	-1.84048e-20
0.335	-3.83398e-20
0.34	-1.13717e-19
0.345	-9.68422e-20
0.35	-3.02335e-20
0.355	4.48332e-20
0.36	1.28978e-19
0.365	-1.04225e-20
0.37	5.75925e-21
0.375	-2.29863e-19
0.38	-3.07608e-20
0.385	1.80119e-20
0.39	1.12662e-19
0.395	2.07917e-19
0.4	-1.93175e-19
0.405	-1.31819e-20
0.41	6.19558e-20
0.415	-8.50962e-21
0.42	2.03848e-20
0.425	-1.59491e-20
0.43	-2.7543e-19
0.435	2.68089e-19
0.44	7.94507e-20
0.445	-1.45791e-20
0.45	-6.20179e-20
0.455	-2.09483e-19
0.46	-2.95303e-20
0.465	-2.9398e-19
0.47	3.26736e-20
0.475	2.10766e-19
0.48	4.37082e-19
0.485	-4.81833e-20
0.49	1.15392e-20
0.495	-7.37432e-20
0.5	-5.51316e-20
0.505	-1.41903e-19
0.51	9.88481e-21
0.515	1.42647e-19
0.52	2.18665e-19
0.525	-2.1089e-19
0.53	-1.40745e-19
0.535	-3.91794e-19
0.54	-1.89631e-19
0.545	2.97144e-19
0.55	1.94119e-19
0.555	-2.54751e-19
0.56	6.02187e-20
0.565	-2.4894e-19
0.57	1.98875e-19
0.575	1.56833e-19
0.58	2.02835e-19
0.585	-1.01578e-19
0.59	3.43714e-19
0.595	2.36039e-19
0.6	3.50301e-19
0.605	-1.07947e-20
0.61	-8.94596e-20
0.615	-1.41779e-19
0.62	-1.33641e-19
0.625	2.45362e-19
0.63	-2.4104e-19
0.635	2.98592e-19
0.64	-1.56337e-19
0.645	1.06624e-19
0.65	-3.24338e-19
0.655	4.28893e-20
0.66	9.83931e-20
0.665	1.42895e-19
0.67	8.37107e-20
0.675	-7.79204e-20
0.68	-1.39794e-20
0.685	1.33672e-19
0.69	3.56515e-19
0.695	-1.15723e-19
0.7	1.4608e-19
0.705	2.47327e-20
0.71	3.31865e-19
0.715	-4.05319e-21
0.72	-2.42364e-20
0.725	-2.20113e-19
0.73	1.20686e-19
0.735	3.226e-21
0.74	-5.14506e-20
0.745	6.9235e-20
0.75	3.39971e-20
0.755	-6.40238e-20
0.76	3.66441e-20
0.765	2.21767e-19
0.77	1.76189e-19
0.775	-1.11049e-19
0.78	-4.1359e-22
0.785	-6.91109e-20
0.79	-6.19145e-20
0.795	3.85053e-20
0.8	1.1777e-19
0.805	-1.22361e-19
0.81	3.27047e-20
0.815	-7.33502e-20
0.82	-4.10488e-20
0.825	-7.58938e-21
0.83	1.71226e-20
0.835	-4.88037e-21
0.84	5.31215e-19
0.845	-1.93602e-19
0.85	1.85867e-19
0.855	1.37271e-19
0.86	2.07374e-19
0.865	-3.82819e-19
0.87	-5.39735e-20
0.875	-1.97738e-19
0.88	3.23138e-19
0.885	-2.7603e-19
0.89	5.23605e-20
0.895	2.18707e-19
0.9	-1.49554e-19
0.905	-1.48396e-19
0.91	-1.62789e-19
0.915	1.35658e-19
0.92	-2.04148e-19
0.925	1.68249e-19
0.93	6.35275e-20
0.935	-1.26724e-19
0.94	1.22754e-19
0.945	-1.33672e-19
0.95	-3.17637e-19
0.955	-4.99617e-20
0.96	-6.55127e-20
0.965	5.98879e-20
0.97	2.62051e-19
0.975	-2.07622e-19
0.98	8.75157e-20
0.985	1.4211e-19
0.99	-5.21786e-19
0.995	-2.38228e-19
1	-3.70577e-20
1.005	-2.27309e-19
1.01	-2.22677e-19
1.015	4.01348e-19
1.02	1.24739e-19
1.025	-7.44463e-20
1.03	-1.50051e-19
1.035	-3.73886e-20
1.04	-6.17077e-20
1.045	3.80834e-19
1.05	-1.61466e-19
1.055	8.32144e-20
1.06	1.40124e-19
1.065	-1.14813e-19
1.07	-1.39297e-19
1.075	-4.84562e-19
1.08	-1.38635e-19
1.085	-6.12114e-21
1.09	2.21188e-19
1.095	-1.20603e-19
1.1	2.34588e-19
1.105	-1.88597e-20
1.11	-2.07209e-19
1.115	-2.72804e-19
1.12	8.65231e-20
1.125	3.14329e-21
1.13	-1.22588e-19
1.135	-8.35452e-20
1.14	2.47327e-20
1.145	1.77182e-19
1.15	2.93277e-19
1.155	-3.69253e-19
1.16	7.21881e-19
1.165	-2.04396e-19
1.17	-1.37312e-20
1.175	1.60142e-19
1.18	-7.03104e-20
1.185	7.03104e-21
1.19	-1.90003e-19
1.195	1.51043e-19
1.2	1.49223e-19
1.205	-2.52786e-19
1.21	7.22956e-20
1.215	-8.22218e-20
1.22	-2.38559e-19
1.225	4.83901e-19
1.23	-1.34996e-19
1.235	-2.30949e-19
1.24	1.6709e-20
1.245	6.61744e-21
1.25	4.26329e-19
1.255	-1.72054e-19
1.26	1.06045e-19
1.265	1.20768e-19
1.27	1.53607e-19
1.275	-3.77691e-19
1.28	1.04556e-19
1.285	-4.12267e-19
1.29	-1.11835e-19
1.295	6.56781e-20
1.3	6.84244e-19
1.305	-1.20437e-19
1.31	-8.90046e-20
1.315	1.5733e-19
1.32	-1.36319e-19
1.325	-1.16136e-19
1.33	1.51539e-19
1.335	2.48154e-20
1.34	3.30872e-22
1.345	2.18707e-19
1.35	-2.37235e-19
1.355	2.88521e-19
1.36	1.11835e-19
1.365	-1.04225e-19
1.37	-5.25425e-19
1.375	-1.96207e-19
1.38	-2.18376e-19
1.385	-1.67421e-19
1.39	-1.1746e-19
1.395	-2.84219e-19
1.4	9.52912e-20
1.405	7.01449e-20
1.41	-2.83558e-19
1.415	2.6569e-19
1.42	-4.63221e-21
1.425	-2.83392e-19
1.43	-1.19776e-19
1.435	4.04326e-19
1.44	2.49809e-19
1.445	1.94553e-19
1.45	1.09188e-19
1.455	2.11758e-19
1.46	1.613e-19
1.465	9.56221e-20
1.47	-1.37312e-19
1.475	-1.38305e-19
1.48	1.17791e-19
1.485	-1.7652e-19
1.49	1.22092e-19
1.495	-1.3665e-19
1.5	-7.09721e-20
1.505	1.74866e-19
1.51	2.51628e-19
1.515	-3.46341e-19
1.52	4.35841e-19
1.525	-4.99617e-19
1.53	-6.78288e-20
1.535	-1.36816e-19
1.54	1.98027e-19
1.545	2.69661e-20
1.55	-1.47073e-19
1.555	-2.26482e-19
1.56	1.8198e-19
1.565	1.53856e-19
1.57	-2.64698e-19
1.575	1.56833e-19
1.58	-3.13667e-19
1.585	-6.25349e-20
1.59	1.81318e-19
1.595	-1.53856e-19
1.6	-2.24993e-20
1.605	-1.30033e-19
1.61	2.52786e-19
1.615	-4.88698e-19
1.62	-1.63782e-19
1.625	2.94145e-19
1.63	-3.62636e-19
1.635	1.30364e-19
1.64	-1.49554e-19
1.645	-3.85632e-19
1.65	1.69572e-19
1.655	3.87286e-19
1.66	3.94234e-19
1.665	9.36368e-20
1.67	9.77727e-20
1.675	-2.63374e-19
1.68	2.29543e-19
1.685	-4.06477e-19
1.69	-4.30134e-19
1.695	-2.68834e-19
1.7	-5.19469e-20
1.705	3.24917e-19
1.71	-3.39475e-19
1.715	5.80681e-20
1.72	-1.8959e-19
1.725	3.90264e-19
1.73	3.93738e-20
1.735	8.90046e-20
1.74	3.95392e-19
1.745	1.62955e-19
1.75	5.63145e-19
1.755	-9.1817e-20
1.76	1.84627e-19
1.765	4.15906e-19
1.77	4.20042e-19
1.775	-9.5953e-21
1.78	1.13655e-19
1.785	-1.98192e-19
1.79	-1.85123e-19
1.795	8.08983e-20
1.8	5.59505e-19
1.805	-9.99234e-20
1.81	-3.12343e-19
1.815	3.01425e-19
1.82	2.76775e-19
1.825	-2.01253e-19
1.83	2.25159e-19
1.835	1.53773e-19
1.84	1.42275e-19
1.845	-4.22441e-19
1.85	1.42358e-19
1.855	3.25992e-19
1.86	2.38642e-20
1.865	-2.49809e-19
1.87	1.96786e-19
1.875	4.05443e-19
1.88	9.78141e-20
1.885	-3.47437e-19
1.89	-7.4378e-19
1.895	-4.19794e-20
1.9	-3.66741e-19
1.905	1.40931e-19
1.91	5.36737e-20
1.915	-2.57258e-19
1.92	-1.53287e-19
1.925	-2.95014e-19
1.93	-2.77271e-19
1.935	-1.04556e-19
1.94	7.81686e-21
1.945	-5.57975e-19
1.95	7.16338e-20
1.955	-3.22931e-19
1.96	7.27919e-21
1.965	-1.34665e-19
1.97	6.07978e-20
1.975	-3.21194e-19
1.98	-2.51876e-19
1.985	-4.15162e-19
1.99	-1.0894e-19
1.995	1.93064e-19
2	5.64137e-20
2.005	-1.60969e-19
2.01	4.81088e-19
2.015	-2.1639e-19
2.02	4.38406e-20
2.025	-6.03511e-19
2.03	-4.79765e-21
2.035	-1.72715e-19
2.04	-2.66683e-19
2.045	1.4517e-19
2.05	8.73503e-20
2.055	1.56172e-19
2.06	6.89869e-20
2.065	1.4211e-19
2.07	1.02405e-19
2.075	-1.67835e-19
2.08	4.13549e-19
2.085	5.07641e-19
2.09	-2.3219e-19
2.095	7.12203e-20
2.1	1.20065e-19
2.105	2.12585e-20
2.11	-1.58777e-19
2.115	-1.36609e-19
2.12	7.36191e-20
2.125	2.02328e-19
2.13	2.82482e-20
2.135	-1.8777e-19
2.14	1.01743e-20
2.145	-1.41034e-20
2.15	6.64226e-20
2.155	3.69874e-19
2.16	-3.9136e-19
2.165	2.30556e-19
2.17	1.60494e-19
2.175	4.94075e-19
2.18	1.17915e-19
2.185	-2.08119e-19
2.19	-3.07587e-19
2.195	-2.9795e-19
2.2	8.37934e-20
2.205	2.35746e-19
2.21	-7.47771e-20
2.215	-2.29625e-19
2.22	2.63953e-19
2.225	-2.17879e-19
2.23	2.52869e-19
2.235	-2.5808e-20
2.24	5.37667e-20
2.245	-1.8595e-19
2.25	-1.08526e-19
2.255	1.47238e-19
2.26	-4.51558e-19
2.265	-4.01679e-19
2.27	-6.09632e-19
2.275	-1.4029e-19
2.28	8.86738e-20
2.285	2.65029e-19
2.29	-5.74891e-19
2.295	-1.25235e-19
2.3	-8.73503e-20
2.305	2.39717e-19
2.31	-7.34536e-20
2.315	-1.72054e-20
2.32	2.29625e-19
2.325	-3.17968e-19
2.33	3.63959e-20
2.335	-2.79422e-19
2.34	5.09543e-19
2.345	-3.80338e-19
2.35	1.33011e-19
2.355	-3.54364e-19
2.36	-2.00509e-19
2.365	-3.02252e-19
2.37	3.19126e-19
2.375	1.75031e-19
2.38	1.69737e-19
2.385	1.44922e-19
2.39	-3.6214e-19
2.395	2.63871e-19
2.4	3.42122e-19
2.405	-3.06057e-19
2.41	-2.28964e-19
2.415	-1.65436e-19
2.42	-6.68362e-20
2.425	1.33672e-19
2.43	5.4263e-19
2.435	5.06235e-20
2.44	-1.8595e-19
2.445	-1.58488e-19
2.45	-3.62471e-19
2.455	2.20526e-19
2.46	-2.87859e-20
2.465	2.81241e-19
2.47	5.85644e-20
2.475	-1.55014e-19
2.48	-1.4029e-19
2.485	1.62789e-19
2.49	-1.79002e-19
2.495	-4.23516e-20
2.5	4.5892e-19
2.505	-1.71888e-19
2.51	3.61809e-19
2.515	-4.90353e-19
2.52	-1.8198e-21
2.525	-2.7115e-19
2.53	-3.22931e-19
2.535	-1.08361e-19
2.54	2.10269e-19
2.545	-2.77933e-20
2.55	1.11008e-19
2.555	5.45939e-20
2.56	8.14773e-20
2.565	1.02653e-19
2.57	-2.7876e-20
2.575	-5.52888e-19
2.58	-3.82985e-20
2.585	-1.14978e-20
2.59	7.11872e-19
2.595	4.3154e-19
2.6	-1.03398e-20
2.605	-1.45749e-19
2.61	2.28633e-19
2.615	2.91498e-19
2.62	4.0383e-19
2.625	6.40238e-20
2.63	8.43724e-21
2.635	-1.67256e-19
2.64	-2.28302e-20
2.645	-1.67256e-19
2.65	3.0614e-19
2.655	-1.03728e-19
2.66	8.48687e-20
2.665	-9.008e-20
2.67	8.23872e-20
2.675	1.56999e-19
2.68	-1.14234e-19
2.685	-1.3086e-19
2.69	4.14748e-19
2.695	5.37337e-19
2.7	1.43185e-19
2.705	2.90671e-19
2.71	3.17141e-19
2.715	6.50578e-19
2.72	-3.06884e-20
2.725	-2.32024e-19
2.73	9.74832e-20
2.735	1.31315e-19
2.74	8.53237e-20
2.745	-1.0195e-19
2.75	-2.00964e-19
2.755	4.9362e-19
2.76	6.31552e-20
2.765	-1.39545e-19
2.77	3.08538e-20
2.775	-3.19209e-19
2.78	-6.28492e-19
2.785	5.67446e-20
2.79	-1.00172e-19
2.795	3.69502e-19
2.8	-4.09785e-19
2.805	-3.18713e-19
2.81	-4.64876e-20
2.815	-3.36414e-19
2.82	-4.30878e-19
2.825	-1.05548e-19
2.83	-5.60994e-19
2.835	2.37401e-19
2.84	-3.5486e-20
2.845	-1.61466e-19
2.85	1.07947e-19
2.855	5.56031e-19
2.86	3.89023e-19
2.865	-2.47823e-19
2.87	2.78677e-19
2.875	1.56916e-19
2.88	3.6975e-20
2.885	2.73135e-19
2.89	-2.31197e-19
2.895	4.85307e-19
2.9	6.52976e-19
2.905	-6.40238e-20
2.91	-8.51996e-20
2.915	4.3245e-19
2.92	-7.19647e-21
2.925	2.51546e-19
2.93	2.3798e-19
2.935	8.03192e-20
2.94	-3.18713e-19
2.945	4.705e-19
2.95	5.03422e-19
2.955	-3.8133e-20
2.96	-1.62872e-19
2.965	-1.51209e-19
2.97	-2.8728e-19
2.975	4.13259e-19
2.98	2.5229e-19
2.985	3.48243e-20
2.99	-2.96958e-19
2.995	-9.76073e-20
3	2.69661e-20
3.005	-1.11504e-19
3.01	-4.19629e-19
3.015	-1.22009e-19
3.02	2.59652e-19
3.025	-9.66974e-20
3.03	1.06706e-20
3.035	4.46678e-20
3.04	1.0712e-19
3.045	-1.25856e-19
3.05	-7.03104e-21
3.055	9.24788e-20
3.06	2.72515e-19
3.065	2.92905e-19
3.07	-2.5837e-19
3.075	4.63221e-21
3.08	3.29962e-19
3.085	3.95144e-19
3.09	3.39103e-19
3.095	5.79275e-19
3.1	1.26724e-19
3.105	3.9502e-19
3.11	3.14577e-19
3.115	1.24532e-19
3.12	-6.3817e-20
3.125	9.81863e-20
3.13	2.16597e-19
3.135	6.8201e-20
3.14	-1.21637e-19
3.145	-6.3817e-20
3.15	-5.76131e-20
3.155	-2.46831e-19
3.16	-3.31699e-20
3.165	3.05974e-19
3.17	-7.25437e-20
3.175	-1.7255e-19
3.18	-1.98482e-19
3.185	1.17749e-19
3.19	1.24904e-20
3.195	-2.38187e-19
3.2	-3.0523e-19
3.205	1.51539e-19
3.21	-1.97531e-19
3.215	-2.40006e-19
3.22	2.87238e-19
3.225	-3.08538e-20
3.23	6.8656e-20
3.235	4.30754e-19
3.24	-3.15032e-19
3.245	4.64876e-20
3.25	-1.63285e-19
3.255	1.44426e-19
3.26	-4.49531e-19
3.265	-2.12958e-19
3.27	-5.04167e-20
3.275	4.51806e-19
3.28	2.03486e-20
3.285	-9.94685e-20
3.29	2.9762e-19
3.295	-3.11847e-20
3.3	9.22306e-20
3.305	-4.2029e-19
3.31	-3.14908e-19
3.315	-4.64545e-19
3.32	-4.02092e-19
3.325	1.20768e-20
3.33	-2.54275e-19
3.335	-1.03728e-19
3.34	1.41448e-20
3.345	-2.61058e-19
3.35	-1.42689e-19
3.355	-1.31356e-19
3.36	7.46944e-20
3.365	-1.22257e-19
3.37	-2.56426e-21
3.375	-1.8198e-20
3.38	-1.40621e-20
3.385	7.57697e-20
3.39	2.08367e-19
3.395	-2.7024e-19
3.4	1.62541e-19
3.405	-1.09188e-20
3.41	-4.27487e-19
3.415	-1.09601e-19
3.42	5.01726e-19
3.425	4.84066e-19
3.43	2.52993e-19
3.435	1.11669e-20
3.44	2.00674e-19
3.445	-7.98229e-20
3.45	-3.99694e-19
3.455	-2.63705e-19
3.46	7.22956e-20
3.465	4.79765e-20
3.47	2.90258e-19
3.475	-3.46175e-19
3.48	5.35186e-20
3.485	2.10931e-20
3.49	-6.20385e-19
3.495	1.12497e-19
3.5	4.25336e-19
3.505	-3.44024e-19
3.51	6.39411e-20
3.515	-4.59251e-19
3.52	-3.159e-19
3.525	-1.48396e-19
3.53	-1.3665e-19
3.535	-4.41963e-19
3.54	-2.60479e-19
3.545	2.71646e-19
3.55	1.58405e-19
3.555	-1.63947e-19
3.56	4.67357e-20
3.565	2.57253e-19
3.57	5.48834e-19
3.575	-4.21862e-21
3.58	4.33856e-19
3.585	-2.16721e-19
3.59	8.96664e-20
3.595	1.25566e-19
3.6	-2.4377e-19
3.605	-6.3362e-20
3.61	-5.916e-19
3.615	-8.70194e-20
3.62	-4.1814e-19
3.625	5.73153e-19
3.63	-9.05763e-20
3.635	-1.85785e-19
3.64	-4.84066e-19
3.645	-1.92733e-20
3.65	3.44355e-19
3.655	1.97696e-19
3.66	3.09945e-19
3.665	2.14984e-19
3.67	-4.6107e-19
3.675	-1.00999e-19
3.68	-3.8894e-19
3.685	-5.38991e-19
3.69	-1.41448e-20
3.695	1.03563e-19
3.7	1.08692e-19
3.705	3.19623e-19
3.71	-3.65448e-19
3.715	-3.88692e-19
3.72	2.39717e-19
3.725	-1.92981e-19
3.73	1.38222e-19
3.735	1.5915e-19
3.74	7.10465e-19
3.745	4.96308e-20
3.75	-2.87693e-19
3.755	-1.06293e-19
3.76	2.52373e-19
3.765	2.44018e-20
3.77	1.02074e-19
3.775	-3.86376e-19
3.78	2.05968e-19
3.785	2.35085e-19
3.79	-4.17726e-20
3.795	-2.12668e-19
3.8	-2.85129e-19
3.805	8.50342e-20
3.81	1.25649e-19
3.815	3.55109e-19
3.82	-2.82896e-19
3.825	-5.0185e-19
3.83	3.90512e-19
3.835	5.10536e-19
3.84	-5.28362e-19
3.845	3.32113e-20
3.85	-5.14589e-19
3.855	-4.35511e-20
3.86	-3.03079e-19
3.865	3.18465e-20
3.87	-1.80449e-19
3.875	2.04893e-19
3.88	-2.03404e-19
3.885	1.38139e-20
3.89	-5.1463e-19
3.895	-1.32762e-20
3.9	2.51752e-19
3.905	4.77076e-20
3.91	-4.61794e-19
3.915	3.23221e-20
3.92	-2.56012e-20
3.925	-6.67948e-20
3.93	1.95463e-19
3.935	-1.45832e-19
3.94	9.22306e-21
3.945	2.61017e-19
3.95	8.52823e-20
3.955	-7.77963e-20
3.96	1.04638e-19
3.965	-4.29265e-19
3.97	-9.59943e-20
3.975	-3.89726e-19
3.98	5.10453e-19
3.985	-1.5795e-19
3.99	1.4972e-20
3.995	1.57785e-19
4	-1.345e-19
4.005	-3.66151e-19
4.01	6.29195e-19
4.015	-2.41371e-19
4.02	2.29336e-19
4.025	2.61224e-19
4.03	3.76781e-19
4.035	-5.47221e-19
4.04	-8.86324e-20
4.045	-2.64491e-19
4.05	-4.30961e-20
4.055	-2.30453e-19
4.06	-3.09366e-19
4.065	-4.7385e-19
4.07	-2.92946e-19
4.075	-3.27853e-19
4.08	2.08201e-19
4.085	2.4195e-20
4.09	2.44349e-19
4.095	1.37105e-19
4.1	-3.79304e-19
4.105	4.83073e-20
4.11	6.62985e-20
4.115	4.8146e-19
4.12	-2.81945e-19
4.125	8.35039e-20
4.13	2.32438e-20
4.135	-6.21213e-20
4.14	2.31735e-19
4.145	7.90371e-20
4.15	3.07256e-19
4.155	1.01991e-19
4.16	4.10282e-20
4.165	-3.73183e-19
4.17	-1.68331e-20
4.175	-2.25696e-19
4.18	-4.00149e-19
4.185	-5.47345e-19
4.19	2.12379e-19
4.195	-9.6532e-20
4.2	-2.71315e-20
4.205	-2.58122e-19
4.21	5.44285e-20
4.215	1.07906e-19
4.22	7.85822e-20
4.225	-2.16597e-19
4.23	-3.26819e-19
4.235	1.43102e-19
4.24	6.20427e-19
4.245	-5.44698e-20
4.25	3.00267e-19
4.255	-3.26736e-20
4.26	-2.76609e-19
4.265	1.01743e-19
4.27	2.11386e-19
4.275	4.93413e-19
4.28	9.82691e-20
4.285	-2.31486e-19
4.29	-8.08569e-20
4.295	2.84426e-19
4.3	-5.2253e-19
4.305	2.83227e-19
4.31	3.23428e-19
4.315	8.40912e-19
4.32	8.43476e-19
4.325	6.69189e-20
4.33	6.44374e-20
4.335	-1.65188e-19
4.34	-1.52284e-19
4.345	-3.10524e-19
4.35	2.61389e-20
4.355	-4.34187e-19
4.36	-7.15511e-20
4.365	-4.37e-19
4.37	2.69661e-19
4.375	-2.36822e-19
4.38	-8.96664e-20
4.385	7.44463e-22
4.39	5.07889e-20
4.395	-6.07978e-20
4.4	-2.17052e-19
4.405	4.59912e-20
4.41	1.38635e-19
4.415	-3.30624e-19
4.42	2.92077e-19
4.425	-5.81591e-19
4.43	6.94832e-20
4.435	-1.06789e-19
4.44	1.27551e-19
4.445	-9.27269e-20
4.45	-9.769e-20
4.455	4.69921e-19
4.46	1.99185e-19
4.465	2.83309e-19
4.47	-4.34353e-19
4.475	1.2507e-19
4.48	-9.29751e-20
4.485	2.13909e-19
4.49	-5.31629e-19
4.495	-2.75203e-19
4.5	5.51729e-20
4.505	-1.84048e-19
4.51	-3.80007e-19
4.515	6.62572e-20
4.52	1.32514e-19
4.525	-1.51291e-19
4.53	1.15061e-19
4.535	-8.30489e-20
4.54	-1.96125e-19
4.545	1.50464e-19
4.55	2.86618e-19
4.555	-1.73542e-19
4.56	-1.97696e-19
4.565	-5.49662e-19
4.57	3.53454e-19
4.575	-6.70016e-21
4.58	4.72734e-19
4.585	3.38069e-19
4.59	-4.45106e-19
4.595	-2.06961e-19
4.6	-8.56959e-20
4.605	1.54186e-19
4.61	-6.95659e-20
4.615	1.31604e-19
4.62	-1.31935e-19
4.625	-2.65029e-19
4.63	-1.82311e-19
4.635	-1.8595e-19
4.64	2.23173e-19
4.645	-3.76615e-19
4.65	3.88775e-19
4.655	-8.84256e-20
4.66	4.6074e-20
4.665	-4.09454e-19
4.67	-4.35841e-19
4.675	-3.09117e-19
4.68	3.90843e-19
4.685	2.92987e-19
4.69	-4.42955e-19
4.695	9.81863e-20
4.7	2.82648e-19
4.705	3.98701e-20
4.71	5.49248e-20
4.715	6.26176e-20
4.72	-1.57164e-21
4.725	-1.38718e-19
4.73	-2.56509e-19
4.735	-3.87534e-19
4.74	-6.23363e-19
4.745	-7.41154e-19
4.75	-4.08875e-19
4.755	-3.32692e-19
4.76	-3.45513e-19
4.765	1.42027e-19
4.77	6.36929e-20
4.775	-6.32793e-20
4.78	-4.82577e-19
4.785	2.3128e-19
4.79	-2.74872e-19
4.795	3.77773e-19
4.8	-3.06388e-19
4.805	-1.62955e-19
4.81	8.41243e-20
4.815	8.00711e-20
4.82	-1.06624e-19
4.825	-2.31445e-19
4.83	3.23593e-19
4.835	-1.23829e-19
4.84	3.07959e-19
4.845	2.88521e-19
4.85	-2.58411e-19
4.855	3.6975e-20
4.86	-6.18731e-20
4.865	2.38063e-19
4.87	-4.6107e-19
4.875	7.93266e-20
4.88	-3.451e-19
4.885	1.35161e-19
4.89	-1.86116e-19
4.895	4.78855e-19
4.9	-4.4006e-20
4.905	5.36096e-19
4.91	-1.44757e-20
4.915	2.03404e-19
4.92	1.98275e-19
4.925	-1.33176e-20
4.93	-8.18909e-20
4.935	4.60326e-19
4.94	-4.65785e-19
4.945	4.43617e-19
4.95	2.66187e-19
4.955	-3.20367e-19
4.96	-4.88285e-19
4.965	-2.39717e-19
4.97	-7.4529e-20
4.975	-2.57088e-19
4.98	-1.6039e-19
4.985	2.70736e-19
4.99	-1.16881e-19
4.995	2.83723e-20
5	4.26825e-20
5.005	1.17791e-19
5.01	-5.79688e-19
5.015	-7.29573e-20
5.02	-4.65206e-19
5.025	2.18128e-19
5.03	1.1655e-19
5.035	-4.16485e-20
5.04	5.04415e-19
5.045	-1.75569e-19
5.05	-4.705e-19
5.055	-1.22423e-19
5.06	2.15232e-19
5.065	-1.4881e-19
5.07	1.68042e-19
5.075	2.13495e-19
5.08	-7.12203e-20
5.085	-1.86736e-19
5.09	1.04142e-19
5.095	-2.82193e-19
5.1	-2.67014e-19
5.105	-7.27505e-20
5.11	1.93684e-19
5.115	-7.5687e-20
5.12	1.83221e-20
5.125	4.61525e-19
5.13	3.98287e-20
5.135	-4.75712e-19
5.14	3.60444e-19
5.145	-1.36609e-19
5.15	-1.75197e-19
5.155	-2.05803e-19
5.16	1.54972e-19
5.165	5.61118e-19
5.17	-3.81909e-19
5.175	9.09899e-20
5.18	-2.74624e-19
5.185	-2.00839e-19
5.19	-7.51494e-20
5.195	5.68439e-19
5.2	1.69986e-19
5.205	-4.41797e-19
5.21	-2.41495e-19
5.215	1.55303e-19
5.22	8.72841e-19
5.225	3.38069e-19
5.23	1.41117e-19
5.235	-8.88392e-20
5.24	-6.02063e-19
5.245	-2.65111e-19
5.25	-1.53235e-19
5.255	4.09868e-19
5.26	4.96308e-22
5.265	-2.87776e-19
5.27	2.63416e-19
5.275	-8.01952e-20
5.28	-6.65467e-20
5.285	2.21147e-19
5.29	-2.86122e-19
5.295	5.78902e-19
5.3	6.41065e-20
5.305	5.24846e-20
5.31	-4.25088e-19
5.315	6.08102e-19
5.32	-6.01278e-19
5.325	-2.56054e-19
5.33	-2.45838e-19
5.335	1.22423e-20
5.34	4.44775e-19
5.345	1.19941e-20
5.35	2.18913e-19
5.355	-3.08166e-19
5.36	4.73561e-20
5.365	1.41944e-19
5.37	-3.14742e-19
5.375	3.19953e-19
5.38	3.9531e-19
5.385	-1.67918e-20
5.39	5.29313e-19
5.395	2.11014e-19
5.4	1.27096e-19
5.405	1.54352e-19
5.41	-2.35581e-19
5.415	-3.39309e-19
5.42	7.29987e-20
5.425	8.0402e-20
5.43	-1.01619e-19
5.435	-2.40544e-19
5.44	1.03977e-19
5.445	-1.09105e-19
5.45	-3.65572e-19
5.455	5.00279e-19
5.46	-1.99516e-19
5.465	8.72262e-20
5.47	2.3463e-19
5.475	-1.41324e-19
5.48	4.51847e-19
5.485	2.73383e-19
5.49	-7.1427e-20
5.495	1.18949e-19
5.5	-8.93355e-21
5.505	-6.25597e-19
5.51	-1.25152e-19
5.515	2.90258e-19
5.52	5.78571e-19
5.525	2.00798e-19
5.53	1.9811e-19
5.535	-5.8399e-20
5.54	-4.52344e-19
5.545	-1.3057e-19
5.55	-4.29141e-19
5.555	4.54288e-19
5.56	-2.15026e-19
5.565	1.18866e-19
5.57	-7.47399e-19
5.575	-1.02529e-19
5.58	-4.85017e-19
5.585	-1.56751e-19
5.59	2.07622e-20
5.595	-1.87026e-19
5.6	-1.33962e-19
5.605	-3.22187e-19
5.61	2.28054e-19
5.615	-8.4786e-20
5.62	3.17141e-19
5.625	1.52367e-19
5.63	-5.2315e-19
5.635	5.95984e-20
5.64	3.28225e-19
5.645	4.02382e-19
5.65	-5.54211e-20
5.655	3.59369e-19
5.66	6.67535e-20
5.665	4.32533e-19
5.67	-4.01183e-20
5.675	-2.63622e-19
5.68	7.46696e-19
5.685	-2.91581e-20
5.69	-3.0738e-19
5.695	-8.28421e-20
5.7	1.93519e-19
5.705	-1.06624e-19
5.71	4.14004e-19
5.715	1.39794e-20
5.72	2.26647e-20
5.725	4.99203e-20
5.73	-2.93194e-19
5.735	-5.50323e-19
5.74	5.83907e-19
5.745	-2.02907e-19
5.75	1.40786e-19
5.755	-1.11214e-19
5.76	-4.83115e-19
5.765	-5.67405e-19
5.77	-3.37283e-19
5.775	-2.47617e-19
5.78	9.24374e-20
5.785	1.13861e-19
5.79	6.53059e-20
5.795	9.46295e-20
5.8	3.54612e-19
5.805	7.08852e-19
5.81	-6.37508e-19
5.815	-1.92195e-19
5.82	-6.36102e-20
5.825	1.83717e-19
5.83	2.10724e-19
5.835	4.73354e-19
5.84	-1.96042e-19
5.845	-2.02659e-20
5.85	2.5502e-19
5.855	4.64503e-19
5.86	4.85307e-19
5.865	5.19469e-20
5.87	-4.03499e-19
5.875	1.76189e-19
5.88	-2.98778e-19
5.885	-5.58761e-20
5.89	-3.47457e-19
5.895	-4.35262e-19
5.9	2.55309e-19
5.905	-1.01785e-19
5.91	7.76309e-20
5.915	4.68184e-20
5.92	2.12337e-19
5.925	-1.06334e-19
5.93	-3.30624e-19
5.935	4.29307e-20
5.94	-2.90092e-19
5.945	5.37833e-19
5.95	3.92911e-20
5.955	7.51907e-20
5.96	2.08739e-19
5.965	-1.79622e-19
5.97	2.73631e-19
5.975	-2.0543e-19
5.98	2.48609e-19
5.985	-2.4195e-19
5.99	-1.09726e-19
5.995	-2.68503e-19
6	-2.01873e-19
6.005	3.80503e-20
6.01	1.73294e-19
6.015	2.30618e-19
6.02	-9.40504e-20
6.025	-2.68213e-19
6.03	2.47327e-19
6.035	-1.27179e-19
6.04	-8.81775e-20
6.045	-1.75983e-19
6.05	1.4091e-19
6.055	-3.78931e-19
6.06	1.15309e-19
6.065	-2.06092e-19
6.07	-9.25202e-20
6.075	2.01543e-19
6.08	7.10135e-20
6.085	3.025e-19
6.09	-2.40585e-19
6.095	-6.26589e-20
6.1	-1.49306e-20
6.105	2.15232e-19
6.11	-2.75989e-19
6.115	-1.55386e-19
6.12	2.72225e-19
6.125	-4.61567e-20
6.13	2.02246e-19
6.135	-2.2156e-19
6.14	-7.03104e-21
6.145	-2.25614e-19
6.15	2.88893e-19
6.155	2.7512e-19
6.16	-5.1339e-19
6.165	2.72018e-19
6.17	3.02996e-19
6.175	-3.0647e-19
6.18	-4.08627e-20
6.185	-5.11942e-19
6.19	-8.08983e-20
6.195	5.14217e-19
6.2	-3.451e-19
6.205	-3.01425e-19
6.21	-3.42039e-19
6.215	1.42689e-20
6.22	3.31989e-19
6.225	1.60514e-19
6.23	2.18293e-19
6.235	2.25944e-19
6.24	-6.36515e-20
6.245	4.88616e-19
6.25	-8.11464e-20
6.255	2.3252e-19
6.26	1.68786e-19
6.265	1.4852e-19
6.27	-2.39014e-19
6.275	-2.18376e-20
6.28	3.24586e-19
6.285	-2.23091e-19
6.29	-1.67173e-19
6.295	-2.69744e-19
6.3	-2.4377e-19
6.305	-2.21767e-19
6.31	2.34092e-20
6.315	-3.01094e-19
6.32	2.49643e-19
6.325	5.16492e-19
6.33	3.89685e-19
6.335	1.70151e-19
6.34	2.81324e-19
6.345	1.17211e-19
6.35	-8.78383e-19
6.355	1.70482e-19
6.36	-9.09899e-21
6.365	-4.23186e-19
6.37	1.26062e-19
6.375	-5.74973e-19
6.38	2.12668e-19
6.385	2.61885e-19
6.39	-2.57584e-19
6.395	2.28881e-19
6.4	-1.6767e-19
6.405	-8.33798e-20
6.41	3.83398e-19
6.415	3.36497e-19
6.42	-2.24083e-19
6.425	-2.22429e-19
6.43	-4.50813e-20
6.435	3.19457e-19
6.44	1.77844e-20
6.445	-3.55688e-19
6.45	-7.16504e-19
6.455	2.88686e-20
6.46	1.93891e-19
6.465	-5.30223e-20
6.47	-1.91906e-20
6.475	3.10524e-19
6.48	-6.27003e-20
6.485	1.92237e-19
6.49	-2.44845e-19
6.495	-2.50222e-19
6.5	-4.03664e-20
6.505	-1.72136e-19
6.51	-2.87776e-19
6.515	-4.40556e-19
6.52	-3.54033e-19
6.525	-1.36237e-19
6.53	-1.01495e-19
6.535	3.14163e-19
6.54	5.45608e-19
6.545	-7.76723e-20
6.55	-2.71894e-19
6.555	1.04225e-19
6.56	7.5687e-20
6.565	-1.23581e-19
6.57	-1.3665e-19
6.575	-1.66842e-19
6.58	2.29625e-19
6.585	2.66518e-19
6.59	-9.55394e-20
6.595	1.20768e-19
6.6	-1.6676e-19
6.605	1.42937e-19
6.61	-3.21442e-19
6.615	1.93478e-19
6.62	1.06706e-20
6.625	-6.59594e-19
6.63	8.51169e-20
6.635	5.64716e-19
6.64	-4.21531e-19
6.645	-5.72409e-20
6.65	1.73791e-19
6.655	-2.12668e-19
6.66	4.56604e-20
6.665	-2.54937e-19
6.67	1.31191e-19
6.675	3.50228e-19
6.68	-6.08639e-19
6.685	5.35517e-19
6.69	3.89602e-19
6.695	3.41791e-19
6.7	-4.7232e-19
6.705	4.81171e-19
6.71	-5.2435e-19
6.715	-1.38139e-20
6.72	1.40124e-19
6.725	3.33354e-20
6.73	4.6074e-19
6.735	1.26393e-19
6.74	-2.09277e-20
6.745	3.46671e-19
6.75	4.24757e-19
6.755	-4.73147e-20
6.76	3.70246e-19
6.765	-1.97862e-19
6.77	1.17873e-19
6.775	3.17058e-19
6.78	-2.29625e-19
6.785	-1.87439e-19
6.79	-1.49968e-19
6.795	-1.35906e-19
6.8	-2.9125e-19
6.805	-3.70742e-19
6.81	-1.36319e-19
6.815	1.3483e-19
6.82	-4.16072e-19
6.825	-3.15487e-19
6.83	1.27799e-19
6.835	1.33672e-19
6.84	4.3518e-19
6.845	2.44101e-19
6.85	2.53531e-19
6.855	-2.3219e-19
6.86	1.70896e-19
6.865	-2.84964e-19
6.87	1.49637e-19
6.875	-2.8273e-19
6.88	-5.88125e-20
6.885	2.01667e-19
6.89	5.68935e-19
6.895	-1.5642e-19
6.9	-1.56172e-19
6.905	-2.39882e-21
6.91	3.31699e-19
6.915	4.21862e-19
6.92	1.90252e-21
6.925	-3.58335e-19
6.93	-3.5544e-19
6.935	6.52728e-19
6.94	1.5063e-19
6.945	-1.66015e-19
6.95	-4.20125e-19
6.955	-1.37312e-20
6.96	5.00444e-20
6.965	-3.84391e-19
6.97	-8.83429e-20
6.975	-5.89118e-19
6.98	3.05478e-19
6.985	-3.46589e-20
6.99	2.0481e-19
6.995	-1.47073e-19
7	2.06878e-19
7.005	9.80209e-20
7.01	-3.17306e-19
7.015	1.99102e-19
7.02	1.78423e-19
7.025	-2.89844e-19
7.03	-2.08284e-19
7.035	1.61383e-19
7.04	-1.35161e-19
7.045	-1.63534e-19
7.05	-3.78187e-19
7.055	-3.69088e-19
7.06	2.17549e-20
7.065	-3.54778e-19
7.07	-8.19736e-20
7.075	4.68184e-19
7.08	-4.82908e-19
7.085	-1.74204e-19
7.09	4.06559e-19
7.095	-1.02488e-19
7.1	9.1238e-20
7.105	4.78938e-19
7.11	5.15003e-19
7.115	1.75528e-19
7.12	4.94075e-19
7.125	-7.0939e-19
7.13	-1.03398e-20
7.135	6.15422e-20
7.14	-2.16556e-19
7.145	1.39214e-19
7.15	-3.92994e-19
7.155	2.71977e-19
7.16	3.53123e-19
7.165	-1.66015e-19
7.17	-5.22613e-19
7.175	8.58613e-20
7.18	1.7743e-19
7.185	-4.02837e-20
7.19	3.52048e-19
7.195	4.03581e-19
7.2	1.55345e-19
7.205	1.06706e-20
7.21	2.52456e-19
7.215	-1.6403e-19
7.22	3.06636e-19
7.225	-8.27181e-20
7.23	2.49809e-20
7.235	3.98205e-19
7.24	-1.20107e-19
7.245	-5.20958e-19
7.25	-1.82476e-19
7.255	-2.12585e-20
7.26	-2.9034e-19
7.265	-2.55185e-19
7.27	-2.4071e-20
7.275	-7.05089e-19
7.28	7.16338e-20
7.285	-3.40219e-19
7.29	7.96575e-20
7.295	-1.60969e-19
7.3	4.40639e-19
7.305	-2.02825e-19
7.31	1.48727e-19
7.315	6.99795e-20
7.32	3.00349e-19
7.325	-4.14666e-19
7.33	3.99115e-19
7.335	2.23504e-19
7.34	3.04072e-19
7.345	-1.5063e-19
7.35	-2.52621e-19
7.355	-5.03422e-19
7.36	-1.4211e-19
7.365	1.87522e-19
7.37	2.0299e-19
7.375	-5.81508e-20
7.38	-2.2582e-19
7.385	-4.04988e-19
7.39	3.30128e-19
7.395	-1.48562e-19
7.4	2.29129e-20
7.405	-9.28097e-20
7.41	-2.15646e-19
7.415	-2.53117e-20
7.42	1.96621e-19
7.425	4.57431e-20
7.43	1.76189e-20
7.435	-5.41886e-19
7.44	5.54211e-20
7.445	8.6854e-20
7.45	1.70978e-19
7.455	-3.30376e-19
7.46	-3.10524e-19
7.465	-5.14341e-19
7.47	-1.07533e-20
7.475	-3.04899e-19
7.48	-3.48078e-19
7.485	3.20781e-19
7.49	2.68586e-19
7.495	-3.3112e-19
7.5	-7.67624e-20
7.505	4.72899e-19
7.51	6.95328e-19
7.515	2.71646e-19
7.52	2.42033e-19
7.525	2.55682e-19
7.53	-1.0894e-19
7.535	-1.34417e-19
7.54	2.91829e-19
7.545	5.62814e-19
7.55	-6.12114e-20
7.555	-4.23186e-19
7.56	4.89525e-19
7.565	-1.99516e-19
7.57	1.14978e-19
7.575	2.83723e-19
7.58	-1.76851e-19
7.585	1.19114e-19
7.59	-8.79293e-20
7.595	5.87298e-20
7.6	3.74713e-20
7.605	-1.03894e-19
7.61	-1.90086e-19
7.615	4.47918e-19
7.62	-3.46754e-19
7.625	-1.18618e-19
7.63	-1.52863e-19
7.635	1.51788e-19
7.64	2.06133e-19
7.645	-2.53448e-19
7.65	-2.85377e-20
7.655	1.23912e-19
7.66	4.39233e-19
7.665	-4.37496e-19
7.67	8.44551e-20
7.675	-7.03104e-21
7.68	2.75947e-19
7.685	1.29702e-19
7.69	-3.39971e-20
7.695	-2.51132e-19
7.7	3.77112e-19
7.705	-2.54606e-19
7.71	8.40416e-20
7.715	-2.92822e-20
7.72	-2.91168e-19
7.725	-2.10683e-19
7.73	-1.13489e-19
7.735	-7.46117e-20
7.74	-2.83806e-19
7.745	4.09703e-19
7.75	1.04059e-19
7.755	-2.73797e-19
7.76	1.07285e-19
7.765	1.72136e-19
7.77	6.68362e-20
7.775	-1.71888e-19
7.78	1.00337e-19
7.785	2.7206e-19
7.79	7.03269e-19
7.795	6.99795e-20
7.8	1.21347e-19
7.805	-2.07622e-19
7.81	1.72384e-19
7.815	7.48598e-20
7.82	6.63399e-20
7.825	-6.15505e-19
7.83	2.23752e-19
7.835	4.78855e-19
7.84	-3.29383e-19
7.845	-3.13998e-19
7.85	1.35575e-19
7.855	3.27564e-19
7.86	1.29785e-19
7.865	2.32851e-19
7.87	-1.9993e-19
7.875	3.28722e-19
7.88	1.84048e-19
7.885	-3.76202e-19
7.89	2.08532e-19
7.895	2.57005e-19
7.9	5.05821e-19
7.905	-2.43026e-19
7.91	-5.37667e-20
7.915	-3.384e-19
7.92	2.73135e-19
7.925	-3.37076e-19
7.93	-2.59652e-19
7.935	2.48568e-19
7.94	-2.51297e-19
7.945	3.10524e-19
7.95	5.24515e-19
7.955	-4.24261e-19
7.96	1.06458e-19
7.965	-7.3098e-19
7.97	6.36846e-19
7.975	-3.06222e-19
7.98	-2.95717e-19
7.985	1.88514e-19
7.99	-8.00711e-20
7.995	-3.82736e-19
8	-2.63622e-19
8.005	-9.77727e-20
8.01	4.42293e-19
8.015	-4.82412e-19
8.02	4.16403e-19
8.025	-1.38966e-19
8.03	7.09721e-20
8.035	-2.10848e-19
8.04	1.29371e-19
8.045	1.67256e-19
8.05	-2.58163e-19
8.055	-3.61809e-19
8.06	1.26559e-20
8.065	-1.06458e-19
8.07	2.73631e-19
8.075	-1.48975e-19
8.08	1.89838e-19
8.085	3.38317e-19
8.09	3.092e-19
8.095	-2.63871e-20
8.1	-9.74419e-20
8.105	-2.27475e-19
8.11	-6.50578e-19
8.115	3.94565e-20
8.12	4.18802e-19
8.125	-4.40887e-20
8.13	-1.59977e-19
8.135	2.26151e-19
8.14	-1.80904e-19
8.145	2.41454e-19
8.15	6.11535e-19
8.155	6.37922e-19
8.16	-3.06884e-20
8.165	1.08361e-19
8.17	-2.35829e-19
8.175	-1.67256e-19
8.18	-4.705e-19
8.185	3.04237e-19
8.19	-3.36166e-19
8.195	2.54854e-19
8.2	2.66518e-19
8.205	-4.45189e-19
8.21	-1.53028e-19
8.215	3.2533e-19
8.22	2.2276e-19
8.225	3.47581e-19
8.23	6.78702e-19
8.235	2.84881e-19
8.24	-2.99688e-19
8.245	-3.6702e-19
8.25	8.55305e-20
8.255	3.44934e-20
8.26	5.23026e-19
8.265	1.40703e-19
8.27	-1.97365e-19
8.275	-1.7255e-19
8.28	-4.43038e-19
8.285	-1.5187e-19
8.29	-3.37076e-19
8.295	-3.59493e-19
8.3	1.51539e-19
8.305	7.88634e-19
8.31	9.43813e-20
8.315	-1.02157e-19
8.32	-4.00025e-19
8.325	-3.07628e-19
8.33	1.07864e-19
8.335	-2.48568e-19
8.34	2.12999e-19
8.345	-4.31127e-19
8.35	-4.27652e-20
8.355	1.56916e-19
8.36	6.22867e-19
8.365	2.37401e-19
8.37	3.26323e-19
8.375	-7.69278e-21
8.38	-7.70105e-20
8.385	-4.82743e-19
8.39	-1.14813e-19
8.395	1.21678e-19
8.4	8.10637e-21
8.405	2.22677e-19
8.41	-8.02365e-20
8.415	2.62961e-19
8.42	-1.59977e-19
8.425	-1.10346e-19
8.43	2.94228e-19
8.435	3.26405e-19
8.44	-2.27806e-19
8.445	3.68923e-20
8.45	2.30039e-19
8.455	-8.39588e-20
8.46	4.05484e-19
8.465	-1.19776e-19
8.47	2.17218e-19
8.475	-7.14684e-20
8.48	-1.62045e-19
8.485	2.81241e-21
8.49	3.41874e-19
8.495	-3.32113e-19
8.5	-7.78212e-19
8.505	-1.90996e-19
8.51	1.58819e-19
8.515	-2.27971e-19
8.52	-3.51965e-19
8.525	-6.46855e-20
8.53	1.97117e-19
8.535	-3.02748e-20
8.54	-3.60072e-19
8.545	-1.36568e-19
8.55	-2.82896e-19
8.555	-1.93643e-19
8.56	-3.51717e-19
8.565	3.72397e-19
8.57	-3.10854e-19
8.575	-3.39475e-19
8.58	-4.46678e-20
8.585	2.3252e-19
8.59	1.41117e-19
8.595	-5.5752e-20
8.6	9.48776e-20
8.605	3.65614e-20
8.61	4.12763e-20
8.615	-2.43936e-19
8.62	-2.53696e-19
8.625	9.67801e-20
8.63	4.01348e-19
8.635	-2.07788e-19
8.64	1.06706e-19
8.645	-1.88514e-19
8.65	8.1287e-19
8.655	2.81241e-21
8.66	4.437e-19
8.665	3.83895e-19
8.67	-1.35658e-19
8.675	-1.93478e-19
8.68	1.79995e-19
8.685	-2.45424e-19
8.69	5.69597e-19
8.695	-2.93649e-20
8.7	-8.5365e-20
8.705	-4.70914e-19
8.71	6.12941e-20
8.715	1.68745e-20
8.72	4.70666e-20
8.725	-1.38635e-19
8.73	-3.10275e-19
8.735	-3.32609e-19
8.74	-5.19469e-20
8.745	-3.36166e-19
8.75	-2.23835e-19
8.755	6.89869e-20
8.76	1.6767e-19
8.765	5.64303e-19
8.77	-4.71245e-19
8.775	1.54021e-19
8.78	-7.89957e-20
8.785	2.75865e-19
8.79	-2.83888e-19
8.795	-9.21479e-20
8.8	-2.82069e-19
8.805	5.82749e-19
8.81	-5.08468e-19
8.815	3.42453e-20
8.82	3.2442e-19
8.825	1.0348e-19
8.83	1.06706e-19
8.835	-1.66429e-19
8.84	5.4321e-19
8.845	1.19362e-19
8.85	-1.99351e-19
8.855	-4.66447e-19
8.86	-2.60975e-19
8.865	5.46353e-19
8.87	-1.99185e-19
8.875	3.53206e-20
8.88	1.47238e-19
8.885	8.72676e-20
8.89	1.17542e-19
8.895	-2.2582e-20
8.9	1.37229e-19
8.905	-2.75865e-19
8.91	1.08692e-19
8.915	4.39233e-20
8.92	3.93242e-19
8.925	1.4426e-19
8.93	9.67801e-20
8.935	-2.84798e-19
8.94	-2.62216e-20
8.945	-6.84906e-20
8.95	1.2631e-19
8.955	-2.18458e-19
8.96	-5.99623e-19
8.965	-3.09779e-19
8.97	5.19966e-19
8.975	-1.0894e-19
8.98	3.02748e-19
8.985	-1.07037e-19
8.99	-4.0689e-19
8.995	4.08627e-20
9	5.33201e-19
9.005	-4.16568e-19
9.01	-2.49147e-19
9.015	3.40798e-20
9.02	-2.46665e-19
9.025	-5.17898e-19
9.03	-6.05e-19
9.035	-3.30376e-19
9.04	-1.479e-19
9.045	2.28136e-19
9.05	-1.78919e-19
9.055	3.25909e-20
9.06	2.65277e-19
9.065	-1.00668e-19
9.07	-2.13661e-19
9.075	3.39227e-19
9.08	8.6854e-21
9.085	5.10122e-19
9.09	1.20107e-19
9.095	1.65188e-19
9.1	-1.65436e-21
9.105	-3.61974e-19
9.11	3.03741e-19
9.115	2.34671e-19
9.12	1.2689e-19
9.125	-2.36574e-20
9.13	1.19858e-19
9.135	-4.88616e-19
9.14	1.44757e-19
9.145	-9.29751e-20
9.15	-1.32928e-19
9.155	2.31114e-19
9.16	-2.95303e-20
9.165	-1.32597e-19
9.17	-1.57991e-19
9.175	4.01679e-19
9.18	1.91327e-19
9.185	3.90098e-19
9.19	-2.19203e-20
9.195	3.226e-20
9.2	-2.30866e-19
9.205	-2.50718e-19
9.21	2.10848e-19
9.215	-5.68521e-19
9.22	-1.27386e-20
9.225	3.13832e-19
9.23	-1.38139e-20
9.235	4.40887e-20
9.24	-2.75451e-20
9.245	-1.91492e-19
9.25	-1.27055e-19
9.255	-4.67274e-19
9.26	3.55522e-19
9.265	2.39055e-20
9.27	6.58436e-20
9.275	8.74992e-19
9.28	-4.16651e-19
9.285	-1.91989e-19
9.29	1.83551e-19
9.295	6.45201e-20
9.3	6.40321e-19
9.305	-1.01743e-20
9.31	1.13324e-19
9.315	1.7164e-19
9.32	2.29708e-19
9.325	1.60804e-19
9.33	-4.53295e-19
9.335	-5.38825e-19
9.34	-5.5752e-20
9.345	-4.13756e-19
9.35	-3.91422e-19
9.355	-2.09111e-19
9.36	-2.85212e-19
9.365	-3.31617e-19
9.37	9.16516e-20
9.375	-1.41779e-19
9.38	1.67918e-20
9.385	-1.99102e-19
9.39	1.7073e-19
9.395	1.01743e-20
9.4	6.57609e-20
9.405	1.46659e-19
9.41	-5.80102e-19
9.415	-1.33921e-19
9.42	-1.80325e-20
9.425	1.83138e-19
9.43	3.86045e-19
9.435	2.78925e-19
9.44	-1.76603e-19
9.445	1.08609e-19
9.45	1.06954e-19
9.455	6.27003e-20
9.46	-3.3476e-19
9.465	-6.68362e-20
9.47	5.58347e-19
9.475	-3.59079e-19
9.48	-3.63877e-19
9.485	1.8777e-20
9.49	-1.26972e-19
9.495	-3.1284e-19
9.5	-4.4676e-19
9.505	2.21684e-19
9.51	-7.14849e-19
9.515	2.55764e-19
9.52	-8.0981e-20
9.525	1.06954e-19
9.53	-2.79587e-20
9.535	1.04556e-19
9.54	-5.34855e-19
9.545	1.22505e-19
9.55	6.57774e-19
9.555	-5.76958e-19
9.56	8.02365e-21
9.565	1.59894e-19
9.57	2.13413e-19
9.575	2.9307e-19
9.58	-5.99871e-19
9.585	1.13489e-19
9.59	8.04847e-20
9.595	4.3642e-19
9.6	4.49159e-20
9.605	-2.43357e-19
9.61	7.55381e-19
9.615	4.77531e-19
9.62	-2.59487e-19
9.625	-1.39794e-20
9.63	-2.18376e-20
9.635	-9.42159e-20
9.64	-4.09124e-19
9.645	-1.51374e-20
9.65	5.48917e-19
9.655	-9.4464e-20
9.66	-2.88851e-19
9.665	-7.69278e-20
9.67	5.50902e-20
9.675	-4.55611e-19
9.68	-1.18039e-19
9.685	3.17389e-19
9.69	1.36319e-19
9.695	-3.28804e-19
9.7	9.25781e-19
9.705	9.48776e-20
9.71	4.89195e-19
9.715	1.40869e-19
9.72	7.44463e-22
9.725	1.2325e-20
9.73	6.13851e-19
9.735	-1.54517e-19
9.74	-1.7437e-19
9.745	-9.10726e-20
9.75	-1.40869e-19
9.755	-5.86471e-20
9.76	-4.59912e-19
9.765	-3.33933e-19
9.77	-4.10612e-19
9.775	-1.74452e-19
9.78	3.65531e-19
9.785	-1.42523e-19
9.79	2.97702e-19
9.795	1.46411e-20
9.8	4.47505e-19
9.805	8.23541e-19
9.81	-3.1375e-19
9.815	-1.21265e-19
9.82	-5.03918e-19
9.825	-3.47416e-21
9.83	-1.053e-19
9.835	-3.80503e-19
9.84	-7.48598e-20
9.845	1.25483e-19
9.85	4.10282e-19
9.855	-3.5271e-19
9.86	1.91079e-19
9.865	3.26571e-19
9.87	4.09041e-19
9.875	-2.52207e-19
9.88	-2.31114e-19
9.885	1.83221e-19
9.89	-6.76634e-20
9.895	4.35593e-19
9.9	3.00928e-19
9.905	4.93165e-19
9.91	5.98631e-19
9.915	1.82972e-19
9.92	-9.27269e-20
9.925	4.86051e-19
9.93	-2.63126e-19
9.935	-1.08692e-19
9.94	-4.11771e-19
9.945	3.37407e-19
9.95	2.04644e-19
9.955	5.08716e-20
9.96	1.91492e-19
9.965	-4.18553e-19
9.97	-2.30618e-19
9.975	-3.49897e-20
9.98	-5.05159e-19
9.985	-6.70016e-21
9.99	-5.45443e-19
9.995	2.44845e-19
10	8.51996e-21
