0.005	-7.23783e-22
0.01	5.64163e-22
0.015	-1.07327e-20
0.02	9.74522e-21
0.025	3.62098e-20
0.03	4.70562e-20
0.035	1.55096e-20
0.04	-4.62859e-20
0.045	-7.44446e-21
0.05	1.126e-20
0.055	2.28509e-21
0.06	1.04297e-19
0.065	9.18894e-20
0.07	1.70916e-20
0.075	6.17904e-20
0.08	-6.73532e-20
0.085	6.60604e-20
0.09	1.51477e-19
0.095	-5.85748e-20
0.1	1.66067e-19
0.105	-1.60576e-20
0.11	-1.1931e-19
0.115	1.8869e-19
0.12	5.99139e-20
0.125	-1.04276e-19
0.13	-2.28095e-20
0.135	5.49041e-20
0.14	1.10956e-19
0.145	-3.77298e-20
0.15	4.51434e-20
0.155	-2.33865e-19
0.16	-4.41731e-20
0.165	1.24429e-19
0.17	-5.17401e-20
0.175	-5.91848e-20
0.18	8.35452e-21
0.185	6.01774e-20
0.19	2.24704e-19
0.195	-5.46766e-20
0.2	2.06299e-19
0.205	1.4517e-19
0.21	2.29336e-20
0.215	1.09188e-19
0.22	1.06003e-19
0.225	4.18967e-20
0.23	2.91374e-20
0.235	6.1232e-20
0.24	1.48107e-19
0.245	1.18328e-19
0.25	-1.60473e-19
0.255	-6.02187e-20
0.26	1.58984e-19
0.265	1.03315e-19
0.27	-4.5102e-20
0.275	3.31699e-20
0.28	-2.73176e-20
0.285	2.06795e-21
0.29	7.80031e-20
0.295	2.45673e-20
0.3	1.08505e-19
0.305	-9.0659e-20
0.31	-1.84958e-19
0.315	1.85371e-19
0.32	-5.59174e-20
0.325	-7.80031e-20
0.33	1.3359e-19
0.335	8.35452e-21
0.34	2.19616e-20
0.345	3.80503e-21
0.35	-7.86642e-20
0.355	1.29785e-19
0.36	1.63782e-20
0.365	-1.46866e-19
0.37	1.60432e-19
0.375	-1.27262e-19
0.38	-1.07368e-19
0.385	1.74514e-19
0.39	2.07002e-19
0.395	9.26029e-20
0.4	5.91434e-20
0.405	2.36987e-20
0.41	-1.04515e-19
0.415	3.3232e-19
0.42	4.10695e-20
0.425	-1.26724e-19
0.43	1.78298e-19
0.435	1.40786e-19
0.44	-1.76934e-19
0.445	-1.4091e-19
0.45	5.08716e-21
0.455	-1.33507e-19
0.46	-1.71309e-19
0.465	1.05466e-20
0.47	-9.98407e-20
0.475	-2.97371e-20
0.48	-1.26269e-19
0.485	-2.57419e-19
0.49	2.5808e-20
0.495	2.69371e-19
0.5	2.42778e-20
0.505	1.38491e-19
0.51	-3.01921e-21
0.515	-4.46264e-20
0.52	1.90252e-20
0.525	3.92414e-19
0.53	2.07912e-19
0.535	6.24108e-20
0.54	-1.78257e-19
0.545	-3.45596e-19
0.55	-2.01873e-19
0.555	4.27446e-20
0.56	-7.05585e-20
0.565	5.29396e-20
0.57	-1.50857e-19
0.575	2.14902e-19
0.58	-8.02986e-20
0.585	1.73708e-19
0.59	-1.72881e-20
0.595	1.48851e-19
0.6	-1.58633e-19
0.605	2.68503e-19
0.61	1.81277e-19
0.615	-8.85083e-21
0.62	-1.2813e-19
0.625	-6.89972e-20
0.63	-1.75197e-19
0.635	3.12405e-19
0.64	2.64863e-19
0.645	1.44963e-19
0.65	-4.75215e-20
0.655	-2.26647e-20
0.66	8.99559e-20
0.665	1.88597e-20
0.67	-2.25572e-19
0.675	-1.69489e-19
0.68	3.12674e-19
0.685	-1.91658e-19
0.69	1.14151e-20
0.695	4.32615e-20
0.7	-3.08538e-20
0.705	-8.87565e-20
0.71	-4.35097e-20
0.715	-1.19114e-19
0.72	-2.02328e-19
0.725	-7.57697e-20
0.73	1.78836e-19
0.735	-3.82654e-19
0.74	-2.75451e-19
0.745	3.98536e-19
0.75	7.01449e-20
0.755	6.8904e-20
0.76	1.86447e-19
0.765	1.36485e-21
0.77	8.93355e-20
0.775	3.08704e-19
0.78	-8.32557e-20
0.785	8.90046e-20
0.79	2.75286e-19
0.795	3.80627e-19
0.8	-2.27185e-19
0.805	-3.26891e-19
0.81	3.54654e-20
0.815	-2.00591e-20
0.82	2.13206e-20
0.825	-2.63178e-19
0.83	2.81241e-21
0.835	2.2489e-19
0.84	-2.69123e-19
0.845	-3.08125e-20
0.85	1.88721e-19
0.855	2.1151e-19
0.86	-1.00668e-19
0.865	2.19492e-19
0.87	-1.99888e-19
0.875	-7.02276e-20
0.88	-3.41584e-19
0.885	2.07291e-19
0.89	-5.55038e-20
0.895	-5.34441e-19
0.9	-2.58411e-19
0.905	1.70399e-20
0.91	-8.78466e-20
0.915	1.43929e-20
0.92	8.00711e-20
0.925	-2.51794e-19
0.93	-4.26163e-19
0.935	-4.57596e-19
0.94	-2.19699e-19
0.945	-8.00711e-20
0.95	5.79026e-20
0.955	1.73046e-19
0.96	-1.38966e-19
0.965	1.47238e-19
0.97	1.0257e-20
0.975	1.73708e-19
0.98	3.54364e-19
0.985	2.77436e-19
0.99	-1.70399e-19
0.995	-1.60804e-19
1	1.91906e-20
1.005	1.46576e-19
1.01	-6.84906e-20
1.015	-1.04225e-19
1.02	-3.49732e-19
1.025	4.53295e-20
1.03	1.6494e-19
1.035	2.46831e-19
1.04	-2.06795e-19
1.045	-8.17254e-20
1.05	8.30489e-20
1.055	-2.45507e-19
1.06	1.28378e-19
1.065	-8.4207e-20
1.07	-1.14813e-19
1.075	2.5808e-20
1.08	-5.0458e-20
1.085	-2.76278e-20
1.09	1.37147e-19
1.095	-2.24662e-19
1.1	1.82972e-19
1.105	-3.4601e-19
1.11	-4.69011e-20
1.115	1.57164e-20
1.12	5.92261e-20
1.125	-5.93088e-20
1.13	7.94093e-21
1.135	2.80745e-19
1.14	-2.039e-20
1.145	-1.56503e-19
1.15	-1.9447e-19
1.155	1.87398e-19
1.16	2.49478e-19
1.165	1.45336e-19
1.17	-1.27055e-19
1.175	-6.63316e-19
1.18	-2.48981e-19
1.185	-4.88037e-20
1.19	-1.78506e-19
1.195	5.87298e-20
1.2	2.71646e-19
1.205	3.42453e-20
1.21	3.55026e-19
1.215	-3.20615e-19
1.22	-2.09442e-19
1.225	-1.88266e-19
1.23	-8.78466e-20
1.235	3.2806e-19
1.24	1.45418e-19
1.245	6.28657e-20
1.25	-2.80745e-19
1.255	3.24089e-19
1.26	3.18299e-19
1.265	-1.11669e-19
1.27	3.54281e-19
1.275	-8.75157e-20
1.28	-1.24077e-19
1.285	1.96704e-19
1.29	-1.64113e-19
1.295	-3.44934e-19
1.3	-9.26442e-21
1.305	1.37643e-19
1.31	-1.59811e-19
1.315	-1.48231e-19
1.32	-2.67014e-19
1.325	-2.83888e-19
1.33	2.82234e-19
1.335	-3.63629e-19
1.34	1.38305e-19
1.345	-2.13413e-20
1.35	2.75617e-19
1.355	1.08857e-19
1.36	1.90913e-19
1.365	8.17254e-20
1.37	1.16798e-19
1.375	-9.82691e-20
1.38	-9.52912e-20
1.385	1.1746e-19
1.39	1.73046e-19
1.395	2.06795e-19
1.4	2.10766e-19
1.405	5.32704e-20
1.41	-1.19776e-19
1.415	7.17993e-20
1.42	-2.07126e-19
1.425	3.60982e-19
1.43	-5.55865e-20
1.435	-1.80325e-20
1.44	-4.49325e-19
1.445	9.26442e-21
1.45	8.60268e-20
1.455	5.52557e-20
1.46	-6.45201e-21
1.465	-1.32349e-21
1.47	9.13207e-20
1.475	1.10842e-19
1.48	4.03664e-20
1.485	2.1821e-19
1.49	-2.81241e-20
1.495	2.09608e-19
1.5	1.58819e-20
1.505	7.2461e-20
1.51	1.9356e-20
1.515	-1.74122e-19
1.52	-4.49738e-19
1.525	-1.08692e-19
1.53	2.99274e-19
1.535	-5.79026e-20
1.54	-1.98523e-21
1.545	1.20768e-19
1.55	-1.66429e-19
1.555	6.65053e-20
1.56	-1.35658e-19
1.565	6.15753e-19
1.57	2.0845e-20
1.575	3.57342e-20
1.58	-2.7694e-19
1.585	1.03894e-19
1.59	2.15067e-19
1.595	2.48154e-20
1.6	-3.31865e-19
1.605	-7.27919e-21
1.61	-3.42287e-19
1.615	1.00916e-19
1.62	-9.42986e-20
1.625	-2.54772e-19
1.63	-1.05217e-19
1.635	5.75718e-20
1.64	-4.03995e-19
1.645	1.80491e-19
1.65	-2.96792e-19
1.655	-1.46411e-19
1.66	-1.47652e-19
1.665	2.49643e-19
1.67	-2.31197e-19
1.675	3.35835e-20
1.68	1.50299e-19
1.685	-2.80414e-19
1.69	2.64699e-21
1.695	-1.56337e-19
1.7	-2.8058e-19
1.705	-2.67841e-19
1.71	1.87439e-19
1.715	-3.8133e-19
1.72	-5.34193e-19
1.725	-1.14316e-19
1.73	-9.56221e-20
1.735	-3.79014e-19
1.74	2.36077e-19
1.745	-1.35492e-19
1.75	2.45507e-19
1.755	-1.07037e-19
1.76	5.36013e-20
1.765	-6.12114e-20
1.77	-2.10931e-19
1.775	-3.44273e-19
1.78	-1.21099e-19
1.785	1.42275e-19
1.79	4.74802e-20
1.795	-1.42441e-19
1.8	-1.92899e-19
1.805	-1.07782e-19
1.81	3.15073e-19
1.815	4.40639e-19
1.82	-1.29867e-20
1.825	-9.09899e-21
1.83	-1.35244e-19
1.835	-1.46328e-19
1.84	2.14653e-19
1.845	-6.02187e-20
1.85	1.94553e-19
1.855	3.76698e-19
1.86	7.50253e-20
1.865	-7.69692e-20
1.87	-2.35745e-19
1.875	-1.00957e-19
1.88	-2.2367e-19
1.885	3.67041e-19
1.89	1.37891e-19
1.895	1.93788e-19
1.9	-2.1059e-19
1.905	4.07025e-19
1.91	-3.07411e-19
1.915	2.28638e-19
1.92	5.61759e-20
1.925	-2.34981e-19
1.93	-2.13888e-19
1.935	-1.82021e-19
1.94	-2.2764e-19
1.945	-1.57454e-19
1.95	2.92284e-19
1.955	-4.09124e-19
1.96	-1.64528e-19
1.965	-7.03104e-20
1.97	-4.79765e-20
1.975	7.57615e-19
1.98	-4.87209e-20
1.985	9.7111e-20
1.99	-2.60478e-19
1.995	1.35658e-20
2	-1.57164e-20
2.005	1.80822e-19
2.01	2.11758e-19
2.015	1.10511e-19
2.02	3.62305e-19
2.025	-3.12674e-20
2.03	3.60154e-19
2.035	1.4608e-19
2.04	1.17294e-19
2.045	-8.08155e-20
2.05	-2.52042e-19
2.055	1.82559e-19
2.06	-4.88037e-20
2.065	-1.1746e-20
2.07	-6.91192e-19
2.075	-1.86612e-19
2.08	9.84759e-20
2.085	-1.14399e-19
2.09	-6.95824e-19
2.095	2.45259e-19
2.1	9.01627e-20
2.105	-4.98707e-19
2.11	-4.54908e-19
2.115	-5.27824e-19
2.12	-1.79788e-19
2.125	1.46411e-20
2.13	2.65897e-19
2.135	-5.3804e-19
2.14	2.20444e-19
2.145	-3.47581e-19
2.15	-1.63079e-19
2.155	4.68432e-19
2.16	-2.03941e-19
2.165	7.29573e-20
2.17	1.34872e-19
2.175	1.71971e-19
2.18	-3.7736e-19
2.185	-2.42116e-19
2.19	-3.20987e-19
2.195	-2.23752e-19
2.2	5.50902e-20
2.205	-1.58819e-19
2.21	4.2484e-19
2.215	-4.37992e-19
2.22	-3.09366e-20
2.225	4.69839e-19
2.23	-2.92491e-19
2.235	-3.46092e-19
2.24	3.90512e-19
2.245	9.5953e-20
2.25	5.07889e-20
2.255	1.50216e-19
2.26	3.53123e-19
2.265	6.52315e-19
2.27	5.70258e-19
2.275	1.41117e-19
2.28	3.6611e-19
2.285	-4.13921e-19
2.29	-9.56883e-19
2.295	-2.0845e-19
2.3	2.27971e-19
2.305	2.03486e-20
2.31	-2.78594e-19
2.315	3.45761e-20
2.32	1.11835e-19
2.325	6.55127e-19
2.33	-1.34996e-19
2.335	1.51705e-19
2.34	-1.0257e-19
2.345	-1.62789e-19
2.35	-3.38482e-19
2.355	1.42606e-19
2.36	1.52201e-19
2.365	1.17129e-19
2.37	-4.25502e-19
2.375	3.1466e-19
2.38	-2.24993e-20
2.385	8.4207e-20
2.39	-4.90353e-19
2.395	1.10511e-19
2.4	-8.32144e-20
2.405	-4.83073e-20
2.41	3.72231e-19
2.415	3.62967e-19
2.42	1.55179e-19
2.425	-1.43599e-19
2.43	1.70068e-19
2.435	1.22754e-19
2.44	-3.18961e-19
2.445	1.7652e-19
2.45	-1.37477e-19
2.455	-4.74305e-19
2.46	-2.8455e-20
2.465	3.46258e-19
2.47	-4.00355e-19
2.475	1.88597e-20
2.48	-2.71315e-20
2.485	-4.33774e-19
2.49	2.30287e-19
2.495	-3.41129e-19
2.5	-2.28798e-19
2.505	1.64774e-19
2.51	-2.24993e-20
2.515	1.68249e-19
2.52	1.38966e-20
2.525	2.82565e-19
2.53	-5.97224e-20
2.535	9.59527e-21
2.54	8.4207e-20
2.545	-3.96054e-19
2.55	-1.03398e-19
2.555	-2.13247e-19
2.56	-6.20964e-19
2.565	3.25661e-19
2.57	-4.01431e-19
2.575	1.66098e-19
2.58	-6.34448e-20
2.585	-4.41963e-19
2.59	-6.25349e-20
2.595	6.61744e-22
2.6	3.24089e-19
2.605	-1.58901e-19
2.61	7.52734e-20
2.615	-2.96048e-19
2.62	-2.54772e-19
2.625	4.65703e-20
2.63	1.52036e-19
2.635	2.16225e-19
2.64	-5.11694e-19
2.645	5.82501e-19
2.65	-3.27398e-19
2.655	-4.22772e-19
2.66	-3.06057e-20
2.665	-3.15156e-20
2.67	3.41626e-19
2.675	7.8913e-20
2.68	-2.64946e-19
2.685	2.65111e-19
2.69	-1.0439e-19
2.695	-1.40621e-20
2.7	3.49567e-19
2.705	-2.27309e-19
2.71	1.67008e-19
2.715	-4.61815e-19
2.72	1.40621e-21
2.725	-7.12285e-19
2.73	-2.2884e-19
2.735	-3.12964e-19
2.74	2.78512e-19
2.745	-3.3567e-19
2.75	-4.01017e-19
2.755	4.36048e-19
2.76	-9.48363e-20
2.765	-3.35835e-20
2.77	3.32196e-19
2.775	2.18624e-19
2.78	9.9179e-20
2.785	-6.19558e-20
2.79	-4.06973e-20
2.795	6.84078e-19
2.8	-1.67587e-19
2.805	1.34913e-19
2.81	-9.47122e-20
2.815	4.64793e-19
2.82	-9.14035e-20
2.825	1.14895e-19
2.83	3.02748e-19
2.835	-1.8777e-20
2.84	4.997e-19
2.845	4.02092e-19
2.85	-8.27181e-20
2.855	3.58831e-19
2.86	3.1772e-19
2.865	2.16556e-19
2.87	-3.57756e-19
2.875	-1.37229e-19
2.88	4.37661e-19
2.885	-1.13406e-19
2.89	3.72231e-21
2.895	-3.58169e-20
2.9	-2.23752e-19
2.905	5.88953e-20
2.91	-3.35835e-19
2.915	3.08373e-19
2.92	-4.16072e-20
2.925	-6.71671e-20
2.93	-2.83888e-19
2.935	-2.1606e-19
2.94	-2.23339e-20
2.945	8.27181e-21
2.95	4.03333e-19
2.955	-3.78187e-19
2.96	3.76367e-20
2.965	-8.82602e-20
2.97	-3.08042e-19
2.975	-5.93088e-20
2.98	-1.37229e-19
2.985	1.71144e-19
2.99	-6.17904e-20
2.995	1.71226e-20
3	-3.15156e-20
3.005	2.1424e-20
3.01	-3.55688e-19
3.015	1.85206e-19
3.02	-2.03569e-19
3.025	-1.55096e-19
3.03	2.29294e-19
3.035	-4.96308e-22
3.04	-4.77945e-19
3.045	1.36774e-19
3.05	4.34022e-19
3.055	3.42122e-19
3.06	-1.47528e-19
3.065	2.11758e-20
3.07	8.17668e-20
3.075	1.05135e-19
3.08	-5.21951e-20
3.085	1.05466e-19
3.09	4.68598e-20
3.095	-3.82985e-20
3.1	1.13241e-19
3.105	-1.69572e-21
3.11	1.28213e-19
3.115	2.00591e-20
3.12	1.76893e-19
3.125	-4.40887e-20
3.13	-2.48568e-20
3.135	-3.652e-20
3.14	1.97655e-19
3.145	1.67132e-19
3.15	2.60603e-19
3.155	5.17815e-20
3.16	2.7512e-19
3.165	-2.75038e-19
3.17	1.38056e-19
3.175	-2.36574e-19
3.18	-7.6142e-20
3.185	-1.77802e-19
3.19	-2.89017e-19
3.195	2.52001e-19
3.2	-3.13501e-20
3.205	3.09448e-19
3.21	-6.06489e-19
3.215	6.93715e-19
3.22	1.7499e-19
3.225	5.60828e-19
3.23	1.11008e-19
3.235	2.45259e-20
3.24	3.77897e-19
3.245	2.76196e-19
3.25	1.21017e-19
3.255	-4.91345e-20
3.26	-2.27433e-19
3.265	1.14027e-19
3.27	1.74494e-19
3.275	-3.45265e-19
3.28	-5.32704e-20
3.285	1.65643e-19
3.29	-1.87108e-19
3.295	6.12114e-21
3.3	3.96054e-19
3.305	3.09283e-19
3.31	6.11948e-19
3.315	5.54211e-20
3.32	2.13413e-20
3.325	-3.4907e-20
3.33	-1.25731e-20
3.335	-1.09601e-19
3.34	-7.0666e-19
3.345	-2.53614e-19
3.35	2.5717e-19
3.355	-3.40716e-19
3.36	-7.57697e-20
3.365	-2.45342e-19
3.37	1.77844e-19
3.375	1.00089e-19
3.38	5.79026e-21
3.385	-1.01743e-20
3.39	3.41212e-19
3.395	-1.1837e-19
3.4	-4.59003e-19
3.405	-2.52456e-19
3.41	1.84213e-19
3.415	6.38583e-20
3.42	4.9362e-19
3.425	5.43706e-19
3.43	4.23351e-19
3.435	3.42453e-20
3.44	5.68439e-19
3.445	3.83812e-20
3.45	5.02347e-19
3.455	-2.63374e-19
3.46	-2.44018e-20
3.465	2.66352e-19
3.47	9.26442e-21
3.475	2.74624e-19
3.48	-1.62789e-19
3.485	6.72498e-20
3.49	-2.05968e-19
3.495	-4.41632e-19
3.5	-1.74535e-19
3.505	-4.76125e-19
3.51	-5.74725e-19
3.515	-3.69253e-19
3.52	-3.97957e-19
3.525	8.37934e-20
3.53	-1.29867e-20
3.535	3.28804e-19
3.54	-5.75718e-20
3.545	1.59977e-19
3.55	1.32597e-19
3.555	2.26399e-19
3.56	4.64545e-19
3.565	1.96538e-19
3.57	4.72486e-19
3.575	-1.02653e-19
3.58	1.51374e-19
3.585	9.85172e-20
3.59	1.06706e-20
3.595	-5.88125e-20
3.6	3.31699e-20
3.605	-1.19941e-20
3.61	-4.74967e-19
3.615	1.16136e-19
3.62	-9.05763e-20
3.625	3.2351e-19
3.63	-2.81738e-19
3.635	-2.08119e-19
3.64	3.07132e-19
3.645	-1.73377e-19
3.65	3.63298e-19
3.655	-9.49603e-20
3.66	6.45366e-19
3.665	-4.48828e-19
3.67	-3.12343e-19
3.675	1.0257e-19
3.68	5.9557e-20
3.685	-5.31877e-20
3.69	1.48479e-19
3.695	3.15818e-19
3.7	1.39463e-19
3.705	2.86618e-19
3.71	2.39303e-19
3.715	-9.26442e-20
3.72	-2.95883e-19
3.725	1.8777e-20
3.73	1.67339e-19
3.735	1.58736e-19
3.74	7.55216e-20
3.745	-8.28008e-20
3.75	3.97378e-19
3.755	7.85822e-20
3.76	-2.20526e-19
3.765	3.50725e-19
3.77	-8.27181e-21
3.775	-6.33372e-19
3.78	3.91339e-19
3.785	3.73141e-19
3.79	2.43439e-19
3.795	9.23961e-20
3.8	5.22778e-19
3.805	2.04396e-19
3.81	2.25986e-19
3.815	2.29625e-19
3.82	3.78518e-19
3.825	1.05052e-19
3.83	-1.93643e-19
3.835	-2.82978e-19
3.84	-3.60651e-20
3.845	-5.38908e-20
3.85	-1.93643e-19
3.855	-6.27044e-19
3.86	3.16976e-19
3.865	1.69737e-19
3.87	1.82517e-19
3.875	3.89437e-19
3.88	2.58659e-19
3.885	3.88775e-21
3.89	3.75457e-19
3.895	1.78506e-19
3.9	5.09316e-19
3.905	1.32494e-19
3.91	-3.29921e-19
3.915	-7.08501e-19
3.92	-8.03192e-20
3.925	1.2172e-19
3.93	-1.38635e-19
3.935	-3.16066e-19
3.94	4.47132e-19
3.945	-2.68007e-19
3.95	6.33207e-20
3.955	-3.99197e-19
3.96	1.56792e-19
3.965	8.58613e-20
3.97	7.2461e-20
3.975	1.53897e-19
3.98	2.24331e-19
3.985	-3.35835e-19
3.99	7.77136e-20
3.995	3.70536e-19
4	2.7512e-19
4.005	-1.02074e-19
4.01	2.17218e-19
4.015	9.80209e-20
4.02	6.74194e-19
4.025	2.26937e-19
4.03	-4.87209e-20
4.035	-1.23498e-19
4.04	4.78193e-19
4.045	-1.29991e-19
4.05	6.13727e-19
4.055	-2.93649e-19
4.06	2.11262e-19
4.065	1.80449e-19
4.07	1.25938e-19
4.075	4.23806e-19
4.08	-7.2461e-20
4.085	5.40521e-19
4.09	-5.411e-19
4.095	6.28616e-19
4.1	-6.61331e-20
4.105	1.68083e-19
4.11	1.10966e-19
4.115	-9.66561e-20
4.12	2.84757e-19
4.125	-4.21118e-19
4.13	-1.95587e-19
4.135	4.58672e-20
4.14	1.31191e-19
4.145	-3.76491e-19
4.15	3.78642e-19
4.155	-4.65579e-19
4.16	-3.81702e-19
4.165	-2.87652e-19
4.17	-3.87617e-19
4.175	5.36178e-19
4.18	1.57578e-20
4.185	-2.18789e-19
4.19	-7.15511e-20
4.195	2.61017e-19
4.2	1.90789e-19
4.205	3.96013e-19
4.21	-9.42159e-20
4.215	-5.69597e-19
4.22	3.42453e-20
4.225	2.05017e-19
4.23	-9.1908e-19
4.235	1.51126e-19
4.24	-3.75457e-19
4.245	4.11481e-19
4.25	8.52823e-20
4.255	-1.12869e-19
4.26	-6.61744e-21
4.265	3.5941e-20
4.27	1.15185e-19
4.275	5.69348e-19
4.28	2.39717e-19
4.285	4.93413e-20
4.29	2.01501e-19
4.295	2.64615e-19
4.3	4.28893e-19
4.305	3.19457e-19
4.31	6.25679e-19
4.315	2.44349e-19
4.32	-3.4816e-19
4.325	1.42275e-20
4.33	-1.01743e-20
4.335	3.4601e-19
4.34	-1.43681e-19
4.345	7.27919e-20
4.35	4.04574e-19
4.355	-1.86198e-19
4.36	1.76934e-19
4.365	3.42453e-20
4.37	-1.26641e-19
4.375	2.18624e-19
4.38	3.55688e-20
4.385	-2.08036e-19
4.39	-2.73052e-19
4.395	1.07037e-19
4.4	4.53378e-19
4.405	-1.59729e-19
4.41	-5.9557e-20
4.415	-2.6933e-19
4.42	2.86784e-19
4.425	-6.4123e-19
4.43	1.25814e-19
4.435	-1.13076e-19
4.44	6.45201e-21
4.445	-1.5642e-19
4.45	1.10677e-19
4.455	-2.12834e-19
4.46	2.68255e-19
4.465	-5.27576e-19
4.47	1.70565e-19
4.475	-1.52698e-19
4.48	8.17254e-20
4.485	-2.79008e-19
4.49	-2.89679e-19
4.495	4.70748e-19
4.5	-1.28957e-19
4.505	-4.99534e-19
4.51	6.18566e-19
4.515	-7.65142e-20
4.52	4.23103e-19
4.525	1.9356e-20
4.53	-3.04072e-19
4.535	-4.07138e-19
4.54	4.04326e-19
4.545	-2.15646e-19
4.55	5.56693e-20
4.555	4.77614e-19
4.56	-1.19941e-20
4.565	-2.532e-19
4.57	-3.02086e-19
4.575	-3.29218e-20
4.58	6.63399e-20
4.585	3.10937e-19
4.59	-1.79746e-19
4.595	-3.33602e-19
4.6	3.33354e-20
4.605	-5.02843e-19
4.61	4.1268e-19
4.615	-1.77927e-19
4.62	-2.73962e-19
4.625	-1.06458e-19
4.63	-3.25744e-19
4.635	-1.14813e-19
4.64	3.7372e-19
4.645	-9.07417e-20
4.65	-2.66269e-19
4.655	-8.11878e-19
4.66	4.38406e-21
4.665	-9.39677e-20
4.67	-4.92172e-20
4.675	4.27652e-20
4.68	6.93177e-20
4.685	2.39965e-19
4.69	-4.77283e-20
4.695	-1.84709e-19
4.7	-3.73058e-20
4.705	2.85377e-20
4.71	3.86624e-19
4.715	6.37756e-20
4.72	2.60066e-19
4.725	-8.16841e-19
4.73	2.05968e-20
4.735	-3.90429e-20
4.74	-2.24166e-20
4.745	-7.59352e-20
4.75	7.01449e-20
4.755	-4.13921e-19
4.76	-1.94387e-20
4.765	2.04314e-19
4.77	4.91345e-20
4.775	-3.59079e-19
4.78	-7.09721e-20
4.785	-3.63132e-19
4.79	1.74535e-20
4.795	-2.24993e-19
4.8	-3.75705e-19
4.805	4.43203e-19
4.81	3.35008e-19
4.815	6.83996e-19
4.82	2.56426e-20
4.825	-1.82972e-19
4.83	5.80681e-20
4.835	-3.28391e-20
4.84	-2.68916e-19
4.845	1.94553e-19
4.85	8.64404e-20
4.855	-6.27003e-20
4.86	-2.20857e-20
4.865	-3.99694e-19
4.87	1.75197e-19
4.875	6.48923e-19
4.88	3.92994e-19
4.885	1.44178e-19
4.89	-9.4464e-20
4.895	5.50654e-19
4.9	1.09188e-19
4.905	-8.27181e-21
4.91	3.7951e-19
4.915	1.38718e-19
4.92	6.99795e-19
4.925	-3.39144e-21
4.93	-1.99185e-19
4.935	1.15474e-19
4.94	4.6074e-20
4.945	2.33927e-19
4.95	2.7512e-19
4.955	7.27009e-19
4.96	-3.0341e-19
4.965	2.24331e-19
4.97	2.67758e-19
4.975	1.63368e-19
4.98	-1.99433e-19
4.985	-9.90962e-20
4.99	-3.86955e-19
4.995	6.75807e-20
5	-5.48421e-20
5.005	1.01412e-19
5.01	-2.16969e-19
5.015	-5.09543e-20
5.02	1.7437e-19
5.025	1.9174e-19
5.03	-9.50431e-20
5.035	2.3769e-19
5.04	-7.69278e-20
5.045	1.04845e-19
5.05	5.95156e-20
5.055	-1.14151e-20
5.06	-2.23835e-19
5.065	-1.31811e-19
5.07	3.20574e-19
5.075	3.39558e-20
5.08	-3.21773e-20
5.085	-3.22104e-19
5.09	2.23752e-19
5.095	1.65436e-19
5.1	-1.61218e-19
5.105	1.77885e-19
5.11	3.46092e-19
5.115	3.17637e-20
5.12	7.59683e-19
5.125	-1.41034e-20
5.13	2.63498e-19
5.135	-5.47015e-19
5.14	1.74122e-20
5.145	-6.90696e-20
5.15	2.22098e-20
5.155	1.48396e-19
5.16	1.67918e-19
5.165	8.4207e-20
5.17	1.02322e-19
5.175	-4.54908e-19
5.18	-3.10027e-19
5.185	-1.34003e-20
5.19	1.83634e-20
5.195	-2.8182e-19
5.2	1.81028e-19
5.205	-7.70105e-20
5.21	-6.55541e-19
5.215	2.43605e-19
5.22	-1.92733e-19
5.225	-3.04733e-19
5.23	2.57336e-19
5.235	-2.73714e-19
5.24	-4.37454e-19
5.245	-4.04905e-20
5.25	-7.22542e-20
5.255	-1.56337e-20
5.26	8.96664e-20
5.265	-2.37649e-19
5.27	-2.45549e-19
5.275	9.72764e-20
5.28	-4.3336e-19
5.285	4.13177e-20
5.29	4.81833e-20
5.295	4.59995e-19
5.3	-1.62376e-19
5.305	1.05672e-19
5.31	3.8224e-19
5.315	1.56172e-19
5.32	1.90665e-19
5.325	1.45418e-19
5.33	3.95889e-19
5.335	-1.84544e-19
5.34	2.21436e-19
5.345	2.26234e-19
5.35	-3.25206e-19
5.355	-2.3252e-19
5.36	-1.03811e-20
5.365	9.15275e-20
5.37	-8.21721e-19
5.375	-1.75445e-19
5.38	1.82517e-19
5.385	1.2904e-20
5.39	-4.078e-20
5.395	2.5717e-19
5.4	3.78849e-19
5.405	-4.14335e-19
5.41	3.52379e-20
5.415	-7.46531e-20
5.42	-1.78299e-19
5.425	3.48078e-19
5.43	3.58666e-19
5.435	-2.68668e-19
5.44	1.27138e-19
5.445	1.65436e-21
5.45	-2.42943e-19
5.455	-2.99109e-19
5.46	-3.79759e-19
5.465	-1.37271e-19
5.47	5.02554e-19
5.475	-2.43894e-19
5.48	-2.91168e-20
5.485	-1.95711e-19
5.49	-3.21277e-19
5.495	3.76491e-19
5.5	2.33844e-19
5.505	2.8484e-19
5.51	-2.58908e-19
5.515	-2.90754e-19
5.52	-2.60107e-19
5.525	-6.89455e-20
5.53	-3.79345e-19
5.535	-4.42624e-19
5.54	-2.90423e-19
5.545	2.71398e-19
5.55	1.96042e-19
5.555	2.9733e-19
5.56	1.46866e-19
5.565	-2.44721e-19
5.57	-1.90996e-19
5.575	-3.6731e-19
5.58	-6.47682e-20
5.585	1.21265e-19
5.59	-2.65897e-19
5.595	-4.55818e-19
5.6	2.11262e-19
5.605	-2.70571e-19
5.61	-5.25839e-19
5.615	5.79192e-19
5.62	-9.55807e-20
5.625	-1.65891e-19
5.63	1.31729e-19
5.635	-2.28798e-19
5.64	5.76545e-20
5.645	-2.35333e-20
5.65	-2.6234e-19
5.655	-2.07622e-20
5.66	1.92485e-19
5.665	-3.23593e-19
5.67	4.86175e-19
5.675	-4.4767e-19
5.68	8.05674e-20
5.685	-5.82749e-20
5.69	2.62713e-19
5.695	4.03871e-19
5.7	1.11669e-20
5.705	5.88084e-19
5.71	-1.1047e-19
5.715	-1.23912e-19
5.72	5.49455e-19
5.725	1.14565e-19
5.73	1.55551e-19
5.735	-1.47859e-19
5.74	-1.35575e-19
5.745	1.32059e-19
5.75	-4.95068e-20
5.755	-3.36249e-20
5.76	1.62003e-19
5.765	-7.52734e-21
5.77	3.55026e-19
5.775	1.9112e-19
5.78	-2.78884e-19
5.785	-1.77885e-19
5.79	-8.04847e-20
5.795	4.39522e-19
5.8	-4.06973e-20
5.805	4.80054e-19
5.81	2.50181e-19
5.815	1.95049e-19
5.82	4.22731e-19
5.825	2.07498e-19
5.83	-3.30376e-19
5.835	-3.21856e-19
5.84	-2.21602e-19
5.845	2.69785e-19
5.85	-2.38063e-19
5.855	-4.16692e-19
5.86	4.51227e-19
5.865	1.89424e-19
5.87	-1.36981e-19
5.875	8.29662e-20
5.88	5.0123e-19
5.885	-1.79622e-19
5.89	3.67144e-19
5.895	-9.01627e-21
5.9	-3.49484e-20
5.905	-3.5424e-19
5.91	-4.18429e-19
5.915	1.98896e-19
5.92	1.06495e-18
5.925	1.16219e-20
5.93	9.75246e-20
5.935	5.13638e-19
5.94	3.3873e-20
5.945	1.36857e-19
5.95	-4.35387e-19
5.955	1.42523e-19
5.96	-9.18584e-20
5.965	-1.67256e-19
5.97	1.8686e-19
5.975	-2.80704e-19
5.98	-1.8806e-19
5.985	-1.38966e-19
5.99	-2.27971e-19
5.995	2.51297e-19
6	1.55717e-19
6.005	5.04001e-19
6.01	-7.07653e-20
6.015	-2.20195e-19
6.02	-1.24491e-20
6.025	-8.47447e-20
6.03	2.42736e-19
6.035	-4.64793e-19
6.04	3.80007e-19
6.045	-7.41981e-20
6.05	-7.87186e-19
6.055	2.82482e-19
6.06	1.69324e-19
6.065	-1.98813e-19
6.07	-3.31658e-19
6.075	3.5089e-19
6.08	-1.84254e-19
6.085	3.15983e-20
6.09	-2.04644e-19
6.095	-1.46783e-19
6.1	-1.50836e-19
6.105	3.46175e-20
6.11	5.52102e-19
6.115	-2.18996e-19
6.12	-1.58364e-19
6.125	1.27096e-19
6.13	3.38855e-19
6.135	1.28627e-20
6.14	7.02276e-19
6.145	2.51049e-19
6.15	-1.02033e-19
6.155	-2.74872e-19
6.16	-2.13743e-19
6.165	-1.72591e-19
6.17	4.7596e-19
6.175	-4.12556e-19
6.18	-1.00585e-19
6.185	-8.6399e-20
6.19	1.65229e-19
6.195	6.85857e-19
6.2	1.60184e-19
6.205	-3.9655e-19
6.21	8.97905e-20
6.215	-9.55063e-19
6.22	1.27799e-20
6.225	1.23333e-19
6.23	-5.42217e-20
6.235	-3.64166e-19
6.24	7.03931e-20
6.245	2.48733e-19
6.25	-1.8715e-19
6.255	-5.64551e-20
6.26	4.1814e-20
6.265	-2.17631e-19
6.27	-2.33513e-19
6.275	3.00515e-19
6.28	-1.91244e-19
6.285	1.53359e-19
6.29	1.38139e-20
6.295	-1.96455e-19
6.3	2.88603e-19
6.305	5.21786e-19
6.31	7.27092e-20
6.315	4.77283e-20
6.32	1.60638e-19
6.325	-8.61095e-20
6.33	7.58525e-20
6.335	3.84804e-19
6.34	2.85212e-19
6.345	-3.92249e-19
6.35	-1.95463e-19
6.355	4.70169e-19
6.36	-4.00025e-19
6.365	2.42612e-19
6.37	-1.32928e-19
6.375	-4.68019e-19
6.38	1.43599e-19
6.385	2.47244e-19
6.39	8.85497e-19
6.395	4.97136e-20
6.4	3.71652e-19
6.405	-5.89862e-19
6.41	-2.50884e-19
6.415	-6.24521e-20
6.42	-8.16841e-19
6.425	3.41791e-19
6.43	2.01253e-19
6.435	2.08863e-19
6.44	6.50164e-20
6.445	2.38228e-20
6.45	-6.81349e-19
6.455	-4.16072e-20
6.46	4.20704e-19
6.465	-9.90135e-20
6.47	-1.82476e-19
6.475	1.01743e-20
6.48	3.97047e-21
6.485	1.28296e-19
6.49	-7.01449e-20
6.495	1.29536e-19
6.5	2.35416e-19
6.505	-2.28715e-19
6.51	1.77513e-19
6.515	-1.7743e-19
6.52	-4.18802e-19
6.525	1.7561e-19
6.53	3.70908e-19
6.535	7.16338e-20
6.54	4.51144e-19
6.545	-6.21378e-19
6.55	-1.26559e-19
6.555	-1.69655e-19
6.56	3.19457e-19
6.565	2.75451e-19
6.57	-1.37147e-19
6.575	-1.28213e-19
6.58	-2.13495e-19
6.585	5.02181e-19
6.59	-5.01271e-19
6.595	-2.39055e-20
6.6	3.72893e-19
6.605	-1.75362e-20
6.61	1.16136e-19
6.615	2.8273e-19
6.62	9.22306e-20
6.625	-3.02169e-19
6.63	-2.17549e-19
6.635	1.31356e-19
6.64	6.18069e-19
6.645	1.68745e-19
6.65	-2.92574e-19
6.655	-1.60059e-19
6.66	-1.88101e-19
6.665	6.25349e-20
6.67	-2.49064e-19
6.675	2.98281e-19
6.68	-4.38737e-19
6.685	8.80616e-19
6.69	-3.18465e-20
6.695	-5.37419e-19
6.7	2.72887e-19
6.705	-1.24573e-19
6.71	-8.56959e-20
6.715	7.04758e-20
6.72	-2.24993e-20
6.725	-3.54612e-19
6.73	-1.90169e-19
6.735	3.83646e-19
6.74	-8.1072e-19
6.745	-7.57697e-20
6.75	3.72645e-19
6.755	-2.07622e-20
6.76	-2.24497e-19
6.765	-2.53696e-19
6.77	8.61095e-20
6.775	-4.17974e-19
6.78	5.81177e-19
6.785	-2.26151e-19
6.79	-4.77118e-19
6.795	-2.71398e-19
6.8	-3.29631e-19
6.805	-1.35575e-19
6.81	3.78435e-19
6.815	2.56509e-19
6.82	-5.9557e-20
6.825	3.09283e-19
6.83	-3.30128e-19
6.835	-1.81153e-19
6.84	3.29218e-19
6.845	-3.91256e-19
6.85	-1.1109e-19
6.855	-3.83646e-19
6.86	1.62706e-19
6.865	3.3749e-20
6.87	-1.8504e-19
6.875	-3.07628e-19
6.88	-5.27576e-19
6.885	1.5096e-19
6.89	7.21301e-20
6.895	6.543e-20
6.9	3.35587e-19
6.905	9.01627e-20
6.91	-1.85785e-19
6.915	-2.16721e-20
6.92	-4.28893e-19
6.925	-6.02518e-19
6.93	2.06299e-19
6.935	7.5778e-19
6.94	-2.59569e-19
6.945	-2.53696e-19
6.95	-6.49337e-20
6.955	9.70283e-20
6.96	2.45176e-19
6.965	4.69425e-19
6.97	3.18878e-19
6.975	-3.53206e-20
6.98	5.86471e-20
6.985	1.35988e-19
6.99	4.09289e-19
6.995	1.91244e-19
7	-2.27392e-19
7.005	-8.61095e-20
7.01	-6.65136e-19
7.015	2.82565e-19
7.02	-2.21684e-20
7.025	2.78429e-19
7.03	5.73981e-19
7.035	-3.96302e-19
7.04	-3.66772e-19
7.045	2.61141e-19
7.05	-9.49603e-20
7.055	-9.28097e-20
7.06	1.88018e-19
7.065	-1.30033e-19
7.07	-2.62464e-19
7.075	4.48332e-19
7.08	-2.1424e-20
7.085	-3.36663e-20
7.09	-1.94966e-19
7.095	-3.47912e-19
7.1	-2.66187e-19
7.105	1.80077e-19
7.11	-8.91701e-20
7.115	-2.36243e-19
7.12	-3.28143e-19
7.125	9.3306e-20
7.13	-1.2325e-20
7.135	-1.20768e-20
7.14	-8.27181e-20
7.145	-7.79204e-20
7.15	5.81673e-19
7.155	-1.49306e-19
7.16	-4.55859e-19
7.165	1.78754e-19
7.17	-5.35103e-19
7.175	6.95659e-19
7.18	6.15422e-20
7.185	-3.5089e-19
7.19	-3.51469e-19
7.195	1.053e-19
7.2	1.57991e-20
7.205	5.45856e-19
7.21	1.56337e-20
7.215	2.11758e-20
7.22	2.51628e-19
7.225	-2.43522e-19
7.23	-5.30388e-19
7.235	-1.86777e-19
7.24	-2.16473e-19
7.245	-2.68172e-19
7.25	-1.26972e-19
7.255	3.76781e-19
7.26	1.25649e-19
7.265	7.37018e-20
7.27	-9.54566e-20
7.275	4.504e-19
7.28	8.97491e-20
7.285	2.36077e-19
7.29	-4.13838e-19
7.295	-2.04396e-19
7.3	4.31788e-20
7.305	2.13992e-19
7.31	-1.34748e-19
7.315	-3.53537e-19
7.32	6.53473e-21
7.325	5.19469e-20
7.33	9.29751e-20
7.335	-4.06477e-19
7.34	-1.01164e-19
7.345	-3.83646e-19
7.35	8.6854e-21
7.355	-2.66931e-19
7.36	1.54517e-19
7.365	1.37229e-19
7.37	2.79173e-19
7.375	-3.5486e-20
7.38	3.96137e-19
7.385	-5.09047e-19
7.39	-1.88928e-19
7.395	-6.75145e-19
7.4	3.86293e-20
7.405	1.45336e-19
7.41	2.49726e-19
7.415	2.17549e-20
7.42	1.68497e-19
7.425	-2.69165e-19
7.43	-3.2442e-19
7.435	1.67339e-19
7.44	-2.11427e-19
7.445	1.72136e-19
7.45	-5.84817e-20
7.455	-1.28296e-19
7.46	3.2136e-19
7.465	-3.6338e-19
7.47	-1.94387e-20
7.475	6.28161e-19
7.48	1.66511e-19
7.485	-1.21596e-19
7.49	3.85549e-19
7.495	-1.70399e-19
7.5	-3.56846e-19
7.505	-1.51788e-19
7.51	-1.0621e-19
7.515	-2.52373e-19
7.52	-1.98772e-19
7.525	-2.45011e-19
7.53	6.30312e-20
7.535	-1.64526e-19
7.54	4.23599e-19
7.545	-1.24077e-20
7.55	1.70565e-19
7.555	4.94654e-20
7.56	-1.76851e-19
7.565	-3.63959e-20
7.57	3.0341e-19
7.575	-1.39463e-19
7.58	3.12343e-19
7.585	1.4211e-19
7.59	-4.05732e-19
7.595	-3.57838e-19
7.6	-1.65436e-22
7.605	2.18541e-19
7.61	2.92243e-19
7.615	4.58754e-19
7.62	1.51953e-19
7.625	-6.89041e-20
7.63	2.37814e-19
7.635	-3.29218e-20
7.64	1.77017e-20
7.645	-2.35829e-19
7.65	-4.15989e-19
7.655	1.25401e-19
7.66	-1.18121e-19
7.665	-1.04307e-19
7.67	1.94553e-19
7.675	-3.72231e-20
7.68	3.69253e-19
7.685	-2.77933e-20
7.69	3.93076e-19
7.695	-1.11587e-19
7.7	-1.79002e-19
7.705	-2.63457e-19
7.71	3.92745e-19
7.715	-2.83723e-19
7.72	-5.83576e-19
7.725	1.08692e-19
7.73	-2.38311e-19
7.735	-1.55427e-19
7.74	4.11853e-19
7.745	2.59404e-19
7.75	-3.74796e-19
7.755	-2.51297e-19
7.76	-1.52863e-19
7.765	-1.23002e-19
7.77	3.68095e-19
7.775	6.70016e-21
7.78	-8.76811e-20
7.785	-4.30796e-19
7.79	-1.66925e-19
7.795	1.27386e-20
7.8	9.60357e-20
7.805	-1.13737e-19
7.81	-2.46831e-19
7.815	4.86713e-19
7.82	-2.03486e-20
7.825	-1.87687e-19
7.83	6.85733e-20
7.835	-3.53289e-19
7.84	-1.01991e-19
7.845	7.67541e-19
7.85	1.55924e-19
7.855	-7.84994e-20
7.86	1.70813e-19
7.865	3.31699e-19
7.87	8.34625e-20
7.875	6.66708e-20
7.88	1.51374e-20
7.885	2.05968e-20
7.89	6.88214e-20
7.895	-3.77525e-19
7.9	-7.55216e-20
7.905	2.59321e-19
7.91	8.75984e-20
7.915	2.62547e-19
7.92	4.43865e-19
7.925	-2.6354e-19
7.93	1.11339e-19
7.935	7.80776e-19
7.94	-4.47174e-19
7.945	1.21596e-20
7.95	9.31405e-20
7.955	6.79115e-20
7.96	-2.27806e-19
7.965	-2.52952e-19
7.97	-5.93171e-19
7.975	2.63374e-19
7.98	1.90252e-21
7.985	8.56959e-20
7.99	1.85785e-19
7.995	1.3268e-19
8	-2.85791e-19
8.005	9.38023e-20
8.01	-5.29396e-20
8.015	1.79664e-19
8.02	-1.91244e-19
8.025	-2.63292e-19
8.03	3.74465e-19
8.035	1.29288e-19
8.04	4.04409e-19
8.045	-3.47002e-19
8.05	-1.76355e-19
8.055	3.07959e-19
8.06	-3.57673e-19
8.065	5.57437e-19
8.07	3.98784e-19
8.075	3.61395e-19
8.08	1.53607e-19
8.085	2.52207e-19
8.09	-9.08244e-20
8.095	-5.91103e-19
8.1	4.61484e-19
8.105	-2.12172e-19
8.11	3.2988e-19
8.115	2.15315e-19
8.12	-8.0402e-20
8.125	-3.13088e-19
8.13	5.38908e-19
8.135	2.13082e-19
8.14	2.13164e-19
8.145	4.80592e-20
8.15	1.74039e-19
8.155	3.55688e-19
8.16	-6.91523e-20
8.165	-2.48154e-19
8.17	-3.40798e-20
8.175	4.26825e-20
8.18	1.22919e-19
8.185	-1.51374e-19
8.19	-4.63304e-19
8.195	4.46512e-19
8.2	-4.80592e-20
8.205	-3.11185e-19
8.21	-9.09899e-22
8.215	6.72829e-19
8.22	-5.24433e-20
8.225	-2.73218e-19
8.23	-4.2972e-19
8.235	-2.3798e-19
8.24	1.05466e-19
8.245	-6.3908e-19
8.25	-1.45501e-19
8.255	-3.55357e-19
8.26	-3.42453e-19
8.265	-8.86738e-20
8.27	-2.77106e-20
8.275	-1.00751e-19
8.28	-1.00337e-19
8.285	2.28302e-19
8.29	-2.78843e-19
8.295	-3.20946e-20
8.3	3.32609e-19
8.305	-2.04148e-19
8.31	3.23841e-19
8.315	-4.2666e-19
8.32	-4.32615e-20
8.325	3.44769e-19
8.33	6.89372e-19
8.335	-1.69572e-20
8.34	-1.49554e-19
8.345	6.50412e-19
8.35	-2.37897e-19
8.355	-3.5759e-19
8.36	-1.76355e-19
8.365	7.04758e-20
8.37	-1.87191e-19
8.375	-3.32857e-19
8.38	-6.45201e-21
8.385	2.21684e-19
8.39	4.88037e-20
8.395	-3.45017e-19
8.4	-1.1291e-19
8.405	5.67446e-20
8.41	-3.16066e-19
8.415	5.67942e-19
8.42	-2.4956e-19
8.425	2.68172e-19
8.43	-5.04994e-19
8.435	-1.86198e-19
8.44	9.25698e-19
8.445	6.32793e-20
8.45	2.82978e-19
8.455	6.84575e-19
8.46	5.48917e-19
8.465	-2.14653e-19
8.47	-9.3885e-20
8.475	2.39552e-19
8.48	2.31693e-19
8.485	1.51539e-19
8.49	-2.56426e-21
8.495	2.49809e-19
8.5	3.70577e-19
8.505	4.6653e-20
8.51	-8.77556e-19
8.515	-1.7255e-19
8.52	1.02405e-19
8.525	-7.33709e-20
8.53	2.2582e-20
8.535	-2.78925e-19
8.54	3.94731e-19
8.545	-8.65231e-20
8.55	6.23694e-20
8.555	9.7111e-20
8.56	1.34665e-19
8.565	8.76811e-20
8.57	2.10931e-20
8.575	-5.23936e-19
8.58	-1.50547e-19
8.585	8.70194e-20
8.59	2.15481e-19
8.595	-3.08456e-19
8.6	-2.82399e-19
8.605	-1.24325e-19
8.61	-1.99516e-19
8.615	9.64493e-20
8.62	-2.78346e-19
8.625	2.00839e-19
8.63	-2.80001e-19
8.635	1.58819e-20
8.64	-1.26476e-19
8.645	4.6074e-20
8.65	-2.5229e-19
8.655	2.56343e-19
8.66	4.50813e-20
8.665	-1.29288e-19
8.67	3.18713e-19
8.675	-2.29129e-20
8.68	-1.26641e-19
8.685	-6.17077e-20
8.69	3.74134e-19
8.695	-2.32851e-19
8.7	3.02748e-20
8.705	-3.17886e-19
8.71	4.51475e-19
8.715	-4.22689e-20
8.72	2.9125e-19
8.725	4.74802e-19
8.73	-8.57786e-20
8.735	-1.03811e-19
8.74	8.08983e-20
8.745	2.95552e-19
8.75	1.23912e-19
8.755	-3.28722e-19
8.76	1.05466e-19
8.765	-3.20863e-19
8.77	1.72881e-19
8.775	2.49974e-19
8.78	5.24433e-19
8.785	2.76361e-19
8.79	-3.32113e-19
8.795	6.15422e-20
8.8	4.58589e-19
8.805	-3.93738e-20
8.81	-1.03067e-19
8.815	1.41034e-19
8.82	-6.81514e-19
8.825	6.40238e-20
8.83	-1.49968e-19
8.835	1.24325e-19
8.84	-3.5486e-19
8.845	3.44107e-20
8.85	-1.6891e-19
8.855	-2.74624e-20
8.86	-4.81419e-20
8.865	2.87611e-19
8.87	3.78683e-19
8.875	6.12114e-20
8.88	3.80834e-19
8.885	6.2204e-20
8.89	2.96958e-20
8.895	-2.89844e-19
8.9	1.78009e-19
8.905	-6.87387e-20
8.91	1.58488e-19
8.915	-6.31056e-19
8.92	-1.31108e-19
8.925	1.1837e-19
8.93	-5.21951e-20
8.935	-4.61401e-19
8.94	-7.97402e-20
8.945	2.60645e-19
8.95	9.09899e-22
8.955	5.33118e-19
8.96	-5.56444e-19
8.965	2.61141e-19
8.97	2.89679e-19
8.975	-8.99145e-20
8.98	2.46996e-19
8.985	-2.53862e-19
8.99	1.96704e-19
8.995	1.21513e-19
9	-3.07049e-19
9.005	5.70093e-19
9.01	-6.18979e-19
9.015	-1.55758e-19
9.02	-2.1333e-19
9.025	-2.02825e-19
9.03	2.72887e-19
9.035	-3.32527e-19
9.04	-1.55179e-19
9.045	-3.07463e-19
9.05	-2.97454e-19
9.055	5.26997e-19
9.06	4.08627e-20
9.065	-5.69927e-20
9.07	2.47823e-19
9.075	-4.64958e-19
9.08	5.31712e-19
9.085	-2.79587e-19
9.09	-3.66855e-19
9.095	-2.27971e-19
9.1	7.90785e-20
9.105	1.70813e-19
9.11	-1.07203e-19
9.115	-3.30045e-19
9.12	1.36568e-19
9.125	5.09295e-19
9.13	3.48657e-19
9.135	-4.45519e-19
9.14	-3.67103e-19
9.145	-1.78092e-19
9.15	9.57875e-20
9.155	6.94005e-20
9.16	-1.13737e-19
9.165	3.69253e-19
9.17	3.71404e-20
9.175	6.18731e-20
9.18	2.51215e-19
9.185	-1.64692e-19
9.19	1.82228e-19
9.195	2.27806e-19
9.2	2.00095e-19
9.205	-2.32355e-19
9.21	1.31522e-19
9.215	-1.44757e-19
9.22	-2.33017e-19
9.225	-8.28008e-20
9.23	-6.50164e-20
9.235	-2.39882e-19
9.24	4.71493e-21
9.245	2.43191e-20
9.25	4.47505e-20
9.255	4.97053e-19
9.26	2.00343e-19
9.265	-3.57425e-19
9.27	-4.03333e-19
9.275	-3.32692e-19
9.28	8.84835e-19
9.285	-1.51788e-19
9.29	5.06814e-19
9.295	1.36319e-19
9.3	1.57826e-19
9.305	-9.32233e-20
9.31	-8.84256e-20
9.315	2.71481e-19
9.32	3.97874e-20
9.325	-1.35988e-19
9.33	-6.77461e-20
9.335	-7.3859e-19
9.34	7.41981e-19
9.345	3.68592e-19
9.35	-3.13501e-20
9.355	-1.2689e-19
9.36	-7.27092e-20
9.365	-3.32527e-19
9.37	-1.1473e-19
9.375	-2.61637e-19
9.38	2.13164e-19
9.385	5.81922e-19
9.39	7.73414e-20
9.395	-3.68344e-19
9.4	-3.13253e-19
9.405	3.46092e-19
9.41	4.35097e-20
9.415	3.7736e-19
9.42	3.40302e-19
9.425	-8.20563e-20
9.43	-2.33761e-19
9.435	-1.79333e-19
9.44	-4.1814e-19
9.445	5.78034e-19
9.45	-7.304e-20
9.455	-1.65436e-21
9.46	-5.67777e-19
9.465	-2.79091e-19
9.47	2.1639e-19
9.475	-4.41714e-20
9.48	5.08716e-20
9.485	-1.03149e-19
9.49	7.85822e-21
9.495	2.4741e-19
9.5	-3.43528e-19
9.505	9.67801e-20
9.51	-3.13005e-19
9.515	5.50985e-19
9.52	-1.4302e-19
9.525	-3.85797e-19
9.53	-1.28048e-19
9.535	-4.69425e-19
9.54	-1.53277e-19
9.545	-5.70506e-19
9.55	1.86777e-19
9.555	6.35275e-20
9.56	-1.34334e-19
9.565	-1.8289e-19
9.57	-6.78619e-19
9.575	-2.44432e-19
9.58	1.20934e-19
9.585	-2.25986e-19
9.59	1.54352e-19
9.595	-2.89844e-19
9.6	-1.3938e-19
9.605	3.04651e-19
9.61	-7.97402e-20
9.615	-1.42275e-19
9.62	-1.31687e-19
9.625	1.79498e-19
9.63	-6.62572e-20
9.635	3.11764e-19
9.64	1.26393e-19
9.645	1.11669e-20
9.65	-6.09467e-19
9.655	-5.20462e-19
9.66	2.98612e-20
9.665	-3.34677e-19
9.67	2.76609e-19
9.675	2.29625e-19
9.68	7.51907e-20
9.685	-1.64774e-19
9.69	-1.3574e-19
9.695	2.60562e-20
9.7	6.34034e-19
9.705	-5.12108e-19
9.71	1.19941e-19
9.715	-3.06305e-19
9.72	3.73637e-19
9.725	1.23829e-19
9.73	6.58436e-20
9.735	-1.38222e-19
9.74	-2.44928e-19
9.745	-3.57342e-20
9.75	4.46678e-21
9.755	-3.89602e-20
9.76	2.31693e-19
9.765	1.87853e-19
9.77	-6.66708e-20
9.775	1.33176e-20
9.78	3.45761e-20
9.785	3.31948e-19
9.79	-1.72219e-19
9.795	-3.13419e-19
9.8	2.09359e-19
9.805	1.40786e-19
9.81	2.65608e-19
9.815	-2.06795e-19
9.82	-1.01743e-20
9.825	-1.16632e-20
9.83	8.51996e-20
9.835	-3.00101e-19
9.84	3.42866e-19
9.845	2.10766e-19
9.85	1.03315e-19
9.855	2.01915e-19
9.86	-1.8198e-20
9.865	-1.04307e-19
9.87	-6.39411e-20
9.875	-5.00362e-19
9.88	-1.90996e-19
9.885	5.30223e-20
9.89	-2.69661e-20
9.895	-5.51564e-19
9.9	-3.78849e-20
9.905	-3.30045e-19
9.91	6.92681e-19
9.915	-2.45176e-19
9.92	-4.61567e-20
9.925	4.58506e-19
9.93	-5.78365e-19
9.935	9.5953e-21
9.94	5.28568e-20
9.945	-3.26571e-19
9.95	-1.27055e-19
9.955	1.57826e-19
9.96	8.59441e-20
9.965	1.37643e-19
9.97	2.54772e-20
9.975	-3.10689e-19
9.98	-2.85377e-19
9.985	3.60485e-19
9.99	-2.09773e-19
9.995	8.75157e-20
10	1.58984e-19
