0.005	-1.3474e-21
0.01	5.22158e-22
0.015	-2.53117e-20
0.02	-1.57061e-20
0.025	-8.70608e-21
0.03	1.79343e-20
0.035	8.60888e-20
0.04	6.01774e-20
0.045	7.39553e-20
0.05	1.88535e-19
0.055	1.84854e-19
0.06	3.2959e-19
0.065	4.47319e-19
0.07	4.7626e-19
0.075	4.63345e-19
0.08	3.96457e-19
0.085	3.71083e-19
0.09	5.12283e-19
0.095	5.74994e-19
0.1	8.15062e-19
0.105	8.08434e-19
0.11	7.45817e-19
0.115	9.67512e-19
0.12	9.13833e-19
0.125	7.68074e-19
0.13	7.67908e-19
0.135	7.15589e-19
0.14	9.44708e-19
0.145	9.01725e-19
0.15	9.44429e-19
0.155	5.95379e-19
0.16	4.32464e-19
0.165	7.31661e-19
0.17	8.3315e-19
0.175	7.83618e-19
0.18	7.95271e-19
0.185	8.06619e-19
0.19	8.66512e-19
0.195	9.82583e-19
0.2	1.09822e-18
0.205	1.22312e-18
0.21	1.23215e-18
0.215	1.32575e-18
0.22	1.49239e-18
0.225	1.62738e-18
0.23	1.73339e-18
0.235	1.4097e-18
0.24	1.49495e-18
0.245	1.74744e-18
0.25	1.6934e-18
0.255	1.51933e-18
0.26	1.81922e-18
0.265	1.83543e-18
0.27	1.82201e-18
0.275	1.80644e-18
0.28	1.69427e-18
0.285	1.40341e-18
0.29	1.78991e-18
0.295	1.93736e-18
0.3	1.86209e-18
0.305	1.7986e-18
0.31	1.46893e-18
0.315	1.59968e-18
0.32	1.35825e-18
0.325	1.15187e-18
0.33	1.26705e-18
0.335	1.23707e-18
0.34	1.14531e-18
0.345	1.05228e-18
0.35	9.43379e-19
0.355	1.118e-18
0.36	1.26335e-18
0.365	1.10607e-18
0.37	1.27226e-18
0.375	9.15131e-19
0.38	7.77002e-19
0.385	9.69529e-19
0.39	1.28919e-18
0.395	1.58971e-18
0.4	1.45568e-18
0.405	1.4662e-18
0.41	1.42364e-18
0.415	1.74745e-18
0.42	1.8089e-18
0.425	1.66623e-18
0.43	1.5691e-18
0.435	1.97797e-18
0.44	1.88049e-18
0.445	1.725e-18
0.45	1.66807e-18
0.455	1.32508e-18
0.46	1.12424e-18
0.465	8.40806e-19
0.47	7.73639e-19
0.475	9.54668e-19
0.48	1.26548e-18
0.485	9.59879e-19
0.49	9.97226e-19
0.495	1.19285e-18
0.5	1.162e-18
0.505	1.15859e-18
0.51	1.16545e-18
0.515	1.26347e-18
0.52	1.50117e-18
0.525	1.68269e-18
0.53	1.74986e-18
0.535	1.42047e-18
0.54	1.05259e-18
0.545	1.00413e-18
0.55	9.96378e-19
0.555	7.84372e-19
0.56	7.74032e-19
0.565	5.78032e-19
0.57	6.2605e-19
0.575	9.97785e-19
0.58	1.12032e-18
0.585	1.19245e-18
0.59	1.51888e-18
0.595	1.90377e-18
0.6	2.09544e-18
0.605	2.35314e-18
0.61	2.44496e-18
0.615	2.29433e-18
0.62	2.03256e-18
0.625	2.20892e-18
0.63	1.79269e-18
0.635	2.40368e-18
0.64	2.51221e-18
0.645	2.7638e-18
0.65	2.39194e-18
0.655	2.41216e-18
0.66	2.60051e-18
0.665	2.76227e-18
0.67	2.62041e-18
0.675	2.373e-18
0.68	2.67169e-18
0.685	2.61371e-18
0.69	2.98164e-18
0.695	2.90917e-18
0.7	3.0244e-18
0.705	2.96038e-18
0.71	3.24873e-18
0.715	3.12556e-18
0.72	2.899e-18
0.725	2.60312e-18
0.73	2.90264e-18
0.735	2.52321e-18
0.74	2.19631e-18
0.745	2.66408e-18
0.75	2.76822e-18
0.755	2.7731e-18
0.76	2.99619e-18
0.765	3.21933e-18
0.77	3.48485e-18
0.775	3.68251e-18
0.78	3.59884e-18
0.785	3.61873e-18
0.79	3.8321e-18
0.795	4.25123e-18
0.8	4.14182e-18
0.805	3.69257e-18
0.81	3.76074e-18
0.815	3.66733e-18
0.82	3.6476e-18
0.825	3.37683e-18
0.83	3.39677e-18
0.835	3.61678e-18
0.84	3.87887e-18
0.845	3.65445e-18
0.85	4.02904e-18
0.855	4.37782e-18
0.86	4.48453e-18
0.865	4.3212e-18
0.87	4.06734e-18
0.875	3.79938e-18
0.88	3.78093e-18
0.885	3.71219e-18
0.89	3.70905e-18
0.895	3.39331e-18
0.9	2.98535e-18
0.905	2.85399e-18
0.91	2.60335e-18
0.915	2.75341e-18
0.92	2.62933e-18
0.925	2.54578e-18
0.93	2.18315e-18
0.935	1.59883e-18
0.94	1.50188e-18
0.945	1.28814e-18
0.95	1.0284e-18
0.955	1.15149e-18
0.96	9.47008e-19
0.965	1.15413e-18
0.97	1.42644e-18
0.975	1.39253e-18
0.98	1.83441e-18
0.985	2.25395e-18
0.99	1.56177e-18
0.995	1.16274e-18
1	1.14487e-18
1.005	1.06414e-18
1.01	7.7297e-19
1.015	1.07009e-18
1.02	8.451e-19
1.025	8.15983e-19
1.03	8.30872e-19
1.035	1.04031e-18
1.04	7.71812e-19
1.045	1.07092e-18
1.05	9.92503e-19
1.055	8.30211e-19
1.06	1.09871e-18
1.065	8.99694e-19
1.07	6.45584e-19
1.075	1.86829e-19
1.08	-2.26404e-21
1.085	-3.6013e-20
1.09	3.22322e-19
1.095	-2.29436e-20
1.1	3.94617e-19
1.105	2.97478e-20
1.11	-2.24362e-19
1.115	-4.8145e-19
1.12	-3.35701e-19
1.125	-3.91866e-19
1.13	-5.06513e-19
1.135	-3.09313e-19
1.14	-3.04971e-19
1.145	-2.84291e-19
1.15	-1.85485e-19
1.155	-3.6734e-19
1.16	6.04018e-19
1.165	5.44957e-19
1.17	4.04171e-19
1.175	-9.90028e-20
1.18	-4.18295e-19
1.185	-4.60067e-19
1.19	-8.28576e-19
1.195	-6.18803e-19
1.2	-1.97934e-19
1.205	-4.16475e-19
1.21	1.08468e-20
1.215	-3.9199e-19
1.22	-8.39991e-19
1.225	-5.44357e-19
1.23	-7.67199e-19
1.235	-6.70088e-19
1.24	-5.07961e-19
1.245	-4.38478e-19
1.25	-2.92894e-19
1.255	-1.40858e-19
1.26	2.83485e-19
1.265	2.92584e-19
1.27	8.00473e-19
1.275	3.35267e-19
1.28	3.15746e-19
1.285	1.00182e-19
1.29	-1.75765e-19
1.295	-4.55021e-19
1.3	2.19958e-19
1.305	2.37163e-19
1.31	-1.16526e-20
1.315	-2.55356e-21
1.32	-4.05887e-19
1.325	-8.05911e-19
1.33	-3.72138e-19
1.335	-7.10951e-19
1.34	-5.72316e-19
1.345	-3.7495e-19
1.35	-3.36569e-19
1.355	6.08085e-20
1.36	3.63557e-19
1.365	3.41057e-19
1.37	-6.757e-20
1.375	-3.62046e-19
1.38	-6.75713e-19
1.385	-7.25675e-19
1.39	-6.70088e-19
1.395	-7.47512e-19
1.4	-4.41456e-19
1.405	-3.1804e-19
1.41	-7.21374e-19
1.415	-3.83884e-19
1.42	-5.95642e-19
1.425	-5.18053e-19
1.43	-6.93415e-19
1.435	-3.07121e-19
1.44	-5.06637e-19
1.445	-3.0282e-19
1.45	-1.07606e-19
1.455	1.59408e-19
1.46	3.14257e-19
1.465	4.08555e-19
1.47	3.62564e-19
1.475	3.35102e-19
1.48	4.93258e-19
1.485	5.34948e-19
1.49	6.28916e-19
1.495	7.01873e-19
1.5	6.46783e-19
1.505	8.9411e-19
1.51	1.16509e-18
1.515	6.44633e-19
1.52	6.30736e-19
1.525	2.24273e-20
1.53	2.53872e-19
1.535	5.91541e-20
1.54	2.55196e-19
1.545	4.0293e-19
1.55	8.94289e-20
1.555	-7.05478e-20
1.56	-2.42257e-20
1.565	7.45383e-19
1.57	5.0153e-19
1.575	6.94098e-19
1.58	1.03491e-19
1.585	1.4485e-19
1.59	5.41235e-19
1.595	4.12195e-19
1.6	5.78306e-20
1.605	-7.94814e-20
1.61	-1.68982e-19
1.615	-5.56765e-19
1.62	-8.14845e-19
1.625	-7.75471e-19
1.63	-1.24332e-18
1.635	-1.05539e-18
1.64	-1.60894e-18
1.645	-1.81408e-18
1.65	-1.9413e-18
1.655	-1.70042e-18
1.66	-1.45384e-18
1.665	-1.11056e-18
1.67	-1.24399e-18
1.675	-1.47378e-18
1.68	-1.09394e-18
1.685	-1.78083e-18
1.69	-2.20831e-18
1.695	-2.63348e-18
1.7	-2.96601e-18
1.705	-2.90894e-18
1.71	-3.06097e-18
1.715	-3.38423e-18
1.72	-4.10802e-18
1.725	-3.83207e-18
1.73	-3.88832e-18
1.735	-4.17833e-18
1.74	-3.54686e-18
1.745	-3.51939e-18
1.75	-2.71074e-18
1.755	-2.9096e-18
1.76	-2.67137e-18
1.765	-2.31667e-18
1.77	-2.10756e-18
1.775	-2.46143e-18
1.78	-2.46888e-18
1.785	-2.52479e-18
1.79	-2.66244e-18
1.795	-2.72398e-18
1.8	-2.35737e-18
1.805	-2.56508e-18
1.81	-2.56235e-18
1.815	-1.82028e-18
1.82	-1.5565e-18
1.825	-1.76685e-18
1.83	-1.67693e-18
1.835	-1.66949e-18
1.84	-1.31256e-18
1.845	-1.79522e-18
1.85	-1.45831e-18
1.855	-7.55619e-19
1.86	-6.56729e-19
1.865	-9.83507e-19
1.87	-1.02247e-18
1.875	-7.17981e-19
1.88	-8.43836e-19
1.885	-8.24232e-19
1.89	-1.43012e-18
1.895	-1.27831e-18
1.9	-1.85564e-18
1.905	-1.30769e-18
1.91	-1.56143e-18
1.915	-1.59005e-18
1.92	-1.68716e-18
1.925	-2.21715e-18
1.93	-2.70831e-18
1.935	-2.99489e-18
1.94	-3.21471e-18
1.945	-3.93014e-18
1.95	-3.56622e-18
1.955	-4.29828e-18
1.96	-4.45553e-18
1.965	-4.6605e-18
1.97	-4.64768e-18
1.975	-4.21126e-18
1.98	-4.51186e-18
1.985	-4.82991e-18
1.99	-5.19932e-18
1.995	-4.9927e-18
2	-4.952e-18
2.005	-4.93215e-18
2.01	-4.2393e-18
2.015	-4.34518e-18
2.02	-3.93903e-18
2.025	-4.57381e-18
2.03	-4.21845e-18
2.035	-4.24509e-18
2.04	-4.39448e-18
2.045	-4.33012e-18
2.05	-4.49482e-18
2.055	-4.15608e-18
2.06	-4.1359e-18
2.065	-4.00554e-18
2.07	-4.59432e-18
2.075	-4.94877e-18
2.08	-4.43675e-18
2.085	-4.04351e-18
2.09	-4.97152e-18
2.095	-4.65504e-18
2.1	-4.44481e-18
2.105	-4.92226e-18
2.11	-5.53595e-18
2.115	-6.20038e-18
2.12	-6.30655e-18
2.125	-6.08958e-18
2.13	-5.79543e-18
2.135	-6.52124e-18
2.14	-6.29062e-18
2.145	-6.65231e-18
2.15	-6.74896e-18
2.155	-5.91066e-18
2.16	-6.50596e-18
2.165	-6.20245e-18
2.17	-5.90708e-18
2.175	-5.24104e-18
2.18	-5.50048e-18
2.185	-5.95071e-18
2.19	-6.57929e-18
2.195	-7.10099e-18
2.2	-6.96211e-18
2.205	-6.88518e-18
2.21	-6.53512e-18
2.215	-7.20274e-18
2.22	-6.96972e-18
2.225	-6.71776e-18
2.23	-6.75738e-18
2.235	-7.12928e-18
2.24	-6.685e-18
2.245	-6.775e-18
2.25	-6.83274e-18
2.255	-6.53528e-18
2.26	-6.63372e-18
2.265	-6.38308e-18
2.27	-6.42246e-18
2.275	-6.42163e-18
2.28	-5.96685e-18
2.285	-6.11574e-18
2.29	-7.64751e-18
2.295	-7.9812e-18
2.3	-7.84057e-18
2.305	-7.58051e-18
2.31	-7.93256e-18
2.315	-7.91519e-18
2.32	-7.57373e-18
2.325	-7.23657e-18
2.33	-7.33517e-18
2.335	-7.46288e-18
2.34	-7.05591e-18
2.345	-7.59904e-18
2.35	-7.80451e-18
2.355	-8.01627e-18
2.36	-8.06458e-18
2.365	-8.2497e-18
2.37	-8.35607e-18
2.375	-7.86638e-18
2.38	-7.71914e-18
2.385	-7.49002e-18
2.39	-8.34251e-18
2.395	-7.96813e-18
2.4	-7.70922e-18
2.405	-8.06358e-18
2.41	-7.92031e-18
2.415	-7.72278e-18
2.42	-7.63444e-18
2.425	-7.64437e-18
2.43	-6.93167e-18
2.435	-6.75829e-18
2.44	-7.2632e-18
2.445	-7.24517e-18
2.45	-7.74512e-18
2.455	-7.9989e-18
2.46	-8.05614e-18
2.465	-7.42864e-18
2.47	-7.77043e-18
2.475	-7.90658e-18
2.48	-8.074e-18
2.485	-8.34499e-18
2.49	-8.2937e-18
2.495	-8.67718e-18
2.5	-8.44706e-18
2.505	-8.45418e-18
2.51	-8.11487e-18
2.515	-8.43697e-18
2.52	-8.42489e-18
2.525	-8.41348e-18
2.53	-8.79613e-18
2.535	-8.8949e-18
2.54	-8.60042e-18
2.545	-9.02427e-18
2.55	-9.01666e-18
2.555	-9.17531e-18
2.56	-9.7148e-18
2.565	-9.28649e-18
2.57	-9.71579e-18
2.575	-1.01026e-17
2.58	-1.02043e-17
2.585	-1.06578e-17
2.59	-1.00084e-17
2.595	-9.57625e-18
2.6	-9.2625e-18
2.605	-9.56715e-18
2.61	-9.26324e-18
2.615	-9.26779e-18
2.62	-9.11873e-18
2.625	-9.00814e-18
2.63	-8.84767e-18
2.635	-8.7987e-18
2.64	-9.33322e-18
2.645	-8.91798e-18
2.65	-8.93924e-18
2.655	-9.46574e-18
2.66	-9.41147e-18
2.665	-9.53307e-18
2.67	-9.10906e-18
2.675	-8.87314e-18
2.68	-9.25232e-18
2.685	-9.11807e-18
2.69	-8.80771e-18
2.695	-8.28444e-18
2.7	-7.79169e-18
2.705	-7.72833e-18
2.71	-7.24418e-18
2.715	-7.05541e-18
2.72	-7.0847e-18
2.725	-8.02901e-18
2.73	-8.16036e-18
2.735	-8.34201e-18
2.74	-7.97818e-18
2.745	-8.4158e-18
2.75	-9.01778e-18
2.755	-8.08811e-18
2.76	-8.11979e-18
2.765	-8.29292e-18
2.77	-7.92987e-18
2.775	-8.03045e-18
2.78	-8.55977e-18
2.785	-8.56498e-18
2.79	-8.70585e-18
2.795	-7.65227e-18
2.8	-8.22964e-18
2.805	-8.41344e-18
2.81	-8.55464e-18
2.815	-8.42626e-18
2.82	-8.94854e-18
2.825	-8.93919e-18
2.83	-9.19744e-18
2.835	-8.97882e-18
2.84	-8.5146e-18
2.845	-8.27398e-18
2.85	-8.24875e-18
2.855	-7.33389e-18
2.86	-6.62714e-18
2.865	-6.65841e-18
2.87	-6.73749e-18
2.875	-6.7178e-18
2.88	-6.24316e-18
2.885	-6.08344e-18
2.89	-6.31091e-18
2.895	-5.86142e-18
2.9	-5.4322e-18
2.905	-5.43733e-18
2.91	-5.85836e-18
2.915	-5.11754e-18
2.92	-5.16634e-18
2.925	-4.98196e-18
2.93	-5.02787e-18
2.935	-5.16361e-18
2.94	-5.50466e-18
2.945	-5.02589e-18
2.95	-4.11913e-18
2.955	-4.53545e-18
2.96	-4.66069e-18
2.965	-4.90015e-18
2.97	-5.49548e-18
2.975	-5.14153e-18
2.98	-5.02646e-18
2.985	-4.8205e-18
2.99	-5.17925e-18
2.995	-5.25973e-18
3	-5.26428e-18
3.005	-5.35436e-18
3.01	-6.12968e-18
3.015	-6.06648e-18
3.02	-6.0104e-18
3.025	-6.26219e-18
3.03	-6.02222e-18
3.035	-5.97805e-18
3.04	-6.34888e-18
3.045	-6.33796e-18
3.05	-5.91097e-18
3.055	-5.47637e-18
3.06	-5.35138e-18
3.065	-5.0373e-18
3.07	-5.2139e-18
3.075	-5.10414e-18
3.08	-4.82637e-18
3.085	-4.32576e-18
3.09	-3.9398e-18
3.095	-3.39882e-18
3.1	-3.15886e-18
3.105	-2.76553e-18
3.11	-2.32274e-18
3.115	-2.17815e-18
3.12	-2.06508e-18
3.125	-2.01098e-18
3.13	-1.81924e-18
3.135	-1.78756e-18
3.14	-1.71154e-18
3.145	-1.60822e-18
3.15	-1.40523e-18
3.155	-1.60028e-18
3.16	-1.35833e-18
3.165	-1.3274e-18
3.17	-1.26188e-18
3.175	-1.67101e-18
3.18	-1.94563e-18
3.185	-2.00568e-18
3.19	-2.28221e-18
3.195	-2.2684e-18
3.2	-2.60498e-18
3.205	-2.14399e-18
3.21	-2.94801e-18
3.215	-2.4943e-18
3.22	-2.03207e-18
3.225	-1.5021e-18
3.23	-1.32243e-18
3.235	-8.67152e-19
3.24	-8.04287e-19
3.245	-4.81604e-19
3.25	-5.23873e-19
3.255	-4.28581e-19
3.26	-1.10555e-18
3.265	-1.20448e-18
3.27	-1.0804e-18
3.275	-9.73859e-19
3.28	-1.00678e-18
3.285	-9.40606e-19
3.29	-8.30095e-19
3.295	-8.55158e-19
3.3	-3.66874e-19
3.305	-4.77881e-19
3.31	-1.80841e-19
3.315	-5.89964e-19
3.32	-9.70715e-19
3.325	-9.93546e-19
3.33	-1.26039e-18
3.335	-1.47372e-18
3.34	-2.16624e-18
3.345	-2.68091e-18
3.35	-2.56643e-18
3.355	-3.0385e-18
3.36	-3.03958e-18
3.365	-3.40718e-18
3.37	-3.2319e-18
3.375	-3.15001e-18
3.38	-3.15828e-18
3.385	-3.09268e-18
3.39	-2.5431e-18
3.395	-2.93171e-18
3.4	-3.22817e-18
3.405	-3.49155e-18
3.41	-3.73482e-18
3.415	-3.78057e-18
3.42	-2.78522e-18
3.425	-1.75745e-18
3.43	-1.0811e-18
3.435	-1.03569e-18
3.44	-2.66578e-19
3.445	-3.0802e-19
3.45	-2.05367e-19
3.455	-7.32446e-19
3.46	-6.84552e-19
3.465	-3.70224e-19
3.47	-7.07016e-20
3.475	-1.42253e-19
3.48	-2.51523e-19
3.485	-1.6318e-19
3.49	-9.89534e-19
3.495	-1.31867e-18
3.5	-1.06787e-18
3.505	-1.88802e-18
3.51	-2.3988e-18
3.515	-3.22731e-18
3.52	-3.94116e-18
3.525	-4.00577e-18
3.53	-4.1554e-18
3.535	-4.26856e-18
3.54	-4.58661e-18
3.545	-4.15499e-18
3.55	-3.86399e-18
3.555	-3.80153e-18
3.56	-3.29025e-18
3.565	-2.83646e-18
3.57	-1.81514e-18
3.575	-1.92201e-18
3.58	-1.33678e-18
3.585	-1.45499e-18
3.59	-1.35465e-18
3.595	-1.2879e-18
3.6	-1.4985e-18
3.605	-1.57385e-18
3.61	-2.64042e-18
3.615	-2.6113e-18
3.62	-3.12002e-18
3.625	-2.22336e-18
3.63	-2.59567e-18
3.635	-2.98957e-18
3.64	-3.16651e-18
3.645	-3.35916e-18
3.65	-2.65151e-18
3.655	-2.54877e-18
3.66	-1.59346e-18
3.665	-1.8273e-18
3.67	-2.60072e-18
3.675	-2.59914e-18
3.68	-2.92853e-18
3.685	-3.52071e-18
3.69	-3.38637e-18
3.695	-2.96699e-18
3.7	-2.71884e-18
3.705	-2.1126e-18
3.71	-2.23874e-18
3.715	-2.72008e-18
3.72	-2.77624e-18
3.725	-2.95045e-18
3.73	-2.64489e-18
3.735	-2.327e-18
3.74	-1.54102e-18
3.745	-1.57419e-18
3.75	-1.4645e-18
3.755	-1.49221e-18
3.76	-1.46037e-18
3.765	-1.08524e-18
3.77	-9.91436e-19
3.775	-2.01118e-18
3.78	-1.41388e-18
3.785	-8.05652e-19
3.79	-6.03985e-19
3.795	-7.24257e-19
3.8	-4.86608e-19
3.805	-1.97178e-19
3.81	1.54457e-19
3.815	7.39191e-19
3.82	8.34813e-19
3.825	4.38014e-19
3.83	6.34883e-19
3.835	8.62441e-19
3.84	2.98014e-19
3.845	2.77335e-19
3.85	-4.30897e-19
3.855	-1.10149e-18
3.86	-1.0876e-18
3.865	-8.86012e-19
3.87	-8.83944e-19
3.875	-2.89615e-19
3.88	-2.34359e-19
3.885	-2.16658e-19
3.89	-3.55831e-19
3.895	-1.90601e-19
3.9	5.70467e-19
3.905	7.50668e-19
3.91	-4.10472e-20
3.915	-7.17226e-19
3.92	-8.23147e-19
3.925	-7.68222e-19
3.93	-7.11394e-19
3.935	-1.17329e-18
3.94	-7.16937e-19
3.945	-7.23926e-19
3.95	-5.75323e-19
3.955	-1.05232e-18
3.96	-7.90886e-19
3.965	-1.13429e-18
3.97	-1.15782e-18
3.975	-1.39365e-18
3.98	-6.58868e-19
3.985	-1.15265e-18
3.99	-1.05997e-18
3.995	-5.31648e-19
4	-3.91027e-19
4.005	-8.59253e-19
4.01	-1.28404e-20
4.015	-1.56191e-19
4.02	7.47339e-19
4.025	1.2355e-18
4.03	1.56356e-18
4.035	8.9284e-19
4.04	1.2824e-18
4.045	8.87918e-19
4.05	1.45855e-18
4.055	9.34447e-19
4.06	8.36343e-19
4.065	5.42942e-19
4.07	3.75935e-19
4.075	4.71887e-19
4.08	6.07628e-19
4.085	1.17234e-18
4.09	8.75593e-19
4.095	1.64131e-18
4.1	1.19588e-18
4.105	1.41227e-18
4.11	1.58953e-18
4.115	1.97434e-18
4.12	1.97715e-18
4.125	1.63954e-18
4.13	1.46719e-18
4.135	1.45094e-18
4.14	1.81386e-18
4.145	1.51641e-18
4.15	2.20231e-18
4.155	1.83872e-18
4.16	1.49805e-18
4.165	8.37212e-19
4.17	4.32762e-19
4.175	7.43244e-19
4.18	3.58853e-19
4.185	-4.07281e-19
4.19	-2.66454e-19
4.195	-1.01969e-19
4.2	6.16886e-20
4.205	1.9958e-19
4.21	1.59792e-19
4.215	-3.01899e-19
4.22	-1.89071e-19
4.225	-2.00652e-19
4.23	-1.44655e-18
4.235	-1.15232e-18
4.24	-9.07353e-19
4.245	-5.50342e-19
4.25	-1.64793e-19
4.255	-3.10336e-19
4.26	-5.93563e-19
4.265	-4.55878e-19
4.27	-1.29307e-19
4.275	9.33454e-19
4.28	1.27144e-18
4.285	1.0893e-18
4.29	1.20994e-18
4.295	1.75898e-18
4.3	1.66534e-18
4.305	2.26803e-18
4.31	3.21713e-18
4.315	4.3024e-18
4.32	4.79771e-18
4.325	4.87886e-18
4.33	4.93312e-18
4.335	5.11394e-18
4.34	4.81798e-18
4.345	4.58025e-18
4.35	5.01096e-18
4.355	4.39057e-18
4.36	4.49596e-18
4.365	4.0932e-18
4.37	4.23622e-18
4.375	4.21802e-18
4.38	4.16393e-18
4.385	3.95663e-18
4.39	3.73437e-18
4.395	3.78061e-18
4.4	4.01694e-18
4.405	3.9032e-18
4.41	3.98228e-18
4.415	3.38232e-18
4.42	3.96118e-18
4.425	2.73836e-18
4.43	2.93366e-18
4.435	2.7138e-18
4.44	2.8478e-18
4.445	2.59865e-18
4.45	2.61164e-18
4.455	2.86873e-18
4.46	3.33617e-18
4.465	3.0919e-18
4.47	2.82811e-18
4.475	2.80048e-18
4.48	2.78923e-18
4.485	2.72413e-18
4.49	1.90283e-18
4.495	2.09837e-18
4.5	2.02459e-18
4.505	1.34101e-18
4.51	1.57957e-18
4.515	1.56931e-18
4.52	2.12493e-18
4.525	1.99299e-18
4.53	1.80398e-18
4.535	1.31379e-18
4.54	1.52199e-18
4.545	1.45681e-18
4.55	1.7991e-18
4.555	2.10317e-18
4.56	1.89348e-18
4.565	1.09062e-18
4.57	1.14199e-18
4.575	1.10236e-18
4.58	1.64144e-18
4.585	2.29044e-18
4.59	1.66559e-18
4.595	1.12503e-18
4.6	1.07267e-18
4.605	7.24012e-19
4.61	1.06713e-18
4.615	1.0208e-18
4.62	6.14907e-19
4.625	2.4342e-19
4.63	-2.64634e-19
4.635	-5.65397e-19
4.64	3.14965e-20
4.645	-4.35861e-19
4.65	-3.13355e-19
4.655	-1.21366e-18
4.66	-1.1632e-18
4.665	-1.66662e-18
4.67	-2.15168e-18
4.675	-2.41803e-18
4.68	-1.95787e-18
4.685	-1.42492e-18
4.69	-1.9156e-18
4.695	-2.00213e-18
4.7	-1.75679e-18
4.705	-1.68838e-18
4.71	-1.24683e-18
4.715	-1.12044e-18
4.72	-8.61941e-19
4.725	-1.8175e-18
4.73	-2.05341e-18
4.735	-2.47999e-18
4.74	-3.12577e-18
4.745	-3.94286e-18
4.75	-4.28159e-18
4.755	-5.0282e-18
4.76	-5.39315e-18
4.765	-5.04681e-18
4.77	-4.93399e-18
4.775	-5.35634e-18
4.78	-5.90989e-18
4.785	-6.04175e-18
4.79	-6.29916e-18
4.795	-6.14638e-18
4.8	-6.82848e-18
4.805	-6.54823e-18
4.81	-6.1291e-18
4.815	-5.36503e-18
4.82	-5.44601e-18
4.825	-5.86043e-18
4.83	-5.47877e-18
4.835	-5.63544e-18
4.84	-5.59639e-18
4.845	-5.11332e-18
4.85	-5.28529e-18
4.855	-5.31101e-18
4.86	-5.39497e-18
4.865	-5.5566e-18
4.87	-5.84248e-18
4.875	-5.11423e-18
4.88	-5.06633e-18
4.885	-4.787e-18
4.89	-5.06758e-18
4.895	-4.03807e-18
4.9	-3.97288e-18
4.905	-3.44506e-18
4.91	-3.08003e-18
4.915	-2.7379e-18
4.92	-1.83983e-18
4.925	-1.85654e-18
4.93	-2.13762e-18
4.935	-1.56182e-18
4.94	-1.98153e-18
4.945	-1.30399e-18
4.95	-7.6268e-19
4.955	-3.56038e-19
4.96	-1.14773e-18
4.965	-1.16312e-18
4.97	-9.69888e-19
4.975	-1.06361e-18
4.98	-1.42343e-18
4.985	-1.25179e-18
4.99	-1.75563e-18
4.995	-1.65967e-18
5	-1.67183e-18
5.005	-1.45263e-18
5.01	-2.24929e-18
5.015	-2.3732e-18
5.02	-2.66404e-18
5.025	-2.25417e-18
5.03	-2.23266e-18
5.035	-2.03662e-18
5.04	-1.60913e-18
5.045	-1.67986e-18
5.05	-2.09084e-18
5.055	-2.22468e-18
5.06	-2.23328e-18
5.065	-2.5139e-18
5.07	-2.02529e-18
5.075	-1.77784e-18
5.08	-1.88123e-18
5.085	-2.39007e-18
5.09	-2.06218e-18
5.095	-2.17894e-18
5.1	-2.60717e-18
5.105	-2.50203e-18
5.11	-1.96226e-18
5.115	-2.00618e-18
5.12	-1.22818e-18
5.125	-7.80754e-19
5.13	-4.77426e-19
5.135	-1.50015e-18
5.14	-1.1223e-18
5.145	-1.32797e-18
5.15	-1.48096e-18
5.155	-1.53837e-18
5.16	-1.21548e-18
5.165	-5.70153e-19
5.17	-8.4974e-19
5.175	-1.21366e-18
5.18	-1.79831e-18
5.185	-2.01255e-18
5.19	-2.06934e-18
5.195	-1.78272e-18
5.2	-1.4317e-18
5.205	-1.95051e-18
5.21	-2.84755e-18
5.215	-2.44864e-18
5.22	-1.76853e-18
5.225	-1.7352e-18
5.23	-1.33674e-18
5.235	-1.6993e-18
5.24	-2.73881e-18
5.245	-3.04442e-18
5.25	-3.26991e-18
5.255	-2.87567e-18
5.26	-2.78551e-18
5.265	-3.31093e-18
5.27	-3.29307e-18
5.275	-3.27599e-18
5.28	-3.77589e-18
5.285	-3.51343e-18
5.29	-3.75137e-18
5.295	-2.71247e-18
5.3	-2.81074e-18
5.305	-2.65258e-18
5.31	-2.69543e-18
5.315	-1.93115e-18
5.32	-2.34177e-18
5.325	-2.4524e-18
5.33	-2.30235e-18
5.335	-2.47465e-18
5.34	-1.80844e-18
5.345	-1.57021e-18
5.35	-1.67651e-18
5.355	-2.21719e-18
5.36	-2.18022e-18
5.365	-1.94675e-18
5.37	-3.08321e-18
5.375	-2.9387e-18
5.38	-2.36088e-18
5.385	-2.36476e-18
5.39	-1.87623e-18
5.395	-1.40805e-18
5.4	-9.02101e-19
5.405	-1.16208e-18
5.41	-1.36243e-18
5.415	-1.77639e-18
5.42	-1.88169e-18
5.425	-1.45321e-18
5.43	-1.19616e-18
5.435	-1.70538e-18
5.44	-1.47426e-18
5.445	-1.58171e-18
5.45	-2.19023e-18
5.455	-1.98906e-18
5.46	-2.56833e-18
5.465	-2.61838e-18
5.47	-1.88119e-18
5.475	-2.26641e-18
5.48	-1.84368e-18
5.485	-1.76601e-18
5.49	-2.15871e-18
5.495	-1.66327e-18
5.5	-1.43836e-18
5.505	-1.77912e-18
5.51	-2.16318e-18
5.515	-2.16368e-18
5.52	-1.84521e-18
5.525	-1.71336e-18
5.53	-1.89459e-18
5.535	-2.39562e-18
5.54	-3.13838e-18
5.545	-2.99756e-18
5.55	-3.23066e-18
5.555	-2.47904e-18
5.56	-2.5472e-18
5.565	-2.67305e-18
5.57	-3.61145e-18
5.575	-4.08129e-18
5.58	-4.63107e-18
5.585	-4.66656e-18
5.59	-4.91169e-18
5.595	-5.55454e-18
5.6	-5.47724e-18
5.605	-6.06999e-18
5.61	-6.36778e-18
5.615	-5.87337e-18
5.62	-5.65181e-18
5.625	-5.66534e-18
5.63	-6.05676e-18
5.635	-6.22596e-18
5.64	-5.84008e-18
5.645	-5.46123e-18
5.65	-5.77899e-18
5.655	-5.44039e-18
5.66	-5.18115e-18
5.665	-5.07221e-18
5.67	-4.62615e-18
5.675	-5.33744e-18
5.68	-4.51018e-18
5.685	-4.59761e-18
5.69	-4.64228e-18
5.695	-4.32125e-18
5.7	-4.11657e-18
5.705	-3.63511e-18
5.71	-3.33157e-18
5.715	-3.4415e-18
5.72	-2.86938e-18
5.725	-2.7049e-18
5.73	-2.84254e-18
5.735	-3.54072e-18
5.74	-3.09239e-18
5.745	-3.16324e-18
5.75	-3.07196e-18
5.755	-3.2168e-18
5.76	-3.53791e-18
5.765	-4.11284e-18
5.77	-4.0951e-18
5.775	-4.1516e-18
5.78	-4.33804e-18
5.785	-4.40207e-18
5.79	-4.41725e-18
5.795	-3.88309e-18
5.8	-3.56918e-18
5.805	-2.38027e-18
5.81	-2.7676e-18
5.815	-2.76475e-18
5.82	-2.40563e-18
5.825	-2.01441e-18
5.83	-2.13406e-18
5.835	-1.98256e-18
5.84	-2.40021e-18
5.845	-2.15069e-18
5.85	-2.13373e-18
5.855	-2.08592e-18
5.86	-1.14939e-18
5.865	-9.08015e-19
5.87	-1.4485e-18
5.875	-1.18934e-18
5.88	-9.86887e-19
5.885	-1.22239e-18
5.89	-1.2027e-18
5.895	-1.64698e-18
5.9	-1.42662e-18
5.905	-1.88264e-18
5.91	-2.22344e-18
5.915	-1.97773e-18
5.92	-7.00434e-19
5.925	-7.95146e-19
5.93	-1.02825e-18
5.935	-4.71677e-19
5.94	-7.27897e-19
5.945	-5.32068e-20
5.95	-4.49302e-19
5.955	-2.31588e-19
5.96	-1.14708e-19
5.965	-4.61586e-19
5.97	-1.09442e-21
5.975	-4.87228e-19
5.98	-4.26679e-19
5.985	-8.07596e-19
5.99	-1.14529e-18
5.995	-1.1625e-18
6	-1.20865e-18
6.005	-6.66603e-19
6.01	-5.64074e-19
6.015	-5.53651e-19
6.02	-6.60151e-19
6.025	-1.01311e-18
6.03	-5.23045e-19
6.035	-1.11502e-18
6.04	-8.23188e-19
6.045	-1.07337e-18
6.05	-1.71964e-18
6.055	-1.81609e-18
6.06	-1.53146e-18
6.065	-1.93637e-18
6.07	-2.36054e-18
6.075	-1.80811e-18
6.08	-1.92135e-18
6.085	-1.58725e-18
6.09	-2.03248e-18
6.095	-2.24193e-18
6.1	-2.40769e-18
6.105	-2.15784e-18
6.11	-1.88173e-18
6.115	-2.25611e-18
6.12	-2.14225e-18
6.125	-2.06131e-18
6.13	-1.52021e-18
6.135	-1.72891e-18
6.14	-1.03366e-18
6.145	-1.00823e-18
6.15	-8.21368e-19
6.155	-8.2112e-19
6.16	-1.54825e-18
6.165	-1.44883e-18
6.17	-6.6987e-19
6.175	-1.3889e-18
6.18	-1.53034e-18
6.185	-2.12869e-18
6.19	-2.04435e-18
6.195	-8.44281e-19
6.2	-1.0292e-18
6.205	-1.72717e-18
6.21	-1.97942e-18
6.215	-2.92021e-18
6.22	-2.57545e-18
6.225	-2.2916e-18
6.23	-2.12753e-18
6.235	-2.26575e-18
6.24	-2.25901e-18
6.245	-1.52166e-18
6.25	-1.78996e-18
6.255	-1.61389e-18
6.26	-1.40329e-18
6.265	-1.4724e-18
6.27	-1.94493e-18
6.275	-1.66625e-18
6.28	-1.53291e-18
6.285	-1.60264e-18
6.29	-1.756e-18
6.295	-2.2222e-18
6.3	-2.17737e-18
6.305	-1.87735e-18
6.31	-1.78123e-18
6.315	-2.03459e-18
6.32	-1.62431e-18
6.325	-1.19393e-18
6.33	-7.28393e-19
6.335	-1.73437e-19
6.34	3.93099e-19
6.345	1.18061e-19
6.35	-9.55785e-19
6.355	-3.15134e-19
6.36	-7.24257e-19
6.365	-9.04831e-19
6.37	-9.11696e-19
6.375	-1.95469e-18
6.38	-1.59842e-18
6.385	-1.08929e-18
6.39	-4.61379e-19
6.395	-1.82785e-19
6.4	2.11981e-20
6.405	-6.52044e-19
6.41	-5.1953e-19
6.415	-2.45485e-19
6.42	-1.28641e-18
6.425	-1.16705e-18
6.43	-1.01088e-18
6.435	-4.82555e-19
6.44	-3.99754e-19
6.445	-7.31619e-19
6.45	-2.12947e-18
6.455	-2.14221e-18
6.46	-1.52761e-18
6.465	-1.67965e-18
6.47	-1.88132e-18
6.475	-1.56062e-18
6.48	-1.61935e-18
6.485	-1.29882e-18
6.49	-1.61381e-18
6.495	-1.73449e-18
6.5	-1.53944e-18
6.505	-1.9403e-18
6.51	-2.05056e-18
6.515	-2.66855e-18
6.52	-3.44138e-18
6.525	-3.40201e-18
6.53	-3.13259e-18
6.535	-2.7468e-18
6.54	-1.75004e-18
6.545	-2.44909e-18
6.55	-2.84755e-18
6.555	-2.91298e-18
6.56	-2.51783e-18
6.565	-2.36596e-18
6.57	-2.63976e-18
6.575	-2.93481e-18
6.58	-2.91868e-18
6.585	-2.14999e-18
6.59	-2.7468e-18
6.595	-2.64993e-18
6.6	-2.4438e-18
6.605	-2.3184e-18
6.61	-2.52371e-18
6.615	-2.0475e-18
6.62	-1.9446e-18
6.625	-2.90636e-18
6.63	-3.03879e-18
6.635	-2.34272e-18
6.64	-2.14618e-18
6.645	-2.03468e-18
6.65	-2.15346e-18
6.655	-2.52619e-18
6.66	-2.66863e-18
6.665	-2.86103e-18
6.67	-2.9789e-18
6.675	-2.33039e-18
6.68	-3.37777e-18
6.685	-1.96164e-18
6.69	-1.60388e-18
6.695	-1.79951e-18
6.7	-1.99894e-18
6.705	-1.64234e-18
6.71	-2.25239e-18
6.715	-2.19573e-18
6.72	-2.0781e-18
6.725	-2.39938e-18
6.73	-2.12881e-18
6.735	-1.61877e-18
6.74	-2.45042e-18
6.745	-2.17952e-18
6.75	-1.38211e-18
6.755	-1.45019e-18
6.76	-1.30444e-18
6.765	-1.756e-18
6.77	-1.55202e-18
6.775	-1.65293e-18
6.78	-1.30138e-18
6.785	-1.71497e-18
6.79	-2.34206e-18
6.795	-2.74936e-18
6.8	-3.37024e-18
6.805	-3.87656e-18
6.81	-3.63444e-18
6.815	-3.2431e-18
6.82	-3.71873e-18
6.825	-3.72494e-18
6.83	-3.92727e-18
6.835	-3.97475e-18
6.84	-3.21035e-18
6.845	-3.3575e-18
6.85	-3.21506e-18
6.855	-3.8309e-18
6.86	-3.4973e-18
6.865	-3.74851e-18
6.87	-3.78392e-18
6.875	-4.37427e-18
6.88	-4.96066e-18
6.885	-4.60804e-18
6.89	-3.96697e-18
6.895	-4.05796e-18
6.9	-3.87854e-18
6.905	-3.79078e-18
6.91	-3.64487e-18
6.915	-3.24468e-18
6.92	-3.67167e-18
6.925	-4.63252e-18
6.93	-4.78166e-18
6.935	-3.37115e-18
6.94	-3.48009e-18
6.945	-3.8998e-18
6.95	-4.38486e-18
6.955	-4.30157e-18
6.96	-4.00634e-18
6.965	-3.92131e-18
6.97	-3.69077e-18
6.975	-4.31521e-18
6.98	-3.95109e-18
6.985	-3.84976e-18
6.99	-3.23566e-18
6.995	-3.19149e-18
7	-3.212e-18
7.005	-3.20009e-18
7.01	-4.18253e-18
7.015	-3.70087e-18
7.02	-3.54461e-18
7.025	-3.55603e-18
7.03	-3.19033e-18
7.035	-3.42525e-18
7.04	-3.92718e-18
7.045	-3.82958e-18
7.05	-4.30272e-18
7.055	-4.76462e-18
7.06	-4.55485e-18
7.065	-5.03966e-18
7.07	-5.3841e-18
7.075	-4.46758e-18
7.08	-4.97191e-18
7.085	-5.17978e-18
7.09	-4.96819e-18
7.095	-5.41859e-18
7.1	-5.59354e-18
7.105	-4.93452e-18
7.11	-4.50869e-18
7.115	-4.56941e-18
7.12	-4.40347e-18
7.125	-5.01956e-18
7.13	-5.04222e-18
7.135	-4.99276e-18
7.14	-5.29203e-18
7.145	-5.23074e-18
7.15	-5.04206e-18
7.155	-4.91939e-18
7.16	-5.02212e-18
7.165	-5.00938e-18
7.17	-6.0671e-18
7.175	-5.28558e-18
7.18	-5.04661e-18
7.185	-5.43778e-18
7.19	-5.4372e-18
7.195	-4.92832e-18
7.2	-4.75718e-18
7.205	-4.20065e-18
7.21	-3.93256e-18
7.215	-4.07541e-18
7.22	-3.51715e-18
7.225	-3.84339e-18
7.23	-4.3488e-18
7.235	-4.13737e-18
7.24	-4.47395e-18
7.245	-5.26308e-18
7.25	-5.57253e-18
7.255	-5.21701e-18
7.26	-5.3817e-18
7.265	-5.56318e-18
7.27	-5.68271e-18
7.275	-5.9374e-18
7.28	-5.77601e-18
7.285	-5.88016e-18
7.29	-6.21434e-18
7.295	-6.5797e-18
7.3	-6.09589e-18
7.305	-6.08472e-18
7.31	-6.07074e-18
7.315	-6.3543e-18
7.32	-6.04741e-18
7.325	-6.41013e-18
7.33	-5.91804e-18
7.335	-6.10101e-18
7.34	-5.89811e-18
7.345	-6.43238e-18
7.35	-6.67632e-18
7.355	-7.44667e-18
7.36	-7.43426e-18
7.365	-7.10951e-18
7.37	-6.62735e-18
7.375	-6.72099e-18
7.38	-6.55067e-18
7.385	-7.4647e-18
7.39	-7.3235e-18
7.395	-8.14721e-18
7.4	-8.08567e-18
7.405	-8.03314e-18
7.41	-7.99906e-18
7.415	-8.00262e-18
7.42	-7.6375e-18
7.425	-7.86092e-18
7.43	-8.16772e-18
7.435	-8.54227e-18
7.44	-8.69828e-18
7.445	-8.43929e-18
7.45	-8.32679e-18
7.455	-8.78546e-18
7.46	-8.77463e-18
7.465	-9.65235e-18
7.47	-9.68254e-18
7.475	-9.35928e-18
7.48	-9.54084e-18
7.485	-9.34166e-18
7.49	-8.68752e-18
7.495	-9.18904e-18
7.5	-9.62265e-18
7.505	-9.30154e-18
7.51	-8.71242e-18
7.515	-8.69315e-18
7.52	-8.64989e-18
7.525	-8.63922e-18
7.53	-8.68513e-18
7.535	-8.98407e-18
7.54	-8.26864e-18
7.545	-7.71823e-18
7.55	-7.60888e-18
7.555	-7.9826e-18
7.56	-7.66993e-18
7.565	-7.90584e-18
7.57	-7.48745e-18
7.575	-7.34319e-18
7.58	-7.2077e-18
7.585	-6.94648e-18
7.59	-7.44014e-18
7.595	-7.73924e-18
7.6	-7.70194e-18
7.605	-7.58729e-18
7.61	-7.48514e-18
7.615	-6.57846e-18
7.62	-6.77326e-18
7.625	-6.96079e-18
7.63	-6.87583e-18
7.635	-6.75697e-18
7.64	-6.53313e-18
7.645	-7.02241e-18
7.65	-7.46694e-18
7.655	-7.21762e-18
7.66	-6.89651e-18
7.665	-7.43832e-18
7.67	-7.15931e-18
7.675	-7.20356e-18
7.68	-6.55836e-18
7.685	-6.45645e-18
7.69	-6.09737e-18
7.695	-6.46009e-18
7.7	-6.26198e-18
7.705	-6.78005e-18
7.71	-6.30326e-18
7.715	-6.61626e-18
7.72	-7.49101e-18
7.725	-7.593e-18
7.73	-7.9448e-18
7.735	-8.17484e-18
7.74	-8.04679e-18
7.745	-7.37768e-18
7.75	-7.64842e-18
7.755	-8.17351e-18
7.76	-8.21909e-18
7.765	-8.16996e-18
7.77	-7.73503e-18
7.775	-7.90021e-18
7.78	-7.88756e-18
7.785	-8.04629e-18
7.79	-7.50995e-18
7.795	-7.42723e-18
7.8	-7.20985e-18
7.805	-7.53121e-18
7.81	-7.60566e-18
7.815	-7.04408e-18
7.82	-6.99809e-18
7.825	-7.80128e-18
7.83	-7.50896e-18
7.835	-7.38339e-18
7.84	-7.81477e-18
7.845	-7.36122e-18
7.85	-7.06972e-18
7.855	-6.82066e-18
7.86	-6.52006e-18
7.865	-5.95551e-18
7.87	-6.07198e-18
7.875	-5.67659e-18
7.88	-5.4774e-18
7.885	-5.83301e-18
7.89	-5.55565e-18
7.895	-5.67617e-18
7.9	-5.24587e-18
7.905	-5.22958e-18
7.91	-5.19575e-18
7.915	-5.2716e-18
7.92	-4.5546e-18
7.925	-5.15522e-18
7.93	-5.30353e-18
7.935	-4.27419e-18
7.94	-4.97266e-18
7.945	-4.64997e-18
7.95	-4.03232e-18
7.955	-4.38867e-18
7.96	-4.51001e-18
7.965	-5.49395e-18
7.97	-5.45027e-18
7.975	-5.49312e-18
7.98	-5.78693e-18
7.985	-5.51272e-18
7.99	-5.40701e-18
7.995	-5.65707e-18
8	-6.20648e-18
8.005	-6.21045e-18
8.01	-5.8211e-18
8.015	-6.12384e-18
8.02	-5.89869e-18
8.025	-6.30094e-18
8.03	-5.85551e-18
8.035	-5.93707e-18
8.04	-5.40329e-18
8.045	-5.58303e-18
8.05	-6.01755e-18
8.055	-6.0714e-18
8.06	-6.41642e-18
8.065	-5.96544e-18
8.07	-5.29302e-18
8.075	-5.0806e-18
8.08	-4.73716e-18
8.085	-4.14663e-18
8.09	-3.92826e-18
8.095	-4.54575e-18
8.1	-4.18171e-18
8.105	-4.62135e-18
8.11	-4.94205e-18
8.115	-4.68728e-18
8.12	-4.34888e-18
8.125	-4.70606e-18
8.13	-4.32712e-18
8.135	-3.88789e-18
8.14	-3.85563e-18
8.145	-3.56612e-18
8.15	-2.78055e-18
8.155	-1.78694e-18
8.16	-1.88678e-18
8.165	-2.02657e-18
8.17	-2.29648e-18
8.175	-2.42105e-18
8.18	-2.76863e-18
8.185	-2.61577e-18
8.19	-3.41524e-18
8.195	-2.71387e-18
8.2	-2.49542e-18
8.205	-3.25179e-18
8.21	-3.40573e-18
8.215	-2.40757e-18
8.22	-2.23725e-18
8.225	-2.16289e-18
8.23	-1.91391e-18
8.235	-1.86701e-18
8.24	-2.06123e-18
8.245	-3.06733e-18
8.25	-3.1273e-18
8.255	-3.44816e-18
8.26	-3.26759e-18
8.265	-3.21556e-18
8.27	-3.44064e-18
8.275	-3.71394e-18
8.28	-4.25731e-18
8.285	-4.18088e-18
8.29	-4.7968e-18
8.295	-5.18839e-18
8.3	-4.70424e-18
8.305	-4.11975e-18
8.31	-3.70153e-18
8.315	-4.23034e-18
8.32	-4.67363e-18
8.325	-4.63649e-18
8.33	-3.83925e-18
8.335	-4.10478e-18
8.34	-4.04133e-18
8.345	-3.82205e-18
8.35	-4.10271e-18
8.355	-4.30338e-18
8.36	-3.85687e-18
8.365	-3.549e-18
8.37	-3.40986e-18
8.375	-3.75041e-18
8.38	-3.83388e-18
8.385	-4.09494e-18
8.39	-4.16094e-18
8.395	-4.38428e-18
8.4	-4.48909e-18
8.405	-4.20967e-18
8.41	-4.60597e-18
8.415	-3.77506e-18
8.42	-4.1846e-18
8.425	-4.02678e-18
8.43	-4.23754e-18
8.435	-4.09733e-18
8.44	-3.39944e-18
8.445	-3.29927e-18
8.45	-2.78625e-18
8.455	-2.18564e-18
8.46	-1.23124e-18
8.465	-1.56567e-18
8.47	-1.44233e-18
8.475	-1.27425e-18
8.48	-1.2046e-18
8.485	-1.05025e-18
8.49	-7.10939e-19
8.495	-7.93244e-19
8.5	-1.20088e-18
8.505	-1.34522e-18
8.51	-2.06396e-18
8.515	-2.46448e-18
8.52	-2.71404e-18
8.525	-2.8521e-18
8.53	-2.6324e-18
8.535	-2.9416e-18
8.54	-2.90694e-18
8.545	-3.13003e-18
8.55	-3.35056e-18
8.555	-3.44709e-18
8.56	-3.66414e-18
8.565	-3.20406e-18
8.57	-3.49382e-18
8.575	-4.35723e-18
8.58	-4.55245e-18
8.585	-4.23291e-18
8.59	-3.87631e-18
8.595	-4.24052e-18
8.6	-4.42804e-18
8.605	-4.5158e-18
8.61	-4.67404e-18
8.615	-4.82153e-18
8.62	-5.35357e-18
8.625	-5.05595e-18
8.63	-4.93461e-18
8.635	-5.12651e-18
8.64	-5.14628e-18
8.645	-5.28872e-18
8.65	-4.72814e-18
8.655	-4.46899e-18
8.66	-3.98021e-18
8.665	-3.7256e-18
8.67	-3.54254e-18
8.675	-3.75893e-18
8.68	-3.70558e-18
8.685	-4.01271e-18
8.69	-3.06898e-18
8.695	-3.3312e-18
8.7	-3.38629e-18
8.705	-4.17509e-18
8.71	-3.66232e-18
8.715	-3.68771e-18
8.72	-3.3494e-18
8.725	-3.01323e-18
8.73	-3.40929e-18
8.735	-3.84571e-18
8.74	-3.81675e-18
8.745	-3.85737e-18
8.75	-3.95729e-18
8.755	-4.21703e-18
8.76	-3.94389e-18
8.765	-3.70045e-18
8.77	-3.99882e-18
8.775	-3.59482e-18
8.78	-3.14939e-18
8.785	-2.59716e-18
8.79	-3.21316e-18
8.795	-3.24377e-18
8.8	-3.06725e-18
8.805	-2.52387e-18
8.81	-3.13541e-18
8.815	-2.96013e-18
8.82	-3.31722e-18
8.825	-3.14972e-18
8.83	-3.19298e-18
8.835	-3.23508e-18
8.84	-3.04673e-18
8.845	-2.89296e-18
8.85	-3.26122e-18
8.855	-3.75513e-18
8.86	-4.06425e-18
8.865	-3.23028e-18
8.87	-3.05079e-18
8.875	-2.95425e-18
8.88	-2.42618e-18
8.885	-2.27671e-18
8.89	-2.12947e-18
8.895	-2.4419e-18
8.9	-2.12666e-18
8.905	-2.47126e-18
8.91	-2.20408e-18
8.915	-2.79122e-18
8.92	-2.52908e-18
8.925	-2.26645e-18
8.93	-2.22187e-18
8.935	-2.96807e-18
8.94	-3.07403e-18
8.945	-2.88187e-18
8.95	-2.75465e-18
8.955	-2.44e-18
8.96	-3.59606e-18
8.965	-3.6447e-18
8.97	-2.83506e-18
8.975	-3.03391e-18
8.98	-2.48417e-18
8.985	-2.84507e-18
8.99	-3.05525e-18
8.995	-2.89288e-18
9	-2.66673e-18
9.005	-2.5132e-18
9.01	-3.38133e-18
9.015	-3.503e-18
9.02	-3.963e-18
9.025	-4.68372e-18
9.03	-5.01584e-18
9.035	-5.67874e-18
9.04	-5.98182e-18
9.045	-6.06114e-18
9.05	-6.53752e-18
9.055	-5.97793e-18
9.06	-5.67179e-18
9.065	-5.82945e-18
9.07	-5.79529e-18
9.075	-5.92102e-18
9.08	-5.38062e-18
9.085	-5.15009e-18
9.09	-5.39683e-18
9.095	-5.45962e-18
9.1	-5.38219e-18
9.105	-5.57336e-18
9.11	-5.37682e-18
9.115	-5.47219e-18
9.12	-5.20873e-18
9.125	-4.7231e-18
9.13	-4.25458e-18
9.135	-5.18872e-18
9.14	-5.41106e-18
9.145	-5.68213e-18
9.15	-5.71927e-18
9.155	-5.41876e-18
9.16	-5.56202e-18
9.165	-5.32537e-18
9.17	-5.44622e-18
9.175	-4.98267e-18
9.18	-4.54012e-18
9.185	-4.31472e-18
9.19	-4.15441e-18
9.195	-3.89434e-18
9.2	-3.92512e-18
9.205	-4.40819e-18
9.21	-4.06582e-18
9.215	-4.7791e-18
9.22	-5.02485e-18
9.225	-4.79382e-18
9.23	-4.87265e-18
9.235	-5.06844e-18
9.24	-5.09127e-18
9.245	-5.25845e-18
9.25	-5.34075e-18
9.255	-5.31097e-18
9.26	-4.75511e-18
9.265	-5.08863e-18
9.27	-5.42612e-18
9.275	-4.88382e-18
9.28	-4.41563e-18
9.285	-4.75941e-18
9.29	-4.06904e-18
9.295	-3.86821e-18
9.3	-3.07006e-18
9.305	-3.17346e-18
9.31	-3.14856e-18
9.315	-2.70544e-18
9.32	-2.43594e-18
9.325	-2.41113e-18
9.33	-2.93217e-18
9.335	-4.20958e-18
9.34	-3.52335e-18
9.345	-3.56852e-18
9.35	-3.99129e-18
9.355	-4.32729e-18
9.36	-4.68521e-18
9.365	-5.34935e-18
9.37	-5.37243e-18
9.375	-5.77585e-18
9.38	-5.54589e-18
9.385	-5.16307e-18
9.39	-4.915e-18
9.395	-5.27317e-18
9.4	-5.52066e-18
9.405	-5.02791e-18
9.41	-5.5645e-18
9.415	-5.32107e-18
9.42	-4.9988e-18
9.425	-4.89771e-18
9.43	-4.74543e-18
9.435	-4.64584e-18
9.44	-5.24058e-18
9.445	-4.55394e-18
9.45	-4.52002e-18
9.455	-4.45898e-18
9.46	-5.36151e-18
9.465	-5.70744e-18
9.47	-4.9327e-18
9.475	-5.33595e-18
9.48	-5.64896e-18
9.485	-5.73333e-18
9.49	-5.85245e-18
9.495	-5.91788e-18
9.5	-6.70816e-18
9.505	-6.3897e-18
9.51	-7.41755e-18
9.515	-6.61081e-18
9.52	-6.83481e-18
9.525	-7.11365e-18
9.53	-7.26965e-18
9.535	-7.63452e-18
9.54	-8.32266e-18
9.545	-8.77066e-18
9.55	-7.92611e-18
9.555	-8.43954e-18
9.56	-8.56585e-18
9.565	-8.58884e-18
9.57	-9.05405e-18
9.575	-9.00541e-18
9.58	-9.48435e-18
9.585	-9.59684e-18
9.59	-9.36201e-18
9.595	-9.21543e-18
9.6	-9.3099e-18
9.605	-9.2486e-18
9.61	-8.57296e-18
9.615	-8.2377e-18
9.62	-8.62888e-18
9.625	-8.46336e-18
9.63	-8.55145e-18
9.635	-8.33391e-18
9.64	-8.61664e-18
9.645	-8.62061e-18
9.65	-8.68116e-18
9.655	-9.29608e-18
9.66	-9.55507e-18
9.665	-9.96668e-18
9.67	-9.63498e-18
9.675	-9.86096e-18
9.68	-9.90381e-18
9.685	-9.7512e-18
9.69	-9.75062e-18
9.695	-1.00534e-17
9.7	-8.49355e-18
9.705	-8.91078e-18
9.71	-8.30165e-18
9.715	-8.46708e-18
9.72	-8.0927e-18
9.725	-7.95655e-18
9.73	-7.27685e-18
9.735	-7.56959e-18
9.74	-7.98889e-18
9.745	-8.11569e-18
9.75	-8.2521e-18
9.755	-8.3497e-18
9.76	-8.57792e-18
9.765	-8.724e-18
9.77	-9.20129e-18
9.775	-9.36242e-18
9.78	-8.96231e-18
9.785	-8.77289e-18
9.79	-8.64741e-18
9.795	-8.94618e-18
9.8	-8.28932e-18
9.805	-7.32499e-18
9.81	-7.37313e-18
9.815	-7.70119e-18
9.82	-8.21529e-18
9.825	-8.23042e-18
9.83	-8.25053e-18
9.835	-8.93113e-18
9.84	-8.66312e-18
9.845	-8.32687e-18
9.85	-7.81328e-18
9.855	-7.96407e-18
9.86	-7.79119e-18
9.865	-7.56893e-18
9.87	-7.22383e-18
9.875	-7.9764e-18
9.88	-8.39851e-18
9.885	-8.16227e-18
9.89	-8.25689e-18
9.895	-8.37287e-18
9.9	-8.10982e-18
9.905	-7.9467e-18
9.91	-6.65539e-18
9.915	-6.71759e-18
9.92	-6.85648e-18
9.925	-5.91192e-18
9.93	-6.75341e-18
9.935	-6.85251e-18
9.94	-7.21142e-18
9.945	-7.20058e-18
9.95	-7.123e-18
9.955	-6.9143e-18
9.96	-6.63686e-18
9.965	-6.91777e-18
9.97	-7.12291e-18
9.975	-7.46859e-18
9.98	-8.25913e-18
9.985	-7.90534e-18
9.99	-8.66056e-18
9.995	-8.3282e-18
10	-8.16069e-18
