0.005	0
0.01	0.00886327
0.015	0.0175984
0.02	0.0262067
0.025	0.0346896
0.03	0.0430481
0.035	0.0512834
0.04	0.0593961
0.045	0.0673868
0.05	0.0752559
0.055	0.0830098
0.06	0.0906661
0.065	0.0982081
0.07	0.105636
0.075	0.11295
0.08	0.120147
0.085	0.127227
0.09	0.134187
0.095	0.141049
0.1	0.147862
0.105	0.154556
0.11	0.161136
0.115	0.167595
0.12	0.173928
0.125	0.18014
0.13	0.186392
0.135	0.192504
0.14	0.198489
0.145	0.204331
0.15	0.21002
0.155	0.215545
0.16	0.221229
0.165	0.226767
0.17	0.232135
0.175	0.237349
0.18	0.242401
0.185	0.247281
0.19	0.251902
0.195	0.256436
0.2	0.26123
0.205	0.265825
0.21	0.270175
0.215	0.274329
0.22	0.278286
0.225	0.282055
0.23	0.285627
0.235	0.289
0.24	0.29217
0.245	0.295137
0.25	0.297901
0.255	0.300455
0.26	0.3029
0.265	0.305313
0.27	0.308009
0.275	0.310486
0.28	0.312756
0.285	0.314762
0.29	0.316623
0.295	0.318314
0.3	0.319855
0.305	0.321253
0.31	0.322511
0.315	0.323645
0.32	0.324666
0.325	0.32558
0.33	0.3264
0.335	0.327134
0.34	0.327786
0.345	0.32836
0.35	0.328862
0.355	0.329315
0.36	0.329714
0.365	0.330073
0.37	0.330362
0.375	0.330594
0.38	0.330747
0.385	0.330872
0.39	0.330973
0.395	0.331051
0.4	0.331119
0.405	0.331177
0.41	0.331224
0.415	0.331263
0.42	0.331294
0.425	0.331317
0.43	0.331334
0.435	0.331346
0.44	0.331351
0.445	0.33135
0.45	0.331346
0.455	0.331341
0.46	0.331335
0.465	0.331329
0.47	0.331323
0.475	0.331319
0.48	0.331298
0.485	0.33126
0.49	0.331222
0.495	0.331183
0.5	0.331146
0.505	0.331105
0.51	0.331063
0.515	0.331023
0.52	0.330984
0.525	0.330939
0.53	0.330897
0.535	0.330857
0.54	0.330819
0.545	0.330783
0.55	0.330748
0.555	0.330714
0.56	0.330684
0.565	0.330655
0.57	0.330627
0.575	0.330601
0.58	0.330581
0.585	0.330559
0.59	0.330539
0.595	0.330522
0.6	0.330502
0.605	0.330476
0.61	0.330441
0.615	0.330402
0.62	0.330369
0.625	0.330341
0.63	0.33031
0.635	0.330278
0.64	0.330246
0.645	0.330213
0.65	0.33018
0.655	0.330147
0.66	0.330114
0.665	0.330081
0.67	0.330048
0.675	0.330015
0.68	0.329981
0.685	0.329947
0.69	0.329913
0.695	0.32988
0.7	0.329847
0.705	0.329812
0.71	0.329779
0.715	0.329747
0.72	0.329716
0.725	0.329686
0.73	0.329651
0.735	0.329614
0.74	0.329575
0.745	0.329536
0.75	0.329498
0.755	0.32946
0.76	0.329426
0.765	0.329395
0.77	0.329362
0.775	0.32933
0.78	0.329298
0.785	0.329266
0.79	0.329235
0.795	0.329203
0.8	0.329173
0.805	0.329142
0.81	0.329112
0.815	0.329083
0.82	0.329054
0.825	0.329025
0.83	0.328998
0.835	0.32897
0.84	0.328944
0.845	0.32892
0.85	0.328893
0.855	0.328866
0.86	0.32884
0.865	0.328814
0.87	0.328786
0.875	0.328758
0.88	0.32873
0.885	0.328702
0.89	0.328675
0.895	0.328648
0.9	0.328621
0.905	0.328594
0.91	0.32857
0.915	0.328547
0.92	0.328524
0.925	0.328502
0.93	0.32848
0.935	0.328458
0.94	0.328437
0.945	0.328416
0.95	0.328397
0.955	0.328378
0.96	0.328359
0.965	0.328341
0.97	0.328324
0.975	0.328307
0.98	0.328291
0.985	0.328276
0.99	0.328262
0.995	0.328246
1	0.328231
1.005	0.328217
1.01	0.328202
1.015	0.328189
1.02	0.328175
1.025	0.328161
1.03	0.328147
1.035	0.328133
1.04	0.32812
1.045	0.328107
1.05	0.328095
1.055	0.328083
1.06	0.328071
1.065	0.32806
1.07	0.328048
1.075	0.328038
1.08	0.328027
1.085	0.328017
1.09	0.328008
1.095	0.327999
1.1	0.327991
1.105	0.327983
1.11	0.327976
1.115	0.327969
1.12	0.327961
1.125	0.327955
1.13	0.327949
1.135	0.327942
1.14	0.327937
1.145	0.327932
1.15	0.327927
1.155	0.327921
1.16	0.327916
1.165	0.327911
1.17	0.327906
1.175	0.327902
1.18	0.327897
1.185	0.327893
1.19	0.32789
1.195	0.327886
1.2	0.327883
1.205	0.327879
1.21	0.327876
1.215	0.327873
1.22	0.32787
1.225	0.327868
1.23	0.327867
1.235	0.327865
1.24	0.327864
1.245	0.327863
1.25	0.327862
1.255	0.327862
1.26	0.327862
1.265	0.327862
1.27	0.327863
1.275	0.327864
1.28	0.327865
1.285	0.327866
1.29	0.327868
1.295	0.32787
1.3	0.327872
1.305	0.327874
1.31	0.327877
1.315	0.32788
1.32	0.327883
1.325	0.327887
1.33	0.327891
1.335	0.327896
1.34	0.327901
1.345	0.327907
1.35	0.327912
1.355	0.327917
1.36	0.327922
1.365	0.327928
1.37	0.327935
1.375	0.327941
1.38	0.327948
1.385	0.327955
1.39	0.327962
1.395	0.32797
1.4	0.327977
1.405	0.327985
1.41	0.327993
1.415	0.328001
1.42	0.32801
1.425	0.328019
1.43	0.328028
1.435	0.328037
1.44	0.328046
1.445	0.328056
1.45	0.328065
1.455	0.328075
1.46	0.328085
1.465	0.328095
1.47	0.328105
1.475	0.328116
1.48	0.328127
1.485	0.328138
1.49	0.32815
1.495	0.328161
1.5	0.328173
1.505	0.328185
1.51	0.328197
1.515	0.32821
1.52	0.328223
1.525	0.328236
1.53	0.328249
1.535	0.328262
1.54	0.328275
1.545	0.328289
1.55	0.328303
1.555	0.328317
1.56	0.328331
1.565	0.328346
1.57	0.328361
1.575	0.328375
1.58	0.32839
1.585	0.328406
1.59	0.328421
1.595	0.328437
1.6	0.328453
1.605	0.328468
1.61	0.328485
1.615	0.328501
1.62	0.328517
1.625	0.328534
1.63	0.328551
1.635	0.328568
1.64	0.328585
1.645	0.328603
1.65	0.32862
1.655	0.328638
1.66	0.328656
1.665	0.328674
1.67	0.328692
1.675	0.32871
1.68	0.328729
1.685	0.328748
1.69	0.328766
1.695	0.328785
1.7	0.328804
1.705	0.328823
1.71	0.328843
1.715	0.328863
1.72	0.328882
1.725	0.328903
1.73	0.328923
1.735	0.328943
1.74	0.328964
1.745	0.328984
1.75	0.329005
1.755	0.329026
1.76	0.329048
1.765	0.329069
1.77	0.329091
1.775	0.329112
1.78	0.329134
1.785	0.329156
1.79	0.329179
1.795	0.329201
1.8	0.329224
1.805	0.329246
1.81	0.329269
1.815	0.329292
1.82	0.329316
1.825	0.329339
1.83	0.329363
1.835	0.329386
1.84	0.32941
1.845	0.329434
1.85	0.329458
1.855	0.329483
1.86	0.329507
1.865	0.329531
1.87	0.329556
1.875	0.329581
1.88	0.329606
1.885	0.329631
1.89	0.329656
1.895	0.329682
1.9	0.329708
1.905	0.329733
1.91	0.329759
1.915	0.329785
1.92	0.329811
1.925	0.329838
1.93	0.329864
1.935	0.329891
1.94	0.329918
1.945	0.329944
1.95	0.329971
1.955	0.329999
1.96	0.330026
1.965	0.330053
1.97	0.330081
1.975	0.330108
1.98	0.330136
1.985	0.330164
1.99	0.330192
1.995	0.33022
2	0.330249
2.005	0.330277
2.01	0.330305
2.015	0.330334
2.02	0.330363
2.025	0.330392
2.03	0.330421
2.035	0.33045
2.04	0.33048
2.045	0.330509
2.05	0.330539
2.055	0.330568
2.06	0.330598
2.065	0.330628
2.07	0.330659
2.075	0.330689
2.08	0.330719
2.085	0.33075
2.09	0.330781
2.095	0.330811
2.1	0.330842
2.105	0.330873
2.11	0.330905
2.115	0.330936
2.12	0.330967
2.125	0.330999
2.13	0.331031
2.135	0.331063
2.14	0.331095
2.145	0.331127
2.15	0.331159
2.155	0.331191
2.16	0.331224
2.165	0.331256
2.17	0.331289
2.175	0.331322
2.18	0.331355
2.185	0.331388
2.19	0.331421
2.195	0.331455
2.2	0.331489
2.205	0.331522
2.21	0.331556
2.215	0.33159
2.22	0.331624
2.225	0.331658
2.23	0.331693
2.235	0.331727
2.24	0.331761
2.245	0.331796
2.25	0.33183
2.255	0.331865
2.26	0.3319
2.265	0.331935
2.27	0.33197
2.275	0.332005
2.28	0.33204
2.285	0.332076
2.29	0.332111
2.295	0.332147
2.3	0.332182
2.305	0.332218
2.31	0.332254
2.315	0.33229
2.32	0.332326
2.325	0.332363
2.33	0.332399
2.335	0.332436
2.34	0.332472
2.345	0.332509
2.35	0.332545
2.355	0.332582
2.36	0.332619
2.365	0.332656
2.37	0.332693
2.375	0.33273
2.38	0.332768
2.385	0.332805
2.39	0.332842
2.395	0.33288
2.4	0.332917
2.405	0.332955
2.41	0.332993
2.415	0.333031
2.42	0.333069
2.425	0.333107
2.43	0.333145
2.435	0.333183
2.44	0.333221
2.445	0.33326
2.45	0.333298
2.455	0.333337
2.46	0.333375
2.465	0.333414
2.47	0.333453
2.475	0.333491
2.48	0.33353
2.485	0.333569
2.49	0.333608
2.495	0.333647
2.5	0.333686
2.505	0.333725
2.51	0.333764
2.515	0.333804
2.52	0.333843
2.525	0.333882
2.53	0.333921
2.535	0.33396
2.54	0.334
2.545	0.334039
2.55	0.334078
2.555	0.334118
2.56	0.334157
2.565	0.334197
2.57	0.334236
2.575	0.334276
2.58	0.334316
2.585	0.334355
2.59	0.334395
2.595	0.334435
2.6	0.334475
2.605	0.334515
2.61	0.334555
2.615	0.334595
2.62	0.334635
2.625	0.334676
2.63	0.334716
2.635	0.334756
2.64	0.334797
2.645	0.334837
2.65	0.334878
2.655	0.334918
2.66	0.334959
2.665	0.334999
2.67	0.335039
2.675	0.33508
2.68	0.33512
2.685	0.33516
2.69	0.335201
2.695	0.335241
2.7	0.335282
2.705	0.335322
2.71	0.335362
2.715	0.335402
2.72	0.335441
2.725	0.33548
2.73	0.33552
2.735	0.335559
2.74	0.335598
2.745	0.335638
2.75	0.335677
2.755	0.335717
2.76	0.335756
2.765	0.335796
2.77	0.335835
2.775	0.335874
2.78	0.335914
2.785	0.335953
2.79	0.335992
2.795	0.336032
2.8	0.336071
2.805	0.33611
2.81	0.336149
2.815	0.336188
2.82	0.336227
2.825	0.336266
2.83	0.336305
2.835	0.336344
2.84	0.336382
2.845	0.336421
2.85	0.33646
2.855	0.336498
2.86	0.336537
2.865	0.336576
2.87	0.336614
2.875	0.336652
2.88	0.336691
2.885	0.336729
2.89	0.336767
2.895	0.336805
2.9	0.336843
2.905	0.336881
2.91	0.336919
2.915	0.336957
2.92	0.336995
2.925	0.337033
2.93	0.33707
2.935	0.337108
2.94	0.337145
2.945	0.337183
2.95	0.33722
2.955	0.337257
2.96	0.337294
2.965	0.337331
2.97	0.337368
2.975	0.337405
2.98	0.337441
2.985	0.337478
2.99	0.337514
2.995	0.337551
3	0.337587
3.005	0.337623
3.01	0.337659
3.015	0.337696
3.02	0.337731
3.025	0.337767
3.03	0.337803
3.035	0.337839
3.04	0.337874
3.045	0.33791
3.05	0.337945
3.055	0.33798
3.06	0.338015
3.065	0.33805
3.07	0.338085
3.075	0.338119
3.08	0.338154
3.085	0.338188
3.09	0.338223
3.095	0.338257
3.1	0.338291
3.105	0.338325
3.11	0.338358
3.115	0.338392
3.12	0.338426
3.125	0.338459
3.13	0.338492
3.135	0.338525
3.14	0.338558
3.145	0.338591
3.15	0.338624
3.155	0.338656
3.16	0.338688
3.165	0.338721
3.17	0.338753
3.175	0.338785
3.18	0.338817
3.185	0.338848
3.19	0.33888
3.195	0.338911
3.2	0.338942
3.205	0.338973
3.21	0.339003
3.215	0.339034
3.22	0.339064
3.225	0.339095
3.23	0.339125
3.235	0.339155
3.24	0.339184
3.245	0.339214
3.25	0.339243
3.255	0.339273
3.26	0.339303
3.265	0.33934
3.27	0.339375
3.275	0.33941
3.28	0.339445
3.285	0.339479
3.29	0.339513
3.295	0.339547
3.3	0.339581
3.305	0.339614
3.31	0.339647
3.315	0.339679
3.32	0.339712
3.325	0.339744
3.33	0.339776
3.335	0.339808
3.34	0.339839
3.345	0.339871
3.35	0.339902
3.355	0.339933
3.36	0.339963
3.365	0.339994
3.37	0.340024
3.375	0.340055
3.38	0.340085
3.385	0.340114
3.39	0.340144
3.395	0.340173
3.4	0.340203
3.405	0.340232
3.41	0.34026
3.415	0.340289
3.42	0.340317
3.425	0.340346
3.43	0.340374
3.435	0.340402
3.44	0.340429
3.445	0.340457
3.45	0.340484
3.455	0.340511
3.46	0.340538
3.465	0.340564
3.47	0.340591
3.475	0.340617
3.48	0.340643
3.485	0.340669
3.49	0.340695
3.495	0.34072
3.5	0.340746
3.505	0.340771
3.51	0.340795
3.515	0.34082
3.52	0.340844
3.525	0.340869
3.53	0.340893
3.535	0.340916
3.54	0.34094
3.545	0.340963
3.55	0.340986
3.555	0.341009
3.56	0.341032
3.565	0.341055
3.57	0.341077
3.575	0.341099
3.58	0.341121
3.585	0.341143
3.59	0.341164
3.595	0.341186
3.6	0.341207
3.605	0.341228
3.61	0.341249
3.615	0.341269
3.62	0.34129
3.625	0.34131
3.63	0.34133
3.635	0.34135
3.64	0.34137
3.645	0.341389
3.65	0.341409
3.655	0.341428
3.66	0.341447
3.665	0.341465
3.67	0.341484
3.675	0.341503
3.68	0.341521
3.685	0.341539
3.69	0.341557
3.695	0.341574
3.7	0.341592
3.705	0.341609
3.71	0.341627
3.715	0.341643
3.72	0.34166
3.725	0.341677
3.73	0.341693
3.735	0.34171
3.74	0.341726
3.745	0.341742
3.75	0.341758
3.755	0.341774
3.76	0.341789
3.765	0.341805
3.77	0.34182
3.775	0.341835
3.78	0.34185
3.785	0.341865
3.79	0.34188
3.795	0.341894
3.8	0.341908
3.805	0.341923
3.81	0.341937
3.815	0.341951
3.82	0.341965
3.825	0.341978
3.83	0.341992
3.835	0.342005
3.84	0.342018
3.845	0.342032
3.85	0.342045
3.855	0.342057
3.86	0.34207
3.865	0.342083
3.87	0.342095
3.875	0.342107
3.88	0.34212
3.885	0.342132
3.89	0.342144
3.895	0.342155
3.9	0.342167
3.905	0.342179
3.91	0.34219
3.915	0.342201
3.92	0.342213
3.925	0.342224
3.93	0.342235
3.935	0.342246
3.94	0.342256
3.945	0.342267
3.95	0.342277
3.955	0.342288
3.96	0.342298
3.965	0.342308
3.97	0.342318
3.975	0.342328
3.98	0.342338
3.985	0.342348
3.99	0.342358
3.995	0.342367
4	0.342377
4.005	0.342386
4.01	0.342395
4.015	0.342405
4.02	0.342414
4.025	0.342423
4.03	0.342432
4.035	0.34244
4.04	0.342449
4.045	0.342458
4.05	0.342466
4.055	0.342475
4.06	0.342483
4.065	0.342491
4.07	0.3425
4.075	0.342508
4.08	0.342516
4.085	0.342524
4.09	0.342532
4.095	0.342539
4.1	0.342547
4.105	0.342555
4.11	0.342562
4.115	0.34257
4.12	0.342577
4.125	0.342585
4.13	0.342592
4.135	0.342599
4.14	0.342606
4.145	0.342613
4.15	0.34262
4.155	0.342627
4.16	0.342634
4.165	0.342641
4.17	0.342648
4.175	0.342655
4.18	0.342661
4.185	0.342668
4.19	0.342674
4.195	0.342681
4.2	0.342687
4.205	0.342694
4.21	0.3427
4.215	0.342706
4.22	0.342713
4.225	0.342719
4.23	0.342725
4.235	0.342731
4.24	0.342737
4.245	0.342743
4.25	0.342749
4.255	0.342755
4.26	0.342761
4.265	0.342766
4.27	0.342772
4.275	0.342778
4.28	0.342784
4.285	0.342789
4.29	0.342795
4.295	0.3428
4.3	0.342806
4.305	0.342811
4.31	0.342817
4.315	0.342822
4.32	0.342828
4.325	0.342833
4.33	0.342838
4.335	0.342843
4.34	0.342849
4.345	0.342854
4.35	0.342859
4.355	0.342864
4.36	0.342869
4.365	0.342874
4.37	0.342879
4.375	0.342884
4.38	0.342889
4.385	0.342894
4.39	0.342899
4.395	0.342904
4.4	0.342909
4.405	0.342913
4.41	0.342918
4.415	0.342923
4.42	0.342928
4.425	0.342932
4.43	0.342937
4.435	0.342942
4.44	0.342946
4.445	0.342951
4.45	0.342955
4.455	0.34296
4.46	0.342965
4.465	0.342969
4.47	0.342974
4.475	0.342978
4.48	0.342983
4.485	0.342987
4.49	0.342991
4.495	0.342996
4.5	0.343
4.505	0.343005
4.51	0.343009
4.515	0.343013
4.52	0.343018
4.525	0.343022
4.53	0.343027
4.535	0.343031
4.54	0.343036
4.545	0.34304
4.55	0.343044
4.555	0.343049
4.56	0.343053
4.565	0.343057
4.57	0.343062
4.575	0.343066
4.58	0.34307
4.585	0.343075
4.59	0.343079
4.595	0.343083
4.6	0.343087
4.605	0.343091
4.61	0.343096
4.615	0.3431
4.62	0.343104
4.625	0.343108
4.63	0.343112
4.635	0.343116
4.64	0.34312
4.645	0.343124
4.65	0.343129
4.655	0.343133
4.66	0.343137
4.665	0.343141
4.67	0.343145
4.675	0.343149
4.68	0.343153
4.685	0.343157
4.69	0.343161
4.695	0.343165
4.7	0.343169
4.705	0.343173
4.71	0.343177
4.715	0.343181
4.72	0.343185
4.725	0.343189
4.73	0.343193
4.735	0.343197
4.74	0.343201
4.745	0.343204
4.75	0.343208
4.755	0.343212
4.76	0.343216
4.765	0.34322
4.77	0.343224
4.775	0.343228
4.78	0.343232
4.785	0.343236
4.79	0.343239
4.795	0.343243
4.8	0.343247
4.805	0.343251
4.81	0.343255
4.815	0.343259
4.82	0.343262
4.825	0.343266
4.83	0.34327
4.835	0.343274
4.84	0.343278
4.845	0.343281
4.85	0.343285
4.855	0.343289
4.86	0.343293
4.865	0.343296
4.87	0.3433
4.875	0.343304
4.88	0.343308
4.885	0.343311
4.89	0.343315
4.895	0.343319
4.9	0.343323
4.905	0.343326
4.91	0.34333
4.915	0.343334
4.92	0.343337
4.925	0.343341
4.93	0.343345
4.935	0.343348
4.94	0.343352
4.945	0.343356
4.95	0.343359
4.955	0.343363
4.96	0.343367
4.965	0.34337
4.97	0.343374
4.975	0.343378
4.98	0.343381
4.985	0.343385
4.99	0.343388
4.995	0.343392
5	0.343396
5.005	0.343399
5.01	0.343403
5.015	0.343406
5.02	0.34341
5.025	0.343414
5.03	0.343417
5.035	0.343421
5.04	0.343424
5.045	0.343428
5.05	0.343431
5.055	0.343435
5.06	0.343438
5.065	0.343442
5.07	0.343445
5.075	0.343449
5.08	0.343452
5.085	0.343456
5.09	0.343459
5.095	0.343463
5.1	0.343466
5.105	0.34347
5.11	0.343473
5.115	0.343477
5.12	0.34348
5.125	0.343484
5.13	0.343487
5.135	0.34349
5.14	0.343494
5.145	0.343497
5.15	0.343501
5.155	0.343504
5.16	0.343507
5.165	0.343511
5.17	0.343514
5.175	0.343517
5.18	0.343521
5.185	0.343524
5.19	0.343528
5.195	0.343531
5.2	0.343534
5.205	0.343537
5.21	0.343541
5.215	0.343544
5.22	0.343547
5.225	0.343551
5.23	0.343554
5.235	0.343557
5.24	0.34356
5.245	0.343564
5.25	0.343567
5.255	0.34357
5.26	0.343573
5.265	0.343577
5.27	0.34358
5.275	0.343583
5.28	0.343586
5.285	0.343589
5.29	0.343592
5.295	0.343596
5.3	0.343599
5.305	0.343602
5.31	0.343605
5.315	0.343608
5.32	0.343611
5.325	0.343614
5.33	0.343617
5.335	0.343621
5.34	0.343624
5.345	0.343627
5.35	0.34363
5.355	0.343633
5.36	0.343636
5.365	0.343639
5.37	0.343642
5.375	0.343645
5.38	0.343648
5.385	0.343651
5.39	0.343654
5.395	0.343657
5.4	0.34366
5.405	0.343663
5.41	0.343666
5.415	0.343668
5.42	0.343671
5.425	0.343674
5.43	0.343677
5.435	0.34368
5.44	0.343683
5.445	0.343686
5.45	0.343689
5.455	0.343692
5.46	0.343694
5.465	0.343697
5.47	0.3437
5.475	0.343703
5.48	0.343706
5.485	0.343708
5.49	0.343711
5.495	0.343714
5.5	0.343717
5.505	0.343719
5.51	0.343722
5.515	0.343725
5.52	0.343727
5.525	0.34373
5.53	0.343733
5.535	0.343735
5.54	0.343738
5.545	0.343741
5.55	0.343743
5.555	0.343746
5.56	0.343749
5.565	0.343751
5.57	0.343754
5.575	0.343756
5.58	0.343759
5.585	0.343761
5.59	0.343764
5.595	0.343767
5.6	0.343769
5.605	0.343772
5.61	0.343774
5.615	0.343777
5.62	0.343779
5.625	0.343781
5.63	0.343784
5.635	0.343786
5.64	0.343789
5.645	0.343791
5.65	0.343794
5.655	0.343796
5.66	0.343798
5.665	0.343801
5.67	0.343803
5.675	0.343805
5.68	0.343808
5.685	0.34381
5.69	0.343812
5.695	0.343815
5.7	0.343817
5.705	0.343819
5.71	0.343822
5.715	0.343824
5.72	0.343826
5.725	0.343828
5.73	0.34383
5.735	0.343833
5.74	0.343835
5.745	0.343837
5.75	0.343839
5.755	0.343841
5.76	0.343844
5.765	0.343846
5.77	0.343848
5.775	0.34385
5.78	0.343852
5.785	0.343854
5.79	0.343856
5.795	0.343858
5.8	0.34386
5.805	0.343862
5.81	0.343864
5.815	0.343866
5.82	0.343868
5.825	0.34387
5.83	0.343872
5.835	0.343874
5.84	0.343876
5.845	0.343878
5.85	0.34388
5.855	0.343882
5.86	0.343884
5.865	0.343886
5.87	0.343888
5.875	0.34389
5.88	0.343892
5.885	0.343894
5.89	0.343896
5.895	0.343897
5.9	0.343899
5.905	0.343901
5.91	0.343903
5.915	0.343905
5.92	0.343906
5.925	0.343908
5.93	0.34391
5.935	0.343912
5.94	0.343914
5.945	0.343915
5.95	0.343917
5.955	0.343919
5.96	0.34392
5.965	0.343922
5.97	0.343924
5.975	0.343926
5.98	0.343927
5.985	0.343929
5.99	0.343931
5.995	0.343932
6	0.343934
6.005	0.343935
6.01	0.343937
6.015	0.343939
6.02	0.34394
6.025	0.343942
6.03	0.343943
6.035	0.343945
6.04	0.343947
6.045	0.343948
6.05	0.34395
6.055	0.343951
6.06	0.343953
6.065	0.343954
6.07	0.343956
6.075	0.343957
6.08	0.343959
6.085	0.34396
6.09	0.343962
6.095	0.343963
6.1	0.343964
6.105	0.343966
6.11	0.343967
6.115	0.343969
6.12	0.34397
6.125	0.343972
6.13	0.343973
6.135	0.343974
6.14	0.343976
6.145	0.343977
6.15	0.343978
6.155	0.34398
6.16	0.343981
6.165	0.343982
6.17	0.343984
6.175	0.343985
6.18	0.343986
6.185	0.343988
6.19	0.343989
6.195	0.34399
6.2	0.343991
6.205	0.343993
6.21	0.343994
6.215	0.343995
6.22	0.343997
6.225	0.343998
6.23	0.343999
6.235	0.344
6.24	0.344001
6.245	0.344003
6.25	0.344004
6.255	0.344005
6.26	0.344006
6.265	0.344007
6.27	0.344008
6.275	0.34401
6.28	0.344011
6.285	0.344012
6.29	0.344013
6.295	0.344014
6.3	0.344015
6.305	0.344016
6.31	0.344017
6.315	0.344018
6.32	0.344019
6.325	0.344021
6.33	0.344022
6.335	0.344023
6.34	0.344024
6.345	0.344025
6.35	0.344026
6.355	0.344027
6.36	0.344028
6.365	0.344029
6.37	0.34403
6.375	0.34403
6.38	0.344031
6.385	0.344032
6.39	0.344033
6.395	0.344034
6.4	0.344035
6.405	0.344036
6.41	0.344037
6.415	0.344038
6.42	0.344039
6.425	0.34404
6.43	0.344041
6.435	0.344042
6.44	0.344043
6.445	0.344044
6.45	0.344045
6.455	0.344046
6.46	0.344047
6.465	0.344047
6.47	0.344048
6.475	0.344049
6.48	0.34405
6.485	0.344051
6.49	0.344052
6.495	0.344053
6.5	0.344054
6.505	0.344055
6.51	0.344055
6.515	0.344056
6.52	0.344057
6.525	0.344058
6.53	0.344059
6.535	0.34406
6.54	0.344061
6.545	0.344061
6.55	0.344062
6.555	0.344063
6.56	0.344064
6.565	0.344065
6.57	0.344066
6.575	0.344066
6.58	0.344067
6.585	0.344068
6.59	0.344069
6.595	0.34407
6.6	0.34407
6.605	0.344071
6.61	0.344072
6.615	0.344073
6.62	0.344074
6.625	0.344074
6.63	0.344075
6.635	0.344076
6.64	0.344077
6.645	0.344077
6.65	0.344078
6.655	0.344079
6.66	0.34408
6.665	0.34408
6.67	0.344081
6.675	0.344082
6.68	0.344082
6.685	0.344083
6.69	0.344084
6.695	0.344085
6.7	0.344085
6.705	0.344086
6.71	0.344087
6.715	0.344087
6.72	0.344088
6.725	0.344089
6.73	0.34409
6.735	0.34409
6.74	0.344091
6.745	0.344092
6.75	0.344092
6.755	0.344093
6.76	0.344094
6.765	0.344094
6.77	0.344095
6.775	0.344096
6.78	0.344096
6.785	0.344097
6.79	0.344098
6.795	0.344098
6.8	0.344099
6.805	0.3441
6.81	0.3441
6.815	0.344101
6.82	0.344102
6.825	0.344102
6.83	0.344103
6.835	0.344103
6.84	0.344104
6.845	0.344105
6.85	0.344105
6.855	0.344106
6.86	0.344107
6.865	0.344107
6.87	0.344108
6.875	0.344108
6.88	0.344109
6.885	0.34411
6.89	0.34411
6.895	0.344111
6.9	0.344111
6.905	0.344112
6.91	0.344112
6.915	0.344113
6.92	0.344114
6.925	0.344114
6.93	0.344115
6.935	0.344115
6.94	0.344116
6.945	0.344117
6.95	0.344117
6.955	0.344118
6.96	0.344118
6.965	0.344119
6.97	0.344119
6.975	0.34412
6.98	0.34412
6.985	0.344121
6.99	0.344122
6.995	0.344122
7	0.344123
7.005	0.344123
7.01	0.344124
7.015	0.344124
7.02	0.344125
7.025	0.344125
7.03	0.344126
7.035	0.344126
7.04	0.344127
7.045	0.344127
7.05	0.344128
7.055	0.344129
7.06	0.344129
7.065	0.34413
7.07	0.34413
7.075	0.344131
7.08	0.344131
7.085	0.344132
7.09	0.344132
7.095	0.344133
7.1	0.344133
7.105	0.344134
7.11	0.344134
7.115	0.344135
7.12	0.344135
7.125	0.344136
7.13	0.344136
7.135	0.344137
7.14	0.344137
7.145	0.344138
7.15	0.344138
7.155	0.344139
7.16	0.344139
7.165	0.34414
7.17	0.34414
7.175	0.344141
7.18	0.344141
7.185	0.344141
7.19	0.344142
7.195	0.344142
7.2	0.344143
7.205	0.344143
7.21	0.344144
7.215	0.344144
7.22	0.344145
7.225	0.344145
7.23	0.344146
7.235	0.344146
7.24	0.344147
7.245	0.344147
7.25	0.344147
7.255	0.344148
7.26	0.344148
7.265	0.344149
7.27	0.344149
7.275	0.34415
7.28	0.34415
7.285	0.344151
7.29	0.344151
7.295	0.344151
7.3	0.344152
7.305	0.344152
7.31	0.344153
7.315	0.344153
7.32	0.344154
7.325	0.344154
7.33	0.344154
7.335	0.344155
7.34	0.344155
7.345	0.344156
7.35	0.344156
7.355	0.344157
7.36	0.344157
7.365	0.344157
7.37	0.344158
7.375	0.344158
7.38	0.344159
7.385	0.344159
7.39	0.344159
7.395	0.34416
7.4	0.34416
7.405	0.344161
7.41	0.344161
7.415	0.344161
7.42	0.344162
7.425	0.344162
7.43	0.344163
7.435	0.344163
7.44	0.344163
7.445	0.344164
7.45	0.344164
7.455	0.344165
7.46	0.344165
7.465	0.344165
7.47	0.344166
7.475	0.344166
7.48	0.344166
7.485	0.344167
7.49	0.344167
7.495	0.344168
7.5	0.344168
7.505	0.344168
7.51	0.344169
7.515	0.344169
7.52	0.344169
7.525	0.34417
7.53	0.34417
7.535	0.344171
7.54	0.344171
7.545	0.344171
7.55	0.344172
7.555	0.344172
7.56	0.344172
7.565	0.344173
7.57	0.344173
7.575	0.344173
7.58	0.344174
7.585	0.344174
7.59	0.344174
7.595	0.344175
7.6	0.344175
7.605	0.344176
7.61	0.344176
7.615	0.344176
7.62	0.344177
7.625	0.344177
7.63	0.344177
7.635	0.344178
7.64	0.344178
7.645	0.344178
7.65	0.344179
7.655	0.344179
7.66	0.344179
7.665	0.34418
7.67	0.34418
7.675	0.34418
7.68	0.344181
7.685	0.344181
7.69	0.344181
7.695	0.344182
7.7	0.344182
7.705	0.344182
7.71	0.344182
7.715	0.344183
7.72	0.344183
7.725	0.344183
7.73	0.344184
7.735	0.344184
7.74	0.344184
7.745	0.344185
7.75	0.344185
7.755	0.344185
7.76	0.344186
7.765	0.344186
7.77	0.344186
7.775	0.344186
7.78	0.344187
7.785	0.344187
7.79	0.344187
7.795	0.344188
7.8	0.344188
7.805	0.344188
7.81	0.344189
7.815	0.344189
7.82	0.344189
7.825	0.344189
7.83	0.34419
7.835	0.34419
7.84	0.34419
7.845	0.344191
7.85	0.344191
7.855	0.344191
7.86	0.344191
7.865	0.344192
7.87	0.344192
7.875	0.344192
7.88	0.344193
7.885	0.344193
7.89	0.344193
7.895	0.344193
7.9	0.344194
7.905	0.344194
7.91	0.344194
7.915	0.344194
7.92	0.344195
7.925	0.344195
7.93	0.344195
7.935	0.344195
7.94	0.344196
7.945	0.344196
7.95	0.344196
7.955	0.344197
7.96	0.344197
7.965	0.344197
7.97	0.344197
7.975	0.344198
7.98	0.344198
7.985	0.344198
7.99	0.344198
7.995	0.344199
8	0.344199
8.005	0.344199
8.01	0.344199
8.015	0.3442
8.02	0.3442
8.025	0.3442
8.03	0.3442
8.035	0.3442
8.04	0.344201
8.045	0.344201
8.05	0.344201
8.055	0.344201
8.06	0.344202
8.065	0.344202
8.07	0.344202
8.075	0.344202
8.08	0.344203
8.085	0.344203
8.09	0.344203
8.095	0.344203
8.1	0.344204
8.105	0.344204
8.11	0.344204
8.115	0.344204
8.12	0.344204
8.125	0.344205
8.13	0.344205
8.135	0.344205
8.14	0.344205
8.145	0.344206
8.15	0.344206
8.155	0.344206
8.16	0.344206
8.165	0.344206
8.17	0.344207
8.175	0.344207
8.18	0.344207
8.185	0.344207
8.19	0.344207
8.195	0.344208
8.2	0.344208
8.205	0.344208
8.21	0.344208
8.215	0.344208
8.22	0.344209
8.225	0.344209
8.23	0.344209
8.235	0.344209
8.24	0.344209
8.245	0.34421
8.25	0.34421
8.255	0.34421
8.26	0.34421
8.265	0.34421
8.27	0.344211
8.275	0.344211
8.28	0.344211
8.285	0.344211
8.29	0.344211
8.295	0.344212
8.3	0.344212
8.305	0.344212
8.31	0.344212
8.315	0.344212
8.32	0.344212
8.325	0.344213
8.33	0.344213
8.335	0.344213
8.34	0.344213
8.345	0.344213
8.35	0.344214
8.355	0.344214
8.36	0.344214
8.365	0.344214
8.37	0.344214
8.375	0.344214
8.38	0.344215
8.385	0.344215
8.39	0.344215
8.395	0.344215
8.4	0.344215
8.405	0.344215
8.41	0.344216
8.415	0.344216
8.42	0.344216
8.425	0.344216
8.43	0.344216
8.435	0.344216
8.44	0.344217
8.445	0.344217
8.45	0.344217
8.455	0.344217
8.46	0.344217
8.465	0.344217
8.47	0.344218
8.475	0.344218
8.48	0.344218
8.485	0.344218
8.49	0.344218
8.495	0.344218
8.5	0.344219
8.505	0.344219
8.51	0.344219
8.515	0.344219
8.52	0.344219
8.525	0.344219
8.53	0.344219
8.535	0.34422
8.54	0.34422
8.545	0.34422
8.55	0.34422
8.555	0.34422
8.56	0.34422
8.565	0.344221
8.57	0.344221
8.575	0.344221
8.58	0.344221
8.585	0.344221
8.59	0.344221
8.595	0.344221
8.6	0.344222
8.605	0.344222
8.61	0.344222
8.615	0.344222
8.62	0.344222
8.625	0.344222
8.63	0.344222
8.635	0.344222
8.64	0.344223
8.645	0.344223
8.65	0.344223
8.655	0.344223
8.66	0.344223
8.665	0.344223
8.67	0.344223
8.675	0.344224
8.68	0.344224
8.685	0.344224
8.69	0.344224
8.695	0.344224
8.7	0.344224
8.705	0.344224
8.71	0.344224
8.715	0.344225
8.72	0.344225
8.725	0.344225
8.73	0.344225
8.735	0.344225
8.74	0.344225
8.745	0.344225
8.75	0.344225
8.755	0.344226
8.76	0.344226
8.765	0.344226
8.77	0.344226
8.775	0.344226
8.78	0.344226
8.785	0.344226
8.79	0.344226
8.795	0.344227
8.8	0.344227
8.805	0.344227
8.81	0.344227
8.815	0.344227
8.82	0.344227
8.825	0.344227
8.83	0.344227
8.835	0.344227
8.84	0.344228
8.845	0.344228
8.85	0.344228
8.855	0.344228
8.86	0.344228
8.865	0.344228
8.87	0.344228
8.875	0.344228
8.88	0.344228
8.885	0.344229
8.89	0.344229
8.895	0.344229
8.9	0.344229
8.905	0.344229
8.91	0.344229
8.915	0.344229
8.92	0.344229
8.925	0.344229
8.93	0.344229
8.935	0.34423
8.94	0.34423
8.945	0.34423
8.95	0.34423
8.955	0.34423
8.96	0.34423
8.965	0.34423
8.97	0.34423
8.975	0.34423
8.98	0.344231
8.985	0.344231
8.99	0.344231
8.995	0.344231
9	0.344231
9.005	0.344231
9.01	0.344231
9.015	0.344231
9.02	0.344231
9.025	0.344231
9.03	0.344231
9.035	0.344232
9.04	0.344232
9.045	0.344232
9.05	0.344232
9.055	0.344232
9.06	0.344232
9.065	0.344232
9.07	0.344232
9.075	0.344232
9.08	0.344232
9.085	0.344232
9.09	0.344233
9.095	0.344233
9.1	0.344233
9.105	0.344233
9.11	0.344233
9.115	0.344233
9.12	0.344233
9.125	0.344233
9.13	0.344233
9.135	0.344233
9.14	0.344233
9.145	0.344234
9.15	0.344234
9.155	0.344234
9.16	0.344234
9.165	0.344234
9.17	0.344234
9.175	0.344234
9.18	0.344234
9.185	0.344234
9.19	0.344234
9.195	0.344234
9.2	0.344234
9.205	0.344235
9.21	0.344235
9.215	0.344235
9.22	0.344235
9.225	0.344235
9.23	0.344235
9.235	0.344235
9.24	0.344235
9.245	0.344235
9.25	0.344235
9.255	0.344235
9.26	0.344235
9.265	0.344236
9.27	0.344236
9.275	0.344236
9.28	0.344236
9.285	0.344236
9.29	0.344236
9.295	0.344236
9.3	0.344236
9.305	0.344236
9.31	0.344236
9.315	0.344236
9.32	0.344236
9.325	0.344236
9.33	0.344236
9.335	0.344237
9.34	0.344237
9.345	0.344237
9.35	0.344237
9.355	0.344237
9.36	0.344237
9.365	0.344237
9.37	0.344237
9.375	0.344237
9.38	0.344237
9.385	0.344237
9.39	0.344237
9.395	0.344237
9.4	0.344237
9.405	0.344238
9.41	0.344238
9.415	0.344238
9.42	0.344238
9.425	0.344238
9.43	0.344238
9.435	0.344238
9.44	0.344238
9.445	0.344238
9.45	0.344238
9.455	0.344238
9.46	0.344238
9.465	0.344238
9.47	0.344238
9.475	0.344238
9.48	0.344239
9.485	0.344239
9.49	0.344239
9.495	0.344239
9.5	0.344239
9.505	0.344239
9.51	0.344239
9.515	0.344239
9.52	0.344239
9.525	0.344239
9.53	0.344239
9.535	0.344239
9.54	0.344239
9.545	0.344239
9.55	0.344239
9.555	0.344239
9.56	0.34424
9.565	0.34424
9.57	0.34424
9.575	0.34424
9.58	0.34424
9.585	0.34424
9.59	0.34424
9.595	0.34424
9.6	0.34424
9.605	0.34424
9.61	0.34424
9.615	0.34424
9.62	0.34424
9.625	0.34424
9.63	0.34424
9.635	0.34424
9.64	0.34424
9.645	0.344241
9.65	0.344241
9.655	0.344241
9.66	0.344241
9.665	0.344241
9.67	0.344241
9.675	0.344241
9.68	0.344241
9.685	0.344241
9.69	0.344241
9.695	0.344241
9.7	0.344241
9.705	0.344241
9.71	0.344241
9.715	0.344241
9.72	0.344241
9.725	0.344241
9.73	0.344241
9.735	0.344242
9.74	0.344242
9.745	0.344242
9.75	0.344242
9.755	0.344242
9.76	0.344242
9.765	0.344242
9.77	0.344242
9.775	0.344242
9.78	0.344242
9.785	0.344242
9.79	0.344242
9.795	0.344242
9.8	0.344242
9.805	0.344242
9.81	0.344242
9.815	0.344242
9.82	0.344242
9.825	0.344242
9.83	0.344242
9.835	0.344243
9.84	0.344243
9.845	0.344243
9.85	0.344243
9.855	0.344243
9.86	0.344243
9.865	0.344243
9.87	0.344243
9.875	0.344243
9.88	0.344243
9.885	0.344243
9.89	0.344243
9.895	0.344243
9.9	0.344243
9.905	0.344243
9.91	0.344243
9.915	0.344243
9.92	0.344243
9.925	0.344243
9.93	0.344243
9.935	0.344243
9.94	0.344243
9.945	0.344244
9.95	0.344244
9.955	0.344244
9.96	0.344244
9.965	0.344244
9.97	0.344244
9.975	0.344244
9.98	0.344244
9.985	0.344244
9.99	0.344244
9.995	0.344244
10	0.344244
