0.005	0
0.01	0.00106467
0.015	0.00211363
0.02	0.0031467
0.025	0.00416371
0.03	0.00516447
0.035	0.00614879
0.04	0.0071165
0.045	0.00806747
0.05	0.00900155
0.055	0.00991866
0.06	0.0108188
0.065	0.0117018
0.07	0.0125677
0.075	0.0134164
0.08	0.0142478
0.085	0.015062
0.09	0.0158586
0.095	0.016638
0.1	0.0174002
0.105	0.0181452
0.11	0.0188727
0.115	0.0195824
0.12	0.0202746
0.125	0.0209498
0.13	0.0216091
0.135	0.0222556
0.14	0.0228868
0.145	0.0234999
0.15	0.024103
0.155	0.024704
0.16	0.0252922
0.165	0.0258703
0.17	0.0264402
0.175	0.0270003
0.18	0.0275453
0.185	0.0280786
0.19	0.028602
0.195	0.0291156
0.2	0.0296195
0.205	0.0301161
0.21	0.0306015
0.215	0.0310809
0.22	0.0315523
0.225	0.0320144
0.23	0.0324661
0.235	0.0329052
0.24	0.0333309
0.245	0.0337486
0.25	0.0341567
0.255	0.0345561
0.26	0.0349449
0.265	0.0353242
0.27	0.0356947
0.275	0.0360547
0.28	0.0364034
0.285	0.0367427
0.29	0.0370769
0.295	0.0374047
0.3	0.0377243
0.305	0.0380378
0.31	0.0383452
0.315	0.0386449
0.32	0.038938
0.325	0.0392274
0.33	0.0395115
0.335	0.0397954
0.34	0.0400747
0.345	0.040357
0.35	0.0406457
0.355	0.0409293
0.36	0.0412055
0.365	0.0414771
0.37	0.0417475
0.375	0.0420279
0.38	0.0423071
0.385	0.042584
0.39	0.0428621
0.395	0.0431395
0.4	0.0434125
0.405	0.0436815
0.41	0.0439468
0.415	0.0442085
0.42	0.0444676
0.425	0.0447266
0.43	0.0449843
0.435	0.0452385
0.44	0.0454909
0.445	0.0457414
0.45	0.0459895
0.455	0.0462379
0.46	0.0464842
0.465	0.0467293
0.47	0.0469722
0.475	0.0472151
0.48	0.0474631
0.485	0.0477174
0.49	0.0479762
0.495	0.0482312
0.5	0.0484871
0.505	0.0487424
0.51	0.0489977
0.515	0.0492554
0.52	0.0495121
0.525	0.0497668
0.53	0.05002
0.535	0.0502772
0.54	0.0505324
0.545	0.0507848
0.55	0.0510348
0.555	0.0512822
0.56	0.0515271
0.565	0.0517705
0.57	0.0520128
0.575	0.0522534
0.58	0.0524935
0.585	0.0527335
0.59	0.0529712
0.595	0.0532099
0.6	0.0534492
0.605	0.0536945
0.61	0.05394
0.615	0.0541855
0.62	0.0544315
0.625	0.0546742
0.63	0.0549159
0.635	0.0551582
0.64	0.0553981
0.645	0.0556358
0.65	0.0558731
0.655	0.056108
0.66	0.0563417
0.665	0.056573
0.67	0.0568038
0.675	0.0570338
0.68	0.0572614
0.685	0.0574884
0.69	0.0577152
0.695	0.0579398
0.7	0.0581622
0.705	0.0583827
0.71	0.0586013
0.715	0.0588192
0.72	0.0590385
0.725	0.0592614
0.73	0.0594856
0.735	0.0597087
0.74	0.0599325
0.745	0.0601548
0.75	0.0603757
0.755	0.0605969
0.76	0.0608168
0.765	0.0610338
0.77	0.0612504
0.775	0.0614654
0.78	0.0616788
0.785	0.0618914
0.79	0.0621034
0.795	0.062314
0.8	0.0625224
0.805	0.0627288
0.81	0.0629339
0.815	0.06314
0.82	0.0633439
0.825	0.063548
0.83	0.0637498
0.835	0.0639498
0.84	0.0641481
0.845	0.0643468
0.85	0.0645488
0.855	0.0647518
0.86	0.0649552
0.865	0.0651596
0.87	0.0653651
0.875	0.0655696
0.88	0.0657721
0.885	0.0659746
0.89	0.0661765
0.895	0.0663771
0.9	0.0665758
0.905	0.0667735
0.91	0.0669722
0.915	0.0671686
0.92	0.0673645
0.925	0.0675597
0.93	0.067755
0.935	0.0679492
0.94	0.0681427
0.945	0.0683343
0.95	0.068524
0.955	0.0687118
0.96	0.0688977
0.965	0.0690823
0.97	0.0692683
0.975	0.0694533
0.98	0.0696364
0.985	0.0698184
0.99	0.0700023
0.995	0.0701871
1	0.0703713
1.005	0.0705536
1.01	0.070734
1.015	0.0709146
1.02	0.0710963
1.025	0.0712769
1.03	0.0714562
1.035	0.0716341
1.04	0.07181
1.045	0.0719843
1.05	0.0721583
1.055	0.0723307
1.06	0.0725017
1.065	0.0726709
1.07	0.0728384
1.075	0.0730041
1.08	0.0731685
1.085	0.0733327
1.09	0.0734964
1.095	0.073659
1.1	0.07382
1.105	0.0739803
1.11	0.0741388
1.115	0.0742957
1.12	0.0744523
1.125	0.0746072
1.13	0.0747605
1.135	0.0749123
1.14	0.0750631
1.145	0.075213
1.15	0.0753641
1.155	0.0755172
1.16	0.0756702
1.165	0.0758215
1.17	0.0759721
1.175	0.076122
1.18	0.0762705
1.185	0.0764177
1.19	0.0765638
1.195	0.0767101
1.2	0.0768562
1.205	0.0770013
1.21	0.0771456
1.215	0.0772891
1.22	0.0774322
1.225	0.0775744
1.23	0.0777167
1.235	0.0778584
1.24	0.0780005
1.245	0.0781426
1.25	0.0782833
1.255	0.0784227
1.26	0.0785629
1.265	0.0787013
1.27	0.0788385
1.275	0.0789745
1.28	0.0791115
1.285	0.0792475
1.29	0.0793831
1.295	0.0795183
1.3	0.0796534
1.305	0.0797881
1.31	0.0799217
1.315	0.0800545
1.32	0.0801876
1.325	0.0803205
1.33	0.0804522
1.335	0.0805826
1.34	0.0807118
1.345	0.080841
1.35	0.0809716
1.355	0.0811024
1.36	0.081233
1.365	0.0813648
1.37	0.0814966
1.375	0.0816271
1.38	0.0817567
1.385	0.0818852
1.39	0.0820128
1.395	0.0821405
1.4	0.0822672
1.405	0.0823926
1.41	0.0825169
1.415	0.08264
1.42	0.082762
1.425	0.0828833
1.43	0.083005
1.435	0.0831263
1.44	0.0832465
1.445	0.0833664
1.45	0.0834856
1.455	0.083604
1.46	0.0837215
1.465	0.0838382
1.47	0.0839541
1.475	0.0840689
1.48	0.0841828
1.485	0.0842968
1.49	0.0844099
1.495	0.0845219
1.5	0.084633
1.505	0.084744
1.51	0.084854
1.515	0.0849631
1.52	0.0850712
1.525	0.0851787
1.53	0.0852855
1.535	0.0853913
1.54	0.0854963
1.545	0.0856004
1.55	0.0857044
1.555	0.0858077
1.56	0.0859103
1.565	0.0860121
1.57	0.0861132
1.575	0.0862137
1.58	0.0863141
1.585	0.0864136
1.59	0.0865126
1.595	0.0866109
1.6	0.0867087
1.605	0.0868057
1.61	0.086902
1.615	0.0869977
1.62	0.0870926
1.625	0.0871873
1.63	0.0872815
1.635	0.0873751
1.64	0.0874684
1.645	0.0875613
1.65	0.0876535
1.655	0.0877457
1.66	0.0878373
1.665	0.0879282
1.67	0.088021
1.675	0.0881159
1.68	0.0882112
1.685	0.0883074
1.69	0.0884047
1.695	0.0885024
1.7	0.0885999
1.705	0.0886975
1.71	0.0887952
1.715	0.0888933
1.72	0.0889919
1.725	0.08909
1.73	0.0891877
1.735	0.0892848
1.74	0.0893813
1.745	0.0894771
1.75	0.0895722
1.755	0.0896676
1.76	0.0897629
1.765	0.0898576
1.77	0.0899517
1.775	0.0900453
1.78	0.0901392
1.785	0.0902328
1.79	0.0903258
1.795	0.0904182
1.8	0.0905103
1.805	0.0906019
1.81	0.090693
1.815	0.0907837
1.82	0.0908738
1.825	0.0909632
1.83	0.0910522
1.835	0.0911408
1.84	0.0912295
1.845	0.0913179
1.85	0.0914058
1.855	0.0914932
1.86	0.0915803
1.865	0.091667
1.87	0.0917534
1.875	0.0918392
1.88	0.0919246
1.885	0.0920098
1.89	0.0920948
1.895	0.0921792
1.9	0.0922636
1.905	0.0923476
1.91	0.0924309
1.915	0.0925138
1.92	0.0925964
1.925	0.0926785
1.93	0.0927601
1.935	0.0928412
1.94	0.0929219
1.945	0.0930022
1.95	0.0930819
1.955	0.0931612
1.96	0.0932401
1.965	0.0933185
1.97	0.0933965
1.975	0.093474
1.98	0.0935512
1.985	0.093628
1.99	0.0937048
1.995	0.0937816
2	0.093858
2.005	0.0939339
2.01	0.0940095
2.015	0.0940847
2.02	0.0941594
2.025	0.0942338
2.03	0.0943079
2.035	0.0943816
2.04	0.094455
2.045	0.0945279
2.05	0.0946005
2.055	0.0946726
2.06	0.0947444
2.065	0.0948159
2.07	0.0948869
2.075	0.0949576
2.08	0.095028
2.085	0.0950986
2.09	0.0951705
2.095	0.0952421
2.1	0.0953138
2.105	0.0953857
2.11	0.0954581
2.115	0.0955305
2.12	0.0956027
2.125	0.0956747
2.13	0.0957463
2.135	0.0958176
2.14	0.0958892
2.145	0.0959606
2.15	0.0960326
2.155	0.0961042
2.16	0.0961753
2.165	0.0962462
2.17	0.0963166
2.175	0.0963866
2.18	0.0964563
2.185	0.0965256
2.19	0.0965948
2.195	0.0966636
2.2	0.096732
2.205	0.0968001
2.21	0.096869
2.215	0.0969379
2.22	0.0970063
2.225	0.0970744
2.23	0.0971422
2.235	0.0972097
2.24	0.0972768
2.245	0.0973436
2.25	0.0974102
2.255	0.0974768
2.26	0.097543
2.265	0.0976089
2.27	0.0976745
2.275	0.0977397
2.28	0.0978045
2.285	0.097869
2.29	0.0979334
2.295	0.0979974
2.3	0.0980611
2.305	0.0981245
2.31	0.0981883
2.315	0.0982517
2.32	0.0983149
2.325	0.0983781
2.33	0.0984412
2.335	0.098504
2.34	0.0985665
2.345	0.0986286
2.35	0.0986905
2.355	0.098752
2.36	0.0988132
2.365	0.0988741
2.37	0.0989347
2.375	0.0989953
2.38	0.0990556
2.385	0.0991156
2.39	0.0991753
2.395	0.0992347
2.4	0.0992939
2.405	0.0993528
2.41	0.0994116
2.415	0.0994703
2.42	0.0995291
2.425	0.0995877
2.43	0.0996459
2.435	0.0997039
2.44	0.0997616
2.445	0.0998198
2.45	0.0998777
2.455	0.0999354
2.46	0.0999928
2.465	0.10005
2.47	0.100108
2.475	0.100164
2.48	0.100221
2.485	0.100278
2.49	0.100334
2.495	0.10039
2.5	0.100445
2.505	0.100501
2.51	0.100556
2.515	0.100611
2.52	0.100666
2.525	0.100721
2.53	0.100776
2.535	0.100831
2.54	0.100885
2.545	0.100939
2.55	0.100993
2.555	0.101047
2.56	0.1011
2.565	0.101153
2.57	0.101206
2.575	0.101259
2.58	0.101311
2.585	0.101364
2.59	0.101416
2.595	0.101467
2.6	0.101519
2.605	0.10157
2.61	0.101622
2.615	0.101672
2.62	0.101723
2.625	0.101773
2.63	0.101824
2.635	0.101874
2.64	0.101924
2.645	0.101974
2.65	0.102023
2.655	0.102072
2.66	0.102121
2.665	0.10217
2.67	0.102219
2.675	0.102267
2.68	0.102315
2.685	0.102363
2.69	0.102411
2.695	0.102458
2.7	0.102505
2.705	0.102552
2.71	0.102599
2.715	0.102646
2.72	0.102692
2.725	0.102738
2.73	0.102784
2.735	0.10283
2.74	0.102876
2.745	0.102921
2.75	0.102967
2.755	0.103013
2.76	0.103059
2.765	0.103104
2.77	0.103149
2.775	0.103194
2.78	0.103239
2.785	0.103284
2.79	0.103328
2.795	0.103372
2.8	0.103416
2.805	0.10346
2.81	0.103504
2.815	0.103547
2.82	0.10359
2.825	0.103633
2.83	0.103676
2.835	0.103718
2.84	0.103761
2.845	0.103803
2.85	0.103845
2.855	0.103887
2.86	0.103929
2.865	0.10397
2.87	0.104012
2.875	0.104053
2.88	0.104094
2.885	0.104135
2.89	0.104176
2.895	0.104216
2.9	0.104256
2.905	0.104296
2.91	0.104336
2.915	0.104376
2.92	0.104416
2.925	0.104455
2.93	0.104494
2.935	0.104533
2.94	0.104572
2.945	0.10461
2.95	0.104649
2.955	0.104687
2.96	0.104725
2.965	0.104763
2.97	0.104801
2.975	0.104839
2.98	0.104876
2.985	0.104914
2.99	0.104951
2.995	0.104988
3	0.105025
3.005	0.105061
3.01	0.105098
3.015	0.105134
3.02	0.10517
3.025	0.105206
3.03	0.105242
3.035	0.105277
3.04	0.105313
3.045	0.105348
3.05	0.105383
3.055	0.105418
3.06	0.105453
3.065	0.105488
3.07	0.105522
3.075	0.105557
3.08	0.105591
3.085	0.105625
3.09	0.105659
3.095	0.105693
3.1	0.105726
3.105	0.10576
3.11	0.105793
3.115	0.105826
3.12	0.105859
3.125	0.105892
3.13	0.105925
3.135	0.105957
3.14	0.10599
3.145	0.106022
3.15	0.106054
3.155	0.106086
3.16	0.106118
3.165	0.10615
3.17	0.106181
3.175	0.106213
3.18	0.106244
3.185	0.106275
3.19	0.106306
3.195	0.106337
3.2	0.106368
3.205	0.106399
3.21	0.106429
3.215	0.10646
3.22	0.10649
3.225	0.10652
3.23	0.106551
3.235	0.106581
3.24	0.10661
3.245	0.10664
3.25	0.10667
3.255	0.106699
3.26	0.106729
3.265	0.106758
3.27	0.106787
3.275	0.106816
3.28	0.106845
3.285	0.106874
3.29	0.106903
3.295	0.106931
3.3	0.10696
3.305	0.106988
3.31	0.107016
3.315	0.107044
3.32	0.107072
3.325	0.1071
3.33	0.107128
3.335	0.107156
3.34	0.107183
3.345	0.107211
3.35	0.107238
3.355	0.107265
3.36	0.107292
3.365	0.107319
3.37	0.107346
3.375	0.107373
3.38	0.1074
3.385	0.107426
3.39	0.107453
3.395	0.107479
3.4	0.107505
3.405	0.107531
3.41	0.107557
3.415	0.107583
3.42	0.107609
3.425	0.107635
3.43	0.107661
3.435	0.107686
3.44	0.107712
3.445	0.107737
3.45	0.107762
3.455	0.107787
3.46	0.107812
3.465	0.107837
3.47	0.107862
3.475	0.107887
3.48	0.107912
3.485	0.107937
3.49	0.107961
3.495	0.107986
3.5	0.10801
3.505	0.108034
3.51	0.108058
3.515	0.108083
3.52	0.108107
3.525	0.10813
3.53	0.108154
3.535	0.108178
3.54	0.108202
3.545	0.108225
3.55	0.108248
3.555	0.108272
3.56	0.108295
3.565	0.108318
3.57	0.108341
3.575	0.108364
3.58	0.108387
3.585	0.10841
3.59	0.108433
3.595	0.108455
3.6	0.108478
3.605	0.1085
3.61	0.108523
3.615	0.108545
3.62	0.108567
3.625	0.108589
3.63	0.108611
3.635	0.108633
3.64	0.108655
3.645	0.108677
3.65	0.108699
3.655	0.10872
3.66	0.108742
3.665	0.108763
3.67	0.108785
3.675	0.108806
3.68	0.108827
3.685	0.108848
3.69	0.108869
3.695	0.10889
3.7	0.108911
3.705	0.108932
3.71	0.108953
3.715	0.108973
3.72	0.108994
3.725	0.109014
3.73	0.109034
3.735	0.109055
3.74	0.109075
3.745	0.109095
3.75	0.109115
3.755	0.109135
3.76	0.109155
3.765	0.109175
3.77	0.109195
3.775	0.109214
3.78	0.109234
3.785	0.109253
3.79	0.109273
3.795	0.109292
3.8	0.109311
3.805	0.109331
3.81	0.10935
3.815	0.109369
3.82	0.109388
3.825	0.109407
3.83	0.109425
3.835	0.109444
3.84	0.109463
3.845	0.109482
3.85	0.1095
3.855	0.109518
3.86	0.109537
3.865	0.109555
3.87	0.109573
3.875	0.109591
3.88	0.10961
3.885	0.109628
3.89	0.109645
3.895	0.109663
3.9	0.109681
3.905	0.109699
3.91	0.109717
3.915	0.109734
3.92	0.109752
3.925	0.109769
3.93	0.109786
3.935	0.109804
3.94	0.109821
3.945	0.109838
3.95	0.109855
3.955	0.109872
3.96	0.109889
3.965	0.109906
3.97	0.109923
3.975	0.10994
3.98	0.109956
3.985	0.109973
3.99	0.109989
3.995	0.110006
4	0.110022
4.005	0.110039
4.01	0.110055
4.015	0.110071
4.02	0.110087
4.025	0.110103
4.03	0.110119
4.035	0.110135
4.04	0.110151
4.045	0.110167
4.05	0.110183
4.055	0.110199
4.06	0.110214
4.065	0.11023
4.07	0.110245
4.075	0.110261
4.08	0.110276
4.085	0.110291
4.09	0.110307
4.095	0.110322
4.1	0.110337
4.105	0.110352
4.11	0.110367
4.115	0.110382
4.12	0.110397
4.125	0.110411
4.13	0.110426
4.135	0.110441
4.14	0.110455
4.145	0.11047
4.15	0.110484
4.155	0.110499
4.16	0.110513
4.165	0.110527
4.17	0.110541
4.175	0.110556
4.18	0.11057
4.185	0.110584
4.19	0.110598
4.195	0.110612
4.2	0.110625
4.205	0.110639
4.21	0.110653
4.215	0.110667
4.22	0.11068
4.225	0.110694
4.23	0.110707
4.235	0.110721
4.24	0.110734
4.245	0.110747
4.25	0.110761
4.255	0.110774
4.26	0.110787
4.265	0.1108
4.27	0.110813
4.275	0.110826
4.28	0.110839
4.285	0.110852
4.29	0.110864
4.295	0.110877
4.3	0.11089
4.305	0.110902
4.31	0.110915
4.315	0.110928
4.32	0.11094
4.325	0.110952
4.33	0.110965
4.335	0.110977
4.34	0.110989
4.345	0.111001
4.35	0.111013
4.355	0.111026
4.36	0.111038
4.365	0.11105
4.37	0.111061
4.375	0.111073
4.38	0.111085
4.385	0.111097
4.39	0.111108
4.395	0.11112
4.4	0.111132
4.405	0.111143
4.41	0.111155
4.415	0.111166
4.42	0.111177
4.425	0.111189
4.43	0.1112
4.435	0.111211
4.44	0.111222
4.445	0.111234
4.45	0.111245
4.455	0.111256
4.46	0.111267
4.465	0.111278
4.47	0.111288
4.475	0.111299
4.48	0.11131
4.485	0.111321
4.49	0.111331
4.495	0.111342
4.5	0.111353
4.505	0.111363
4.51	0.111374
4.515	0.111384
4.52	0.111394
4.525	0.111405
4.53	0.111415
4.535	0.111425
4.54	0.111435
4.545	0.111446
4.55	0.111456
4.555	0.111466
4.56	0.111476
4.565	0.111486
4.57	0.111496
4.575	0.111505
4.58	0.111515
4.585	0.111525
4.59	0.111535
4.595	0.111544
4.6	0.111554
4.605	0.111564
4.61	0.111573
4.615	0.111583
4.62	0.111592
4.625	0.111602
4.63	0.111611
4.635	0.11162
4.64	0.11163
4.645	0.111639
4.65	0.111648
4.655	0.111657
4.66	0.111666
4.665	0.111675
4.67	0.111685
4.675	0.111694
4.68	0.111702
4.685	0.111711
4.69	0.11172
4.695	0.111729
4.7	0.111738
4.705	0.111747
4.71	0.111755
4.715	0.111764
4.72	0.111773
4.725	0.111781
4.73	0.11179
4.735	0.111798
4.74	0.111807
4.745	0.111815
4.75	0.111824
4.755	0.111832
4.76	0.11184
4.765	0.111849
4.77	0.111857
4.775	0.111865
4.78	0.111873
4.785	0.111881
4.79	0.11189
4.795	0.111898
4.8	0.111906
4.805	0.111914
4.81	0.111922
4.815	0.111929
4.82	0.111937
4.825	0.111945
4.83	0.111953
4.835	0.111961
4.84	0.111969
4.845	0.111976
4.85	0.111984
4.855	0.111992
4.86	0.111999
4.865	0.112007
4.87	0.112014
4.875	0.112022
4.88	0.112029
4.885	0.112037
4.89	0.112044
4.895	0.112051
4.9	0.112059
4.905	0.112066
4.91	0.112073
4.915	0.11208
4.92	0.112088
4.925	0.112095
4.93	0.112102
4.935	0.112109
4.94	0.112116
4.945	0.112123
4.95	0.11213
4.955	0.112137
4.96	0.112144
4.965	0.112151
4.97	0.112158
4.975	0.112165
4.98	0.112171
4.985	0.112178
4.99	0.112185
4.995	0.112192
5	0.112198
5.005	0.112205
5.01	0.112212
5.015	0.112218
5.02	0.112225
5.025	0.112231
5.03	0.112238
5.035	0.112244
5.04	0.112251
5.045	0.112257
5.05	0.112264
5.055	0.11227
5.06	0.112276
5.065	0.112283
5.07	0.112289
5.075	0.112295
5.08	0.112302
5.085	0.112308
5.09	0.112314
5.095	0.11232
5.1	0.112326
5.105	0.112332
5.11	0.112338
5.115	0.112344
5.12	0.11235
5.125	0.112356
5.13	0.112362
5.135	0.112368
5.14	0.112374
5.145	0.11238
5.15	0.112386
5.155	0.112392
5.16	0.112398
5.165	0.112403
5.17	0.112409
5.175	0.112415
5.18	0.112421
5.185	0.112426
5.19	0.112432
5.195	0.112437
5.2	0.112443
5.205	0.112449
5.21	0.112454
5.215	0.11246
5.22	0.112465
5.225	0.112471
5.23	0.112476
5.235	0.112482
5.24	0.112487
5.245	0.112492
5.25	0.112498
5.255	0.112503
5.26	0.112508
5.265	0.112514
5.27	0.112519
5.275	0.112524
5.28	0.11253
5.285	0.112535
5.29	0.11254
5.295	0.112545
5.3	0.11255
5.305	0.112555
5.31	0.11256
5.315	0.112566
5.32	0.112571
5.325	0.112576
5.33	0.112581
5.335	0.112586
5.34	0.112591
5.345	0.112596
5.35	0.112601
5.355	0.112605
5.36	0.11261
5.365	0.112615
5.37	0.11262
5.375	0.112625
5.38	0.11263
5.385	0.112634
5.39	0.112639
5.395	0.112644
5.4	0.112649
5.405	0.112653
5.41	0.112658
5.415	0.112663
5.42	0.112667
5.425	0.112672
5.43	0.112677
5.435	0.112681
5.44	0.112686
5.445	0.11269
5.45	0.112695
5.455	0.112699
5.46	0.112704
5.465	0.112708
5.47	0.112713
5.475	0.112717
5.48	0.112722
5.485	0.112726
5.49	0.11273
5.495	0.112735
5.5	0.112739
5.505	0.112743
5.51	0.112748
5.515	0.112752
5.52	0.112756
5.525	0.11276
5.53	0.112765
5.535	0.112769
5.54	0.112773
5.545	0.112777
5.55	0.112781
5.555	0.112786
5.56	0.11279
5.565	0.112794
5.57	0.112798
5.575	0.112802
5.58	0.112806
5.585	0.11281
5.59	0.112814
5.595	0.112818
5.6	0.112822
5.605	0.112826
5.61	0.11283
5.615	0.112834
5.62	0.112838
5.625	0.112842
5.63	0.112846
5.635	0.112849
5.64	0.112853
5.645	0.112857
5.65	0.112861
5.655	0.112865
5.66	0.112868
5.665	0.112872
5.67	0.112876
5.675	0.11288
5.68	0.112883
5.685	0.112887
5.69	0.112891
5.695	0.112895
5.7	0.112898
5.705	0.112902
5.71	0.112905
5.715	0.112909
5.72	0.112913
5.725	0.112916
5.73	0.11292
5.735	0.112923
5.74	0.112927
5.745	0.11293
5.75	0.112934
5.755	0.112937
5.76	0.112941
5.765	0.112944
5.77	0.112948
5.775	0.112951
5.78	0.112955
5.785	0.112958
5.79	0.112961
5.795	0.112965
5.8	0.112968
5.805	0.112971
5.81	0.112975
5.815	0.112978
5.82	0.112981
5.825	0.112985
5.83	0.112988
5.835	0.112991
5.84	0.112995
5.845	0.112998
5.85	0.113001
5.855	0.113004
5.86	0.113007
5.865	0.113011
5.87	0.113014
5.875	0.113017
5.88	0.11302
5.885	0.113023
5.89	0.113026
5.895	0.113029
5.9	0.113032
5.905	0.113036
5.91	0.113039
5.915	0.113042
5.92	0.113045
5.925	0.113048
5.93	0.113051
5.935	0.113054
5.94	0.113057
5.945	0.11306
5.95	0.113063
5.955	0.113066
5.96	0.113069
5.965	0.113071
5.97	0.113074
5.975	0.113077
5.98	0.11308
5.985	0.113083
5.99	0.113086
5.995	0.113089
6	0.113092
6.005	0.113094
6.01	0.113097
6.015	0.1131
6.02	0.113103
6.025	0.113106
6.03	0.113108
6.035	0.113111
6.04	0.113114
6.045	0.113117
6.05	0.113119
6.055	0.113122
6.06	0.113125
6.065	0.113127
6.07	0.11313
6.075	0.113133
6.08	0.113135
6.085	0.113138
6.09	0.113141
6.095	0.113143
6.1	0.113146
6.105	0.113148
6.11	0.113151
6.115	0.113154
6.12	0.113156
6.125	0.113159
6.13	0.113161
6.135	0.113164
6.14	0.113166
6.145	0.113169
6.15	0.113171
6.155	0.113174
6.16	0.113176
6.165	0.113179
6.17	0.113181
6.175	0.113184
6.18	0.113186
6.185	0.113189
6.19	0.113191
6.195	0.113193
6.2	0.113196
6.205	0.113198
6.21	0.113201
6.215	0.113203
6.22	0.113205
6.225	0.113208
6.23	0.11321
6.235	0.113212
6.24	0.113215
6.245	0.113217
6.25	0.113219
6.255	0.113221
6.26	0.113224
6.265	0.113226
6.27	0.113228
6.275	0.11323
6.28	0.113233
6.285	0.113235
6.29	0.113237
6.295	0.113239
6.3	0.113241
6.305	0.113244
6.31	0.113246
6.315	0.113248
6.32	0.11325
6.325	0.113252
6.33	0.113254
6.335	0.113256
6.34	0.113259
6.345	0.113261
6.35	0.113263
6.355	0.113265
6.36	0.113267
6.365	0.113269
6.37	0.113271
6.375	0.113273
6.38	0.113275
6.385	0.113277
6.39	0.113279
6.395	0.113281
6.4	0.113283
6.405	0.113285
6.41	0.113287
6.415	0.113289
6.42	0.113291
6.425	0.113293
6.43	0.113295
6.435	0.113297
6.44	0.113299
6.445	0.113301
6.45	0.113302
6.455	0.113304
6.46	0.113306
6.465	0.113308
6.47	0.11331
6.475	0.113312
6.48	0.113314
6.485	0.113316
6.49	0.113317
6.495	0.113319
6.5	0.113321
6.505	0.113323
6.51	0.113325
6.515	0.113327
6.52	0.113328
6.525	0.11333
6.53	0.113332
6.535	0.113334
6.54	0.113336
6.545	0.113337
6.55	0.113339
6.555	0.113341
6.56	0.113343
6.565	0.113344
6.57	0.113346
6.575	0.113348
6.58	0.113349
6.585	0.113351
6.59	0.113353
6.595	0.113354
6.6	0.113356
6.605	0.113358
6.61	0.113359
6.615	0.113361
6.62	0.113363
6.625	0.113364
6.63	0.113366
6.635	0.113368
6.64	0.113369
6.645	0.113371
6.65	0.113373
6.655	0.113374
6.66	0.113376
6.665	0.113377
6.67	0.113379
6.675	0.113381
6.68	0.113382
6.685	0.113384
6.69	0.113385
6.695	0.113387
6.7	0.113388
6.705	0.11339
6.71	0.113391
6.715	0.113393
6.72	0.113394
6.725	0.113396
6.73	0.113397
6.735	0.113399
6.74	0.1134
6.745	0.113402
6.75	0.113403
6.755	0.113405
6.76	0.113406
6.765	0.113408
6.77	0.113409
6.775	0.113411
6.78	0.113412
6.785	0.113413
6.79	0.113415
6.795	0.113416
6.8	0.113418
6.805	0.113419
6.81	0.113421
6.815	0.113422
6.82	0.113423
6.825	0.113425
6.83	0.113426
6.835	0.113427
6.84	0.113429
6.845	0.11343
6.85	0.113432
6.855	0.113433
6.86	0.113434
6.865	0.113436
6.87	0.113437
6.875	0.113438
6.88	0.11344
6.885	0.113441
6.89	0.113442
6.895	0.113443
6.9	0.113445
6.905	0.113446
6.91	0.113447
6.915	0.113449
6.92	0.11345
6.925	0.113451
6.93	0.113452
6.935	0.113454
6.94	0.113455
6.945	0.113456
6.95	0.113457
6.955	0.113459
6.96	0.11346
6.965	0.113461
6.97	0.113462
6.975	0.113464
6.98	0.113465
6.985	0.113466
6.99	0.113467
6.995	0.113468
7	0.11347
7.005	0.113471
7.01	0.113472
7.015	0.113473
7.02	0.113474
7.025	0.113475
7.03	0.113477
7.035	0.113478
7.04	0.113479
7.045	0.11348
7.05	0.113481
7.055	0.113482
7.06	0.113483
7.065	0.113485
7.07	0.113486
7.075	0.113487
7.08	0.113488
7.085	0.113489
7.09	0.11349
7.095	0.113491
7.1	0.113492
7.105	0.113493
7.11	0.113494
7.115	0.113496
7.12	0.113497
7.125	0.113498
7.13	0.113499
7.135	0.1135
7.14	0.113501
7.145	0.113502
7.15	0.113503
7.155	0.113504
7.16	0.113505
7.165	0.113506
7.17	0.113507
7.175	0.113508
7.18	0.113509
7.185	0.11351
7.19	0.113511
7.195	0.113512
7.2	0.113513
7.205	0.113514
7.21	0.113515
7.215	0.113516
7.22	0.113517
7.225	0.113518
7.23	0.113519
7.235	0.11352
7.24	0.113521
7.245	0.113522
7.25	0.113523
7.255	0.113524
7.26	0.113525
7.265	0.113526
7.27	0.113527
7.275	0.113528
7.28	0.113529
7.285	0.11353
7.29	0.11353
7.295	0.113531
7.3	0.113532
7.305	0.113533
7.31	0.113534
7.315	0.113535
7.32	0.113536
7.325	0.113537
7.33	0.113538
7.335	0.113539
7.34	0.113539
7.345	0.11354
7.35	0.113541
7.355	0.113542
7.36	0.113543
7.365	0.113544
7.37	0.113545
7.375	0.113546
7.38	0.113546
7.385	0.113547
7.39	0.113548
7.395	0.113549
7.4	0.11355
7.405	0.113551
7.41	0.113551
7.415	0.113552
7.42	0.113553
7.425	0.113554
7.43	0.113555
7.435	0.113556
7.44	0.113556
7.445	0.113557
7.45	0.113558
7.455	0.113559
7.46	0.11356
7.465	0.11356
7.47	0.113561
7.475	0.113562
7.48	0.113563
7.485	0.113564
7.49	0.113564
7.495	0.113565
7.5	0.113566
7.505	0.113567
7.51	0.113567
7.515	0.113568
7.52	0.113569
7.525	0.11357
7.53	0.11357
7.535	0.113571
7.54	0.113572
7.545	0.113573
7.55	0.113573
7.555	0.113574
7.56	0.113575
7.565	0.113576
7.57	0.113576
7.575	0.113577
7.58	0.113578
7.585	0.113579
7.59	0.113579
7.595	0.11358
7.6	0.113581
7.605	0.113581
7.61	0.113582
7.615	0.113583
7.62	0.113583
7.625	0.113584
7.63	0.113585
7.635	0.113586
7.64	0.113586
7.645	0.113587
7.65	0.113588
7.655	0.113588
7.66	0.113589
7.665	0.11359
7.67	0.11359
7.675	0.113591
7.68	0.113592
7.685	0.113592
7.69	0.113593
7.695	0.113594
7.7	0.113594
7.705	0.113595
7.71	0.113596
7.715	0.113596
7.72	0.113597
7.725	0.113597
7.73	0.113598
7.735	0.113599
7.74	0.113599
7.745	0.1136
7.75	0.113601
7.755	0.113601
7.76	0.113602
7.765	0.113602
7.77	0.113603
7.775	0.113604
7.78	0.113604
7.785	0.113605
7.79	0.113605
7.795	0.113606
7.8	0.113607
7.805	0.113607
7.81	0.113608
7.815	0.113608
7.82	0.113609
7.825	0.11361
7.83	0.11361
7.835	0.113611
7.84	0.113611
7.845	0.113612
7.85	0.113613
7.855	0.113613
7.86	0.113614
7.865	0.113614
7.87	0.113615
7.875	0.113615
7.88	0.113616
7.885	0.113616
7.89	0.113617
7.895	0.113618
7.9	0.113618
7.905	0.113619
7.91	0.113619
7.915	0.11362
7.92	0.11362
7.925	0.113621
7.93	0.113621
7.935	0.113622
7.94	0.113622
7.945	0.113623
7.95	0.113623
7.955	0.113624
7.96	0.113625
7.965	0.113625
7.97	0.113626
7.975	0.113626
7.98	0.113627
7.985	0.113627
7.99	0.113628
7.995	0.113628
8	0.113629
8.005	0.113629
8.01	0.11363
8.015	0.11363
8.02	0.113631
8.025	0.113631
8.03	0.113632
8.035	0.113632
8.04	0.113633
8.045	0.113633
8.05	0.113634
8.055	0.113634
8.06	0.113634
8.065	0.113635
8.07	0.113635
8.075	0.113636
8.08	0.113636
8.085	0.113637
8.09	0.113637
8.095	0.113638
8.1	0.113638
8.105	0.113639
8.11	0.113639
8.115	0.11364
8.12	0.11364
8.125	0.113641
8.13	0.113641
8.135	0.113641
8.14	0.113642
8.145	0.113642
8.15	0.113643
8.155	0.113643
8.16	0.113644
8.165	0.113644
8.17	0.113645
8.175	0.113645
8.18	0.113645
8.185	0.113646
8.19	0.113646
8.195	0.113647
8.2	0.113647
8.205	0.113648
8.21	0.113648
8.215	0.113648
8.22	0.113649
8.225	0.113649
8.23	0.11365
8.235	0.11365
8.24	0.11365
8.245	0.113651
8.25	0.113651
8.255	0.113652
8.26	0.113652
8.265	0.113652
8.27	0.113653
8.275	0.113653
8.28	0.113654
8.285	0.113654
8.29	0.113654
8.295	0.113655
8.3	0.113655
8.305	0.113656
8.31	0.113656
8.315	0.113656
8.32	0.113657
8.325	0.113657
8.33	0.113658
8.335	0.113658
8.34	0.113658
8.345	0.113659
8.35	0.113659
8.355	0.113659
8.36	0.11366
8.365	0.11366
8.37	0.113661
8.375	0.113661
8.38	0.113661
8.385	0.113662
8.39	0.113662
8.395	0.113662
8.4	0.113663
8.405	0.113663
8.41	0.113663
8.415	0.113664
8.42	0.113664
8.425	0.113665
8.43	0.113665
8.435	0.113665
8.44	0.113666
8.445	0.113666
8.45	0.113666
8.455	0.113667
8.46	0.113667
8.465	0.113667
8.47	0.113668
8.475	0.113668
8.48	0.113668
8.485	0.113669
8.49	0.113669
8.495	0.113669
8.5	0.11367
8.505	0.11367
8.51	0.11367
8.515	0.113671
8.52	0.113671
8.525	0.113671
8.53	0.113672
8.535	0.113672
8.54	0.113672
8.545	0.113673
8.55	0.113673
8.555	0.113673
8.56	0.113673
8.565	0.113674
8.57	0.113674
8.575	0.113674
8.58	0.113675
8.585	0.113675
8.59	0.113675
8.595	0.113676
8.6	0.113676
8.605	0.113676
8.61	0.113677
8.615	0.113677
8.62	0.113677
8.625	0.113677
8.63	0.113678
8.635	0.113678
8.64	0.113678
8.645	0.113679
8.65	0.113679
8.655	0.113679
8.66	0.113679
8.665	0.11368
8.67	0.11368
8.675	0.11368
8.68	0.113681
8.685	0.113681
8.69	0.113681
8.695	0.113681
8.7	0.113682
8.705	0.113682
8.71	0.113682
8.715	0.113683
8.72	0.113683
8.725	0.113683
8.73	0.113683
8.735	0.113684
8.74	0.113684
8.745	0.113684
8.75	0.113684
8.755	0.113685
8.76	0.113685
8.765	0.113685
8.77	0.113685
8.775	0.113686
8.78	0.113686
8.785	0.113686
8.79	0.113687
8.795	0.113687
8.8	0.113687
8.805	0.113687
8.81	0.113688
8.815	0.113688
8.82	0.113688
8.825	0.113688
8.83	0.113689
8.835	0.113689
8.84	0.113689
8.845	0.113689
8.85	0.11369
8.855	0.11369
8.86	0.11369
8.865	0.11369
8.87	0.11369
8.875	0.113691
8.88	0.113691
8.885	0.113691
8.89	0.113691
8.895	0.113692
8.9	0.113692
8.905	0.113692
8.91	0.113692
8.915	0.113693
8.92	0.113693
8.925	0.113693
8.93	0.113693
8.935	0.113694
8.94	0.113694
8.945	0.113694
8.95	0.113694
8.955	0.113694
8.96	0.113695
8.965	0.113695
8.97	0.113695
8.975	0.113695
8.98	0.113696
8.985	0.113696
8.99	0.113696
8.995	0.113696
9	0.113696
9.005	0.113697
9.01	0.113697
9.015	0.113697
9.02	0.113697
9.025	0.113697
9.03	0.113698
9.035	0.113698
9.04	0.113698
9.045	0.113698
9.05	0.113698
9.055	0.113699
9.06	0.113699
9.065	0.113699
9.07	0.113699
9.075	0.1137
9.08	0.1137
9.085	0.1137
9.09	0.1137
9.095	0.1137
9.1	0.1137
9.105	0.113701
9.11	0.113701
9.115	0.113701
9.12	0.113701
9.125	0.113701
9.13	0.113702
9.135	0.113702
9.14	0.113702
9.145	0.113702
9.15	0.113702
9.155	0.113703
9.16	0.113703
9.165	0.113703
9.17	0.113703
9.175	0.113703
9.18	0.113704
9.185	0.113704
9.19	0.113704
9.195	0.113704
9.2	0.113704
9.205	0.113704
9.21	0.113705
9.215	0.113705
9.22	0.113705
9.225	0.113705
9.23	0.113705
9.235	0.113706
9.24	0.113706
9.245	0.113706
9.25	0.113706
9.255	0.113706
9.26	0.113706
9.265	0.113707
9.27	0.113707
9.275	0.113707
9.28	0.113707
9.285	0.113707
9.29	0.113707
9.295	0.113708
9.3	0.113708
9.305	0.113708
9.31	0.113708
9.315	0.113708
9.32	0.113708
9.325	0.113709
9.33	0.113709
9.335	0.113709
9.34	0.113709
9.345	0.113709
9.35	0.113709
9.355	0.11371
9.36	0.11371
9.365	0.11371
9.37	0.11371
9.375	0.11371
9.38	0.11371
9.385	0.11371
9.39	0.113711
9.395	0.113711
9.4	0.113711
9.405	0.113711
9.41	0.113711
9.415	0.113711
9.42	0.113712
9.425	0.113712
9.43	0.113712
9.435	0.113712
9.44	0.113712
9.445	0.113712
9.45	0.113712
9.455	0.113713
9.46	0.113713
9.465	0.113713
9.47	0.113713
9.475	0.113713
9.48	0.113713
9.485	0.113713
9.49	0.113714
9.495	0.113714
9.5	0.113714
9.505	0.113714
9.51	0.113714
9.515	0.113714
9.52	0.113714
9.525	0.113715
9.53	0.113715
9.535	0.113715
9.54	0.113715
9.545	0.113715
9.55	0.113715
9.555	0.113715
9.56	0.113715
9.565	0.113716
9.57	0.113716
9.575	0.113716
9.58	0.113716
9.585	0.113716
9.59	0.113716
9.595	0.113716
9.6	0.113717
9.605	0.113717
9.61	0.113717
9.615	0.113717
9.62	0.113717
9.625	0.113717
9.63	0.113717
9.635	0.113717
9.64	0.113718
9.645	0.113718
9.65	0.113718
9.655	0.113718
9.66	0.113718
9.665	0.113718
9.67	0.113718
9.675	0.113718
9.68	0.113719
9.685	0.113719
9.69	0.113719
9.695	0.113719
9.7	0.113719
9.705	0.113719
9.71	0.113719
9.715	0.113719
9.72	0.113719
9.725	0.11372
9.73	0.11372
9.735	0.11372
9.74	0.11372
9.745	0.11372
9.75	0.11372
9.755	0.11372
9.76	0.11372
9.765	0.11372
9.77	0.113721
9.775	0.113721
9.78	0.113721
9.785	0.113721
9.79	0.113721
9.795	0.113721
9.8	0.113721
9.805	0.113721
9.81	0.113721
9.815	0.113722
9.82	0.113722
9.825	0.113722
9.83	0.113722
9.835	0.113722
9.84	0.113722
9.845	0.113722
9.85	0.113722
9.855	0.113722
9.86	0.113723
9.865	0.113723
9.87	0.113723
9.875	0.113723
9.88	0.113723
9.885	0.113723
9.89	0.113723
9.895	0.113723
9.9	0.113723
9.905	0.113723
9.91	0.113724
9.915	0.113724
9.92	0.113724
9.925	0.113724
9.93	0.113724
9.935	0.113724
9.94	0.113724
9.945	0.113724
9.95	0.113724
9.955	0.113724
9.96	0.113724
9.965	0.113725
9.97	0.113725
9.975	0.113725
9.98	0.113725
9.985	0.113725
9.99	0.113725
9.995	0.113725
10	0.113725
