0.005	0.01
0.01	0.01
0.015	0.01
0.02	0.01
0.025	0.01
0.03	0.01
0.035	0.01
0.04	0.01
0.045	0.01
0.05	0.01
0.055	0.01
0.06	0.01
0.065	0.02
0.07	0.02
0.075	0.02
0.08	0.02
0.085	0.02
0.09	0.02
0.095	0.02
0.1	0.02
0.105	0.02
0.11	0.02
0.115	0.03
0.12	0.03
0.125	0.03
0.13	0.03
0.135	0.03
0.14	0.03
0.145	0.03
0.15	0.03
0.155	0.03
0.16	0.03
0.165	0.03
0.17	0.04
0.175	0.04
0.18	0.04
0.185	0.04
0.19	0.04
0.195	0.04
0.2	0.04
0.205	0.04
0.21	0.04
0.215	0.04
0.22	0.04
0.225	0.04
0.23	0.05
0.235	0.05
0.24	0.05
0.245	0.05
0.25	0.05
0.255	0.05
0.26	0.05
0.265	0.05
0.27	0.05
0.275	0.05
0.28	0.06
0.285	0.06
0.29	0.06
0.295	0.06
0.3	0.06
0.305	0.06
0.31	0.06
0.315	0.06
0.32	0.06
0.325	0.06
0.33	0.06
0.335	0.07
0.34	0.07
0.345	0.07
0.35	0.07
0.355	0.07
0.36	0.07
0.365	0.07
0.37	0.07
0.375	0.07
0.38	0.07
0.385	0.07
0.39	0.08
0.395	0.08
0.4	0.08
0.405	0.08
0.41	0.08
0.415	0.08
0.42	0.08
0.425	0.08
0.43	0.08
0.435	0.08
0.44	0.08
0.445	0.09
0.45	0.09
0.455	0.09
0.46	0.09
0.465	0.09
0.47	0.09
0.475	0.09
0.48	0.09
0.485	0.09
0.49	0.09
0.495	0.09
0.5	0.1
0.505	0.1
0.51	0.1
0.515	0.1
0.52	0.1
0.525	0.1
0.53	0.1
0.535	0.1
0.54	0.1
0.545	0.1
0.55	0.1
0.555	0.11
0.56	0.11
0.565	0.11
0.57	0.11
0.575	0.11
0.58	0.11
0.585	0.11
0.59	0.11
0.595	0.11
0.6	0.11
0.605	0.12
0.61	0.12
0.615	0.12
0.62	0.12
0.625	0.12
0.63	0.12
0.635	0.12
0.64	0.12
0.645	0.12
0.65	0.12
0.655	0.12
0.66	0.12
0.665	0.13
0.67	0.13
0.675	0.13
0.68	0.13
0.685	0.13
0.69	0.13
0.695	0.13
0.7	0.13
0.705	0.13
0.71	0.13
0.715	0.13
0.72	0.14
0.725	0.14
0.73	0.14
0.735	0.14
0.74	0.14
0.745	0.14
0.75	0.14
0.755	0.14
0.76	0.14
0.765	0.14
0.77	0.14
0.775	0.15
0.78	0.15
0.785	0.15
0.79	0.15
0.795	0.15
0.8	0.15
0.805	0.15
0.81	0.15
0.815	0.15
0.82	0.15
0.825	0.15
0.83	0.15
0.835	0.16
0.84	0.16
0.845	0.16
0.85	0.16
0.855	0.16
0.86	0.16
0.865	0.16
0.87	0.16
0.875	0.16
0.88	0.16
0.885	0.16
0.89	0.17
0.895	0.17
0.9	0.17
0.905	0.17
0.91	0.17
0.915	0.17
0.92	0.17
0.925	0.17
0.93	0.17
0.935	0.17
0.94	0.17
0.945	0.18
0.95	0.18
0.955	0.18
0.96	0.18
0.965	0.18
0.97	0.18
0.975	0.18
0.98	0.18
0.985	0.18
0.99	0.18
0.995	0.18
1	0.19
1.005	0.19
1.01	0.19
1.015	0.19
1.02	0.19
1.025	0.19
1.03	0.19
1.035	0.19
1.04	0.19
1.045	0.19
1.05	0.2
1.055	0.2
1.06	0.2
1.065	0.2
1.07	0.2
1.075	0.2
1.08	0.2
1.085	0.2
1.09	0.2
1.095	0.2
1.1	0.2
1.105	0.2
1.11	0.2
1.115	0.2
1.12	0.2
1.125	0.2
1.13	0.21
1.135	0.21
1.14	0.21
1.145	0.21
1.15	0.21
1.155	0.21
1.16	0.21
1.165	0.21
1.17	0.21
1.175	0.21
1.18	0.21
1.185	0.21
1.19	0.22
1.195	0.22
1.2	0.22
1.205	0.22
1.21	0.22
1.215	0.22
1.22	0.22
1.225	0.22
1.23	0.22
1.235	0.22
1.24	0.22
1.245	0.23
1.25	0.23
1.255	0.23
1.26	0.23
1.265	0.23
1.27	0.23
1.275	0.23
1.28	0.23
1.285	0.23
1.29	0.23
1.295	0.23
1.3	0.23
1.305	0.24
1.31	0.24
1.315	0.24
1.32	0.24
1.325	0.24
1.33	0.24
1.335	0.24
1.34	0.24
1.345	0.24
1.35	0.24
1.355	0.24
1.36	0.24
1.365	0.25
1.37	0.25
1.375	0.25
1.38	0.25
1.385	0.25
1.39	0.25
1.395	0.25
1.4	0.25
1.405	0.25
1.41	0.25
1.415	0.25
1.42	0.25
1.425	0.26
1.43	0.26
1.435	0.26
1.44	0.26
1.445	0.26
1.45	0.26
1.455	0.26
1.46	0.26
1.465	0.26
1.47	0.26
1.475	0.26
1.48	0.26
1.485	0.27
1.49	0.27
1.495	0.27
1.5	0.27
1.505	0.27
1.51	0.27
1.515	0.27
1.52	0.27
1.525	0.27
1.53	0.27
1.535	0.27
1.54	0.28
1.545	0.28
1.55	0.28
1.555	0.28
1.56	0.28
1.565	0.28
1.57	0.28
1.575	0.28
1.58	0.28
1.585	0.28
1.59	0.28
1.595	0.28
1.6	0.29
1.605	0.29
1.61	0.29
1.615	0.29
1.62	0.29
1.625	0.29
1.63	0.29
1.635	0.29
1.64	0.29
1.645	0.29
1.65	0.29
1.655	0.29
1.66	0.29
1.665	0.3
1.67	0.3
1.675	0.3
1.68	0.3
1.685	0.3
1.69	0.3
1.695	0.3
1.7	0.3
1.705	0.3
1.71	0.3
1.715	0.3
1.72	0.3
1.725	0.31
1.73	0.31
1.735	0.31
1.74	0.31
1.745	0.31
1.75	0.31
1.755	0.31
1.76	0.31
1.765	0.31
1.77	0.31
1.775	0.31
1.78	0.31
1.785	0.31
1.79	0.32
1.795	0.32
1.8	0.32
1.805	0.32
1.81	0.32
1.815	0.32
1.82	0.32
1.825	0.32
1.83	0.32
1.835	0.32
1.84	0.32
1.845	0.32
1.85	0.32
1.855	0.33
1.86	0.33
1.865	0.33
1.87	0.33
1.875	0.33
1.88	0.33
1.885	0.33
1.89	0.33
1.895	0.33
1.9	0.33
1.905	0.33
1.91	0.33
1.915	0.34
1.92	0.34
1.925	0.34
1.93	0.34
1.935	0.34
1.94	0.34
1.945	0.34
1.95	0.34
1.955	0.34
1.96	0.34
1.965	0.34
1.97	0.34
1.975	0.34
1.98	0.35
1.985	0.35
1.99	0.35
1.995	0.35
2	0.35
2.005	0.35
2.01	0.35
2.015	0.35
2.02	0.35
2.025	0.35
2.03	0.35
2.035	0.35
2.04	0.36
2.045	0.36
2.05	0.36
2.055	0.36
2.06	0.36
2.065	0.36
2.07	0.36
2.075	0.36
2.08	0.36
2.085	0.36
2.09	0.36
2.095	0.36
2.1	0.37
2.105	0.37
2.11	0.37
2.115	0.37
2.12	0.37
2.125	0.37
2.13	0.37
2.135	0.37
2.14	0.37
2.145	0.37
2.15	0.37
2.155	0.37
2.16	0.37
2.165	0.38
2.17	0.38
2.175	0.38
2.18	0.38
2.185	0.38
2.19	0.38
2.195	0.38
2.2	0.38
2.205	0.38
2.21	0.38
2.215	0.38
2.22	0.38
2.225	0.39
2.23	0.39
2.235	0.39
2.24	0.39
2.245	0.39
2.25	0.39
2.255	0.39
2.26	0.39
2.265	0.39
2.27	0.39
2.275	0.39
2.28	0.39
2.285	0.39
2.29	0.4
2.295	0.4
2.3	0.4
2.305	0.4
2.31	0.4
2.315	0.4
2.32	0.4
2.325	0.4
2.33	0.4
2.335	0.4
2.34	0.4
2.345	0.4
2.35	0.41
2.355	0.41
2.36	0.41
2.365	0.41
2.37	0.41
2.375	0.41
2.38	0.41
2.385	0.42
2.39	0.42
2.395	0.42
2.4	0.42
2.405	0.42
2.41	0.42
2.415	0.42
2.42	0.42
2.425	0.42
2.43	0.42
2.435	0.42
2.44	0.43
2.445	0.43
2.45	0.43
2.455	0.43
2.46	0.43
2.465	0.43
2.47	0.43
2.475	0.43
2.48	0.43
2.485	0.43
2.49	0.43
2.495	0.43
2.5	0.44
2.505	0.44
2.51	0.44
2.515	0.44
2.52	0.44
2.525	0.44
2.53	0.44
2.535	0.44
2.54	0.44
2.545	0.44
2.55	0.44
2.555	0.44
2.56	0.45
2.565	0.45
2.57	0.45
2.575	0.45
2.58	0.45
2.585	0.45
2.59	0.45
2.595	0.45
2.6	0.45
2.605	0.45
2.61	0.45
2.615	0.45
2.62	0.46
2.625	0.46
2.63	0.46
2.635	0.46
2.64	0.46
2.645	0.46
2.65	0.46
2.655	0.46
2.66	0.46
2.665	0.46
2.67	0.46
2.675	0.46
2.68	0.47
2.685	0.47
2.69	0.47
2.695	0.47
2.7	0.47
2.705	0.47
2.71	0.47
2.715	0.47
2.72	0.47
2.725	0.47
2.73	0.47
2.735	0.47
2.74	0.48
2.745	0.48
2.75	0.48
2.755	0.48
2.76	0.48
2.765	0.48
2.77	0.48
2.775	0.48
2.78	0.48
2.785	0.48
2.79	0.48
2.795	0.48
2.8	0.49
2.805	0.49
2.81	0.49
2.815	0.49
2.82	0.49
2.825	0.49
2.83	0.49
2.835	0.49
2.84	0.49
2.845	0.49
2.85	0.49
2.855	0.49
2.86	0.5
2.865	0.5
2.87	0.5
2.875	0.5
2.88	0.5
2.885	0.5
2.89	0.5
2.895	0.5
2.9	0.5
2.905	0.5
2.91	0.5
2.915	0.5
2.92	0.51
2.925	0.51
2.93	0.51
2.935	0.51
2.94	0.51
2.945	0.51
2.95	0.51
2.955	0.51
2.96	0.51
2.965	0.51
2.97	0.51
2.975	0.51
2.98	0.51
2.985	0.52
2.99	0.52
2.995	0.52
3	0.52
3.005	0.52
3.01	0.52
3.015	0.52
3.02	0.52
3.025	0.52
3.03	0.52
3.035	0.52
3.04	0.53
3.045	0.53
3.05	0.53
3.055	0.53
3.06	0.53
3.065	0.53
3.07	0.53
3.075	0.53
3.08	0.53
3.085	0.53
3.09	0.53
3.095	0.53
3.1	0.53
3.105	0.54
3.11	0.54
3.115	0.54
3.12	0.54
3.125	0.54
3.13	0.54
3.135	0.54
3.14	0.54
3.145	0.54
3.15	0.54
3.155	0.54
3.16	0.54
3.165	0.54
3.17	0.55
3.175	0.55
3.18	0.55
3.185	0.55
3.19	0.55
3.195	0.55
3.2	0.55
3.205	0.55
3.21	0.55
3.215	0.55
3.22	0.55
3.225	0.55
3.23	0.56
3.235	0.56
3.24	0.56
3.245	0.56
3.25	0.56
3.255	0.56
3.26	0.56
3.265	0.56
3.27	0.56
3.275	0.56
3.28	0.56
3.285	0.56
3.29	0.57
3.295	0.57
3.3	0.57
3.305	0.57
3.31	0.57
3.315	0.57
3.32	0.57
3.325	0.57
3.33	0.57
3.335	0.57
3.34	0.57
3.345	0.57
3.35	0.57
3.355	0.58
3.36	0.58
3.365	0.58
3.37	0.58
3.375	0.58
3.38	0.58
3.385	0.58
3.39	0.58
3.395	0.58
3.4	0.58
3.405	0.58
3.41	0.58
3.415	0.59
3.42	0.59
3.425	0.59
3.43	0.59
3.435	0.59
3.44	0.59
3.445	0.59
3.45	0.59
3.455	0.59
3.46	0.59
3.465	0.59
3.47	0.59
3.475	0.59
3.48	0.6
3.485	0.6
3.49	0.6
3.495	0.6
3.5	0.6
3.505	0.6
3.51	0.6
3.515	0.6
3.52	0.6
3.525	0.6
3.53	0.6
3.535	0.6
3.54	0.61
3.545	0.61
3.55	0.61
3.555	0.61
3.56	0.61
3.565	0.61
3.57	0.61
3.575	0.61
3.58	0.61
3.585	0.61
3.59	0.61
3.595	0.61
3.6	0.62
3.605	0.62
3.61	0.62
3.615	0.62
3.62	0.62
3.625	0.62
3.63	0.62
3.635	0.62
3.64	0.62
3.645	0.62
3.65	0.62
3.655	0.62
3.66	0.62
3.665	0.62
3.67	0.62
3.675	0.62
3.68	0.62
3.685	0.62
3.69	0.63
3.695	0.63
3.7	0.63
3.705	0.63
3.71	0.63
3.715	0.63
3.72	0.63
3.725	0.63
3.73	0.63
3.735	0.63
3.74	0.63
3.745	0.63
3.75	0.64
3.755	0.64
3.76	0.64
3.765	0.64
3.77	0.64
3.775	0.64
3.78	0.64
3.785	0.64
3.79	0.64
3.795	0.64
3.8	0.64
3.805	0.64
3.81	0.64
3.815	0.65
3.82	0.65
3.825	0.65
3.83	0.65
3.835	0.65
3.84	0.65
3.845	0.65
3.85	0.65
3.855	0.65
3.86	0.65
3.865	0.65
3.87	0.65
3.875	0.65
3.88	0.66
3.885	0.66
3.89	0.66
3.895	0.66
3.9	0.66
3.905	0.66
3.91	0.66
3.915	0.66
3.92	0.66
3.925	0.66
3.93	0.66
3.935	0.66
3.94	0.66
3.945	0.67
3.95	0.67
3.955	0.67
3.96	0.67
3.965	0.67
3.97	0.67
3.975	0.67
3.98	0.67
3.985	0.67
3.99	0.67
3.995	0.67
4	0.67
4.005	0.68
4.01	0.68
4.015	0.68
4.02	0.68
4.025	0.68
4.03	0.68
4.035	0.68
4.04	0.68
4.045	0.68
4.05	0.68
4.055	0.68
4.06	0.68
4.065	0.68
4.07	0.69
4.075	0.69
4.08	0.69
4.085	0.69
4.09	0.69
4.095	0.69
4.1	0.69
4.105	0.69
4.11	0.69
4.115	0.69
4.12	0.69
4.125	0.69
4.13	0.69
4.135	0.69
4.14	0.7
4.145	0.7
4.15	0.7
4.155	0.7
4.16	0.7
4.165	0.7
4.17	0.7
4.175	0.7
4.18	0.7
4.185	0.7
4.19	0.7
4.195	0.7
4.2	0.7
4.205	0.71
4.21	0.71
4.215	0.71
4.22	0.71
4.225	0.71
4.23	0.71
4.235	0.71
4.24	0.72
4.245	0.72
4.25	0.72
4.255	0.72
4.26	0.72
4.265	0.72
4.27	0.72
4.275	0.72
4.28	0.72
4.285	0.72
4.29	0.72
4.295	0.72
4.3	0.72
4.305	0.72
4.31	0.72
4.315	0.72
4.32	0.72
4.325	0.73
4.33	0.73
4.335	0.73
4.34	0.73
4.345	0.73
4.35	0.73
4.355	0.73
4.36	0.73
4.365	0.73
4.37	0.73
4.375	0.73
4.38	0.73
4.385	0.73
4.39	0.74
4.395	0.74
4.4	0.74
4.405	0.74
4.41	0.74
4.415	0.74
4.42	0.74
4.425	0.74
4.43	0.74
4.435	0.74
4.44	0.74
4.445	0.74
4.45	0.74
4.455	0.74
4.46	0.75
4.465	0.75
4.47	0.75
4.475	0.75
4.48	0.75
4.485	0.75
4.49	0.75
4.495	0.75
4.5	0.75
4.505	0.75
4.51	0.75
4.515	0.75
4.52	0.76
4.525	0.76
4.53	0.76
4.535	0.76
4.54	0.76
4.545	0.76
4.55	0.76
4.555	0.76
4.56	0.76
4.565	0.76
4.57	0.76
4.575	0.76
4.58	0.76
4.585	0.77
4.59	0.77
4.595	0.77
4.6	0.77
4.605	0.77
4.61	0.77
4.615	0.77
4.62	0.77
4.625	0.77
4.63	0.77
4.635	0.77
4.64	0.77
4.645	0.77
4.65	0.77
4.655	0.77
4.66	0.77
4.665	0.77
4.67	0.77
4.675	0.78
4.68	0.78
4.685	0.78
4.69	0.78
4.695	0.78
4.7	0.78
4.705	0.78
4.71	0.78
4.715	0.78
4.72	0.78
4.725	0.78
4.73	0.78
4.735	0.78
4.74	0.79
4.745	0.79
4.75	0.79
4.755	0.79
4.76	0.79
4.765	0.79
4.77	0.79
4.775	0.79
4.78	0.79
4.785	0.79
4.79	0.79
4.795	0.79
4.8	0.79
4.805	0.8
4.81	0.8
4.815	0.8
4.82	0.8
4.825	0.8
4.83	0.8
4.835	0.8
4.84	0.8
4.845	0.8
4.85	0.8
4.855	0.8
4.86	0.8
4.865	0.8
4.87	0.81
4.875	0.81
4.88	0.81
4.885	0.82
4.89	0.82
4.895	0.82
4.9	0.82
4.905	0.82
4.91	0.82
4.915	0.82
4.92	0.82
4.925	0.82
4.93	0.82
4.935	0.82
4.94	0.82
4.945	0.82
4.95	0.82
4.955	0.82
4.96	0.82
4.965	0.83
4.97	0.83
4.975	0.83
4.98	0.83
4.985	0.83
4.99	0.83
4.995	0.83
5	0.83
5.005	0.83
5.01	0.83
5.015	0.83
5.02	0.83
5.025	0.84
5.03	0.84
5.035	0.84
5.04	0.84
5.045	0.84
5.05	0.84
5.055	0.84
5.06	0.84
5.065	0.84
5.07	0.84
5.075	0.84
5.08	0.84
5.085	0.84
5.09	0.84
5.095	0.85
5.1	0.85
5.105	0.85
5.11	0.85
5.115	0.85
5.12	0.85
5.125	0.85
5.13	0.85
5.135	0.85
5.14	0.85
5.145	0.85
5.15	0.85
5.155	0.85
5.16	0.85
5.165	0.86
5.17	0.86
5.175	0.86
5.18	0.86
5.185	0.86
5.19	0.86
5.195	0.86
5.2	0.86
5.205	0.86
5.21	0.86
5.215	0.86
5.22	0.86
5.225	0.86
5.23	0.86
5.235	0.87
5.24	0.87
5.245	0.87
5.25	0.87
5.255	0.87
5.26	0.87
5.265	0.87
5.27	0.87
5.275	0.87
5.28	0.87
5.285	0.87
5.29	0.87
5.295	0.87
5.3	0.87
5.305	0.88
5.31	0.88
5.315	0.88
5.32	0.88
5.325	0.88
5.33	0.88
5.335	0.88
5.34	0.88
5.345	0.88
5.35	0.88
5.355	0.88
5.36	0.88
5.365	0.88
5.37	0.88
5.375	0.88
5.38	0.89
5.385	0.89
5.39	0.89
5.395	0.89
5.4	0.89
5.405	0.89
5.41	0.89
5.415	0.89
5.42	0.89
5.425	0.89
5.43	0.89
5.435	0.89
5.44	0.89
5.445	0.89
5.45	0.9
5.455	0.9
5.46	0.9
5.465	0.9
5.47	0.9
5.475	0.9
5.48	0.9
5.485	0.9
5.49	0.9
5.495	0.9
5.5	0.9
5.505	0.9
5.51	0.9
5.515	0.91
5.52	0.91
5.525	0.91
5.53	0.91
5.535	0.91
5.54	0.91
5.545	0.91
5.55	0.91
5.555	0.91
5.56	0.91
5.565	0.91
5.57	0.91
5.575	0.91
5.58	0.92
5.585	0.92
5.59	0.92
5.595	0.92
5.6	0.92
5.605	0.92
5.61	0.92
5.615	0.92
5.62	0.92
5.625	0.92
5.63	0.92
5.635	0.92
5.64	0.92
5.645	0.92
5.65	0.93
5.655	0.93
5.66	0.93
5.665	0.93
5.67	0.93
5.675	0.93
5.68	0.93
5.685	0.93
5.69	0.93
5.695	0.93
5.7	0.93
5.705	0.93
5.71	0.93
5.715	0.93
5.72	0.94
5.725	0.94
5.73	0.94
5.735	0.94
5.74	0.94
5.745	0.94
5.75	0.94
5.755	0.94
5.76	0.94
5.765	0.94
5.77	0.94
5.775	0.94
5.78	0.94
5.785	0.94
5.79	0.95
5.795	0.95
5.8	0.95
5.805	0.95
5.81	0.95
5.815	0.95
5.82	0.95
5.825	0.95
5.83	0.95
5.835	0.95
5.84	0.95
5.845	0.95
5.85	0.95
5.855	0.95
5.86	0.96
5.865	0.96
5.87	0.96
5.875	0.96
5.88	0.96
5.885	0.96
5.89	0.96
5.895	0.96
5.9	0.96
5.905	0.96
5.91	0.96
5.915	0.96
5.92	0.96
5.925	0.97
5.93	0.97
5.935	0.97
5.94	0.97
5.945	0.97
5.95	0.97
5.955	0.97
5.96	0.97
5.965	0.97
5.97	0.97
5.975	0.97
5.98	0.97
5.985	0.97
5.99	0.97
5.995	0.98
6	0.98
6.005	0.98
6.01	0.98
6.015	0.98
6.02	0.98
6.025	0.98
6.03	0.98
6.035	0.98
6.04	0.98
6.045	0.98
6.05	0.98
6.055	0.98
6.06	0.99
6.065	0.99
6.07	0.99
6.075	0.99
6.08	0.99
6.085	0.99
6.09	0.99
6.095	0.99
6.1	0.99
6.105	0.99
6.11	0.99
6.115	0.99
6.12	0.99
6.125	0.99
6.13	1
6.135	1
6.14	1
6.145	1
6.15	1
6.155	1
6.16	1
6.165	1
6.17	1
6.175	1
6.18	1
6.185	1
6.19	1
6.195	1.01
6.2	1.01
6.205	1.01
6.21	1.01
6.215	1.01
6.22	1.01
6.225	1.01
6.23	1.01
6.235	1.01
6.24	1.01
6.245	1.01
6.25	1.01
6.255	1.01
6.26	1.01
6.265	1.02
6.27	1.02
6.275	1.02
6.28	1.02
6.285	1.02
6.29	1.02
6.295	1.02
6.3	1.02
6.305	1.02
6.31	1.02
6.315	1.02
6.32	1.02
6.325	1.02
6.33	1.03
6.335	1.03
6.34	1.03
6.345	1.03
6.35	1.03
6.355	1.03
6.36	1.03
6.365	1.03
6.37	1.03
6.375	1.03
6.38	1.03
6.385	1.03
6.39	1.03
6.395	1.04
6.4	1.04
6.405	1.04
6.41	1.04
6.415	1.04
6.42	1.04
6.425	1.04
6.43	1.04
6.435	1.04
6.44	1.04
6.445	1.04
6.45	1.04
6.455	1.04
6.46	1.04
6.465	1.05
6.47	1.05
6.475	1.05
6.48	1.05
6.485	1.05
6.49	1.05
6.495	1.05
6.5	1.05
6.505	1.05
6.51	1.05
6.515	1.05
6.52	1.05
6.525	1.06
6.53	1.06
6.535	1.06
6.54	1.06
6.545	1.06
6.55	1.06
6.555	1.06
6.56	1.06
6.565	1.06
6.57	1.06
6.575	1.06
6.58	1.06
6.585	1.06
6.59	1.06
6.595	1.07
6.6	1.07
6.605	1.07
6.61	1.07
6.615	1.07
6.62	1.07
6.625	1.07
6.63	1.07
6.635	1.07
6.64	1.07
6.645	1.07
6.65	1.07
6.655	1.07
6.66	1.07
6.665	1.08
6.67	1.08
6.675	1.08
6.68	1.08
6.685	1.08
6.69	1.08
6.695	1.08
6.7	1.08
6.705	1.08
6.71	1.08
6.715	1.08
6.72	1.08
6.725	1.08
6.73	1.09
6.735	1.09
6.74	1.09
6.745	1.09
6.75	1.09
6.755	1.09
6.76	1.09
6.765	1.09
6.77	1.09
6.775	1.09
6.78	1.09
6.785	1.09
6.79	1.09
6.795	1.09
6.8	1.1
6.805	1.1
6.81	1.1
6.815	1.1
6.82	1.1
6.825	1.1
6.83	1.1
6.835	1.1
6.84	1.1
6.845	1.1
6.85	1.1
6.855	1.1
6.86	1.1
6.865	1.1
6.87	1.11
6.875	1.11
6.88	1.11
6.885	1.11
6.89	1.11
6.895	1.11
6.9	1.11
6.905	1.11
6.91	1.11
6.915	1.11
6.92	1.11
6.925	1.11
6.93	1.11
6.935	1.11
6.94	1.11
6.945	1.11
6.95	1.11
6.955	1.11
6.96	1.11
6.965	1.12
6.97	1.12
6.975	1.12
6.98	1.12
6.985	1.12
6.99	1.12
6.995	1.12
7	1.12
7.005	1.12
7.01	1.12
7.015	1.12
7.02	1.12
7.025	1.12
7.03	1.13
7.035	1.13
7.04	1.13
7.045	1.13
7.05	1.13
7.055	1.13
7.06	1.13
7.065	1.13
7.07	1.13
7.075	1.13
7.08	1.13
7.085	1.13
7.09	1.13
7.095	1.13
7.1	1.14
7.105	1.14
7.11	1.14
7.115	1.14
7.12	1.14
7.125	1.14
7.13	1.14
7.135	1.14
7.14	1.14
7.145	1.14
7.15	1.14
7.155	1.14
7.16	1.14
7.165	1.14
7.17	1.15
7.175	1.15
7.18	1.15
7.185	1.15
7.19	1.15
7.195	1.15
7.2	1.15
7.205	1.15
7.21	1.15
7.215	1.15
7.22	1.15
7.225	1.15
7.23	1.15
7.235	1.15
7.24	1.15
7.245	1.16
7.25	1.16
7.255	1.16
7.26	1.16
7.265	1.16
7.27	1.16
7.275	1.16
7.28	1.16
7.285	1.16
7.29	1.16
7.295	1.16
7.3	1.16
7.305	1.16
7.31	1.16
7.315	1.16
7.32	1.17
7.325	1.17
7.33	1.17
7.335	1.17
7.34	1.17
7.345	1.17
7.35	1.17
7.355	1.17
7.36	1.17
7.365	1.17
7.37	1.17
7.375	1.17
7.38	1.17
7.385	1.17
7.39	1.17
7.395	1.18
7.4	1.18
7.405	1.18
7.41	1.18
7.415	1.18
7.42	1.18
7.425	1.18
7.43	1.18
7.435	1.18
7.44	1.18
7.445	1.18
7.45	1.18
7.455	1.18
7.46	1.18
7.465	1.19
7.47	1.19
7.475	1.19
7.48	1.19
7.485	1.19
7.49	1.19
7.495	1.19
7.5	1.19
7.505	1.19
7.51	1.19
7.515	1.19
7.52	1.19
7.525	1.19
7.53	1.19
7.535	1.2
7.54	1.2
7.545	1.2
7.55	1.2
7.555	1.2
7.56	1.2
7.565	1.2
7.57	1.2
7.575	1.2
7.58	1.2
7.585	1.2
7.59	1.2
7.595	1.2
7.6	1.2
7.605	1.2
7.61	1.21
7.615	1.21
7.62	1.21
7.625	1.21
7.63	1.21
7.635	1.21
7.64	1.21
7.645	1.21
7.65	1.21
7.655	1.21
7.66	1.21
7.665	1.21
7.67	1.21
7.675	1.22
7.68	1.22
7.685	1.22
7.69	1.22
7.695	1.22
7.7	1.22
7.705	1.22
7.71	1.22
7.715	1.22
7.72	1.22
7.725	1.22
7.73	1.22
7.735	1.22
7.74	1.22
7.745	1.22
7.75	1.23
7.755	1.23
7.76	1.23
7.765	1.23
7.77	1.23
7.775	1.23
7.78	1.23
7.785	1.23
7.79	1.23
7.795	1.23
7.8	1.23
7.805	1.23
7.81	1.23
7.815	1.23
7.82	1.23
7.825	1.24
7.83	1.24
7.835	1.24
7.84	1.24
7.845	1.24
7.85	1.24
7.855	1.24
7.86	1.24
7.865	1.24
7.87	1.24
7.875	1.24
7.88	1.25
7.885	1.25
7.89	1.25
7.895	1.25
7.9	1.25
7.905	1.25
7.91	1.25
7.915	1.25
7.92	1.25
7.925	1.25
7.93	1.26
7.935	1.26
7.94	1.26
7.945	1.26
7.95	1.26
7.955	1.26
7.96	1.26
7.965	1.26
7.97	1.26
7.975	1.26
7.98	1.26
7.985	1.26
7.99	1.26
7.995	1.26
8	1.27
8.005	1.27
8.01	1.27
8.015	1.27
8.02	1.27
8.025	1.27
8.03	1.27
8.035	1.27
8.04	1.27
8.045	1.27
8.05	1.27
8.055	1.27
8.06	1.27
8.065	1.27
8.07	1.28
8.075	1.28
8.08	1.28
8.085	1.28
8.09	1.28
8.095	1.28
8.1	1.28
8.105	1.28
8.11	1.28
8.115	1.28
8.12	1.28
8.125	1.28
8.13	1.28
8.135	1.28
8.14	1.28
8.145	1.28
8.15	1.28
8.155	1.28
8.16	1.28
8.165	1.28
8.17	1.28
8.175	1.29
8.18	1.29
8.185	1.29
8.19	1.29
8.195	1.29
8.2	1.29
8.205	1.29
8.21	1.29
8.215	1.29
8.22	1.29
8.225	1.29
8.23	1.29
8.235	1.29
8.24	1.29
8.245	1.3
8.25	1.3
8.255	1.3
8.26	1.3
8.265	1.3
8.27	1.3
8.275	1.3
8.28	1.3
8.285	1.3
8.29	1.3
8.295	1.3
8.3	1.3
8.305	1.3
8.31	1.3
8.315	1.3
8.32	1.31
8.325	1.31
8.33	1.31
8.335	1.31
8.34	1.31
8.345	1.31
8.35	1.31
8.355	1.31
8.36	1.31
8.365	1.31
8.37	1.31
8.375	1.31
8.38	1.31
8.385	1.31
8.39	1.31
8.395	1.32
8.4	1.32
8.405	1.32
8.41	1.32
8.415	1.32
8.42	1.32
8.425	1.32
8.43	1.32
8.435	1.32
8.44	1.32
8.445	1.32
8.45	1.32
8.455	1.32
8.46	1.32
8.465	1.33
8.47	1.33
8.475	1.33
8.48	1.33
8.485	1.33
8.49	1.33
8.495	1.33
8.5	1.33
8.505	1.33
8.51	1.33
8.515	1.33
8.52	1.33
8.525	1.33
8.53	1.33
8.535	1.34
8.54	1.34
8.545	1.34
8.55	1.34
8.555	1.34
8.56	1.34
8.565	1.34
8.57	1.34
8.575	1.34
8.58	1.34
8.585	1.34
8.59	1.34
8.595	1.34
8.6	1.34
8.605	1.34
8.61	1.35
8.615	1.35
8.62	1.35
8.625	1.35
8.63	1.35
8.635	1.35
8.64	1.35
8.645	1.35
8.65	1.35
8.655	1.35
8.66	1.35
8.665	1.35
8.67	1.35
8.675	1.35
8.68	1.36
8.685	1.36
8.69	1.36
8.695	1.36
8.7	1.36
8.705	1.36
8.71	1.36
8.715	1.36
8.72	1.36
8.725	1.36
8.73	1.36
8.735	1.36
8.74	1.36
8.745	1.36
8.75	1.36
8.755	1.36
8.76	1.37
8.765	1.37
8.77	1.37
8.775	1.37
8.78	1.37
8.785	1.37
8.79	1.37
8.795	1.37
8.8	1.37
8.805	1.37
8.81	1.37
8.815	1.37
8.82	1.37
8.825	1.37
8.83	1.37
8.835	1.38
8.84	1.38
8.845	1.38
8.85	1.38
8.855	1.38
8.86	1.38
8.865	1.38
8.87	1.38
8.875	1.38
8.88	1.38
8.885	1.38
8.89	1.38
8.895	1.38
8.9	1.38
8.905	1.38
8.91	1.39
8.915	1.39
8.92	1.39
8.925	1.39
8.93	1.39
8.935	1.39
8.94	1.39
8.945	1.39
8.95	1.39
8.955	1.39
8.96	1.39
8.965	1.39
8.97	1.39
8.975	1.39
8.98	1.39
8.985	1.4
8.99	1.4
8.995	1.4
9	1.4
9.005	1.4
9.01	1.4
9.015	1.4
9.02	1.4
9.025	1.4
9.03	1.4
9.035	1.4
9.04	1.4
9.045	1.4
9.05	1.4
9.055	1.4
9.06	1.41
9.065	1.41
9.07	1.41
9.075	1.41
9.08	1.41
9.085	1.41
9.09	1.41
9.095	1.41
9.1	1.41
9.105	1.41
9.11	1.41
9.115	1.41
9.12	1.41
9.125	1.41
9.13	1.41
9.135	1.42
9.14	1.42
9.145	1.42
9.15	1.42
9.155	1.42
9.16	1.42
9.165	1.42
9.17	1.42
9.175	1.42
9.18	1.42
9.185	1.42
9.19	1.42
9.195	1.42
9.2	1.42
9.205	1.42
9.21	1.42
9.215	1.43
9.22	1.43
9.225	1.43
9.23	1.43
9.235	1.43
9.24	1.43
9.245	1.43
9.25	1.43
9.255	1.43
9.26	1.43
9.265	1.43
9.27	1.43
9.275	1.43
9.28	1.43
9.285	1.43
9.29	1.43
9.295	1.44
9.3	1.44
9.305	1.44
9.31	1.44
9.315	1.44
9.32	1.44
9.325	1.44
9.33	1.44
9.335	1.44
9.34	1.44
9.345	1.44
9.35	1.44
9.355	1.44
9.36	1.44
9.365	1.44
9.37	1.44
9.375	1.44
9.38	1.44
9.385	1.44
9.39	1.44
9.395	1.44
9.4	1.44
9.405	1.44
9.41	1.45
9.415	1.45
9.42	1.45
9.425	1.45
9.43	1.45
9.435	1.45
9.44	1.45
9.445	1.45
9.45	1.45
9.455	1.45
9.46	1.45
9.465	1.45
9.47	1.45
9.475	1.45
9.48	1.45
9.485	1.45
9.49	1.46
9.495	1.46
9.5	1.46
9.505	1.46
9.51	1.46
9.515	1.46
9.52	1.46
9.525	1.46
9.53	1.46
9.535	1.46
9.54	1.46
9.545	1.46
9.55	1.46
9.555	1.47
9.56	1.47
9.565	1.47
9.57	1.47
9.575	1.47
9.58	1.47
9.585	1.47
9.59	1.47
9.595	1.47
9.6	1.47
9.605	1.47
9.61	1.47
9.615	1.47
9.62	1.47
9.625	1.47
9.63	1.47
9.635	1.48
9.64	1.48
9.645	1.48
9.65	1.48
9.655	1.48
9.66	1.48
9.665	1.48
9.67	1.48
9.675	1.48
9.68	1.48
9.685	1.48
9.69	1.48
9.695	1.48
9.7	1.48
9.705	1.49
9.71	1.49
9.715	1.49
9.72	1.49
9.725	1.49
9.73	1.49
9.735	1.49
9.74	1.49
9.745	1.49
9.75	1.49
9.755	1.49
9.76	1.49
9.765	1.49
9.77	1.49
9.775	1.49
9.78	1.49
9.785	1.5
9.79	1.5
9.795	1.5
9.8	1.5
9.805	1.5
9.81	1.5
9.815	1.5
9.82	1.5
9.825	1.5
9.83	1.5
9.835	1.5
9.84	1.5
9.845	1.5
9.85	1.5
9.855	1.5
9.86	1.5
9.865	1.51
9.87	1.51
9.875	1.51
9.88	1.51
9.885	1.51
9.89	1.51
9.895	1.51
9.9	1.51
9.905	1.51
9.91	1.51
9.915	1.51
9.92	1.51
9.925	1.51
9.93	1.51
9.935	1.51
9.94	1.51
9.945	1.52
9.95	1.52
9.955	1.52
9.96	1.52
9.965	1.52
9.97	1.52
9.975	1.52
9.98	1.52
9.985	1.52
9.99	1.52
9.995	1.52
10	1.52
