0.005	1
0.01	0.106635
0.015	0.0642118
0.02	0.0448364
0.025	0.0342908
0.03	0.0278083
0.035	0.025128
0.04	0.0248262
0.045	0.0260746
0.05	0.0272411
0.055	0.0282717
0.06	0.0294888
0.065	0.0301756
0.07	0.0305661
0.075	0.0311181
0.08	0.0314037
0.085	0.0315381
0.09	0.0315936
0.095	0.0316265
0.1	0.0316859
0.105	0.0318813
0.11	0.0317568
0.115	0.0327273
0.12	0.026007
0.125	0.0229699
0.13	0.026863
0.135	0.0280233
0.14	0.0297466
0.145	0.0267786
0.15	0.027268
0.155	0.0311293
0.16	0.0293126
0.165	0.0229117
0.17	0.0255889
0.175	0.024446
0.18	0.0244438
0.185	0.0239421
0.19	0.0251188
0.195	0.0221078
0.2	0.0217813
0.205	0.0235464
0.21	0.0206332
0.215	0.0253338
0.22	0.0218764
0.225	0.0199477
0.23	0.0195528
0.235	0.0191009
0.24	0.0193605
0.245	0.019095
0.25	0.0199448
0.255	0.0192681
0.26	0.0172257
0.265	0.0164961
0.27	0.0157569
0.275	0.015282
0.28	0.0164908
0.285	0.0143105
0.29	0.0143771
0.295	0.0119492
0.3	0.0111885
0.305	0.0117289
0.31	0.0108942
0.315	0.0104602
0.32	0.0102322
0.325	0.0103217
0.33	0.0111369
0.335	0.0103948
0.34	0.0100648
0.345	0.009187
0.35	0.0116749
0.355	0.0109427
0.36	0.0094163
0.365	0.00795608
0.37	0.00766279
0.375	0.00937007
0.38	0.00682149
0.385	0.00682026
0.39	0.00660976
0.395	0.00601002
0.4	0.00577251
0.405	0.00578995
0.41	0.00584013
0.415	0.00604259
0.42	0.00647696
0.425	0.00645493
0.43	0.00619096
0.435	0.00599359
0.44	0.00604476
0.445	0.00600286
0.45	0.00626925
0.455	0.00677247
0.46	0.00655949
0.465	0.00710897
0.47	0.00832766
0.475	0.00746647
0.48	0.00801068
0.485	0.00821427
0.49	0.00812282
0.495	0.00585128
0.5	0.00584907
0.505	0.00576477
0.51	0.00466457
0.515	0.00511071
0.52	0.00695874
0.525	0.00535617
0.53	0.0057751
0.535	0.00610971
0.54	0.00463326
0.545	0.00451884
0.55	0.00472451
0.555	0.00522275
0.56	0.00472843
0.565	0.00473516
0.57	0.00460992
0.575	0.00560586
0.58	0.00517867
0.585	0.00529294
0.59	0.00487935
0.595	0.00561733
0.6	0.00615274
0.605	0.00608247
0.61	0.00539191
0.615	0.00538559
0.62	0.00540038
0.625	0.00407621
0.63	0.00389749
0.635	0.00402981
0.64	0.0039117
0.645	0.00407997
0.65	0.00435329
0.655	0.00385485
0.66	0.00417587
0.665	0.00416668
0.67	0.00407692
0.675	0.00391637
0.68	0.003702
0.685	0.00372522
0.69	0.00349106
0.695	0.00350945
0.7	0.00398122
0.705	0.0036335
0.71	0.00383616
0.715	0.00466474
0.72	0.00556612
0.725	0.00564468
0.73	0.00446063
0.735	0.00430517
0.74	0.00380143
0.745	0.00394243
0.75	0.00377136
0.755	0.00391927
0.76	0.00411275
0.765	0.00335262
0.77	0.00342611
0.775	0.00316415
0.78	0.00310061
0.785	0.00348535
0.79	0.00322237
0.795	0.00308827
0.8	0.0030646
0.805	0.00308003
0.81	0.00349263
0.815	0.00371688
0.82	0.00292922
0.825	0.00354658
0.83	0.00292634
0.835	0.00294863
0.84	0.00336333
0.845	0.0042397
0.85	0.00426094
0.855	0.00441486
0.86	0.00338147
0.865	0.00406068
0.87	0.00357444
0.875	0.00290325
0.88	0.00288758
0.885	0.00312674
0.89	0.00325416
0.895	0.00288111
0.9	0.003142
0.905	0.0033185
0.91	0.00329805
0.915	0.00283845
0.92	0.00298511
0.925	0.0028512
0.93	0.00321754
0.935	0.00301199
0.94	0.00278715
0.945	0.00252944
0.95	0.00252854
0.955	0.00256448
0.96	0.00274561
0.965	0.00296171
0.97	0.0034154
0.975	0.00255696
0.98	0.0027692
0.985	0.00294577
0.99	0.00334896
0.995	0.00259892
1	0.00265727
1.005	0.00256457
1.01	0.00279635
1.015	0.00294128
1.02	0.00298589
1.025	0.00246189
1.03	0.00241209
1.035	0.00229287
1.04	0.00225649
1.045	0.00232079
1.05	0.00234355
1.055	0.00221643
1.06	0.00221209
1.065	0.0021888
1.07	0.00224243
1.075	0.00244296
1.08	0.00234164
1.085	0.00240869
1.09	0.00273275
1.095	0.00223041
1.1	0.00223131
1.105	0.0022962
1.11	0.00216531
1.115	0.00221156
1.12	0.00233753
1.125	0.00209016
1.13	0.00210516
1.135	0.00219665
1.14	0.00237975
1.145	0.00213313
1.15	0.00310597
1.155	0.00249734
1.16	0.00206938
1.165	0.00223505
1.17	0.00215471
1.175	0.00212487
1.18	0.00199465
1.185	0.00211115
1.19	0.00201673
1.195	0.00255591
1.2	0.00214518
1.205	0.0019141
1.21	0.00220966
1.215	0.00223646
1.22	0.00225715
1.225	0.00211545
1.23	0.00231309
1.235	0.00216771
1.24	0.00206764
1.245	0.00209951
1.25	0.00192911
1.255	0.00195597
1.26	0.00227657
1.265	0.00177792
1.27	0.00181154
1.275	0.00209507
1.28	0.00217724
1.285	0.00187906
1.29	0.00207432
1.295	0.00191502
1.3	0.00218598
1.305	0.00191732
1.31	0.00205182
1.315	0.00199087
1.32	0.00220558
1.325	0.00183891
1.33	0.0018401
1.335	0.00179632
1.34	0.00207739
1.345	0.00236803
1.35	0.0022002
1.355	0.00217685
1.36	0.00201556
1.365	0.0025097
1.37	0.00186773
1.375	0.00162824
1.38	0.00164224
1.385	0.00169675
1.39	0.00158436
1.395	0.00184326
1.4	0.00152189
1.405	0.00151554
1.41	0.00151738
1.415	0.00153561
1.42	0.00164056
1.425	0.00167048
1.43	0.00176556
1.435	0.001654
1.44	0.00153122
1.445	0.00168423
1.45	0.00153236
1.455	0.00148995
1.46	0.00151386
1.465	0.00142421
1.47	0.00141818
1.475	0.00141891
1.48	0.00145322
1.485	0.00144818
1.49	0.00138165
1.495	0.00138866
1.5	0.00146659
1.505	0.00151474
1.51	0.00134252
1.515	0.00134123
1.52	0.00136229
1.525	0.00137999
1.53	0.00131804
1.535	0.00131511
1.54	0.00131529
1.545	0.00137083
1.55	0.0013636
1.555	0.00130434
1.56	0.001317
1.565	0.00127666
1.57	0.00127576
1.575	0.00136712
1.58	0.00138381
1.585	0.00123929
1.59	0.00124785
1.595	0.00120582
1.6	0.0011985
1.605	0.00119351
1.61	0.00119452
1.615	0.00119868
1.62	0.00120269
1.625	0.00120764
1.63	0.00120245
1.635	0.00123987
1.64	0.00121228
1.645	0.0011833
1.65	0.00120922
1.655	0.00126458
1.66	0.00114929
1.665	0.00132676
1.67	0.00161798
1.675	0.00160628
1.68	0.00163888
1.685	0.00141926
1.69	0.00171733
1.695	0.00159149
1.7	0.00130284
1.705	0.00163667
1.71	0.00150939
1.715	0.00138795
1.72	0.00135351
1.725	0.00114594
1.73	0.00117967
1.735	0.00102752
1.74	0.00103647
1.745	0.00106985
1.75	0.00116535
1.755	0.00132392
1.76	0.00107521
1.765	0.00105898
1.77	0.00112449
1.775	0.00113777
1.78	0.00131472
1.785	0.0010604
1.79	0.000993401
1.795	0.000985717
1.8	0.0010561
1.805	0.000993286
1.81	0.0010165
1.815	0.00095115
1.82	0.000946381
1.825	0.000959284
1.83	0.00100627
1.835	0.00108502
1.84	0.00113108
1.845	0.000946527
1.85	0.000953633
1.855	0.000973798
1.86	0.00098661
1.865	0.000924273
1.87	0.000969467
1.875	0.000941162
1.88	0.000960685
1.885	0.00100742
1.89	0.000970527
1.895	0.000961795
1.9	0.000914484
1.905	0.000959706
1.91	0.00088111
1.915	0.000855192
1.92	0.000843578
1.925	0.000857831
1.93	0.000834374
1.935	0.000825335
1.94	0.000821049
1.945	0.000817289
1.95	0.000813887
1.955	0.000810762
1.96	0.000808179
1.965	0.000806738
1.97	0.000808246
1.975	0.000823244
1.98	0.000850975
1.985	0.000881205
1.99	0.000973779
1.995	0.000821437
2	0.000783841
2.005	0.000793771
2.01	0.000769591
2.015	0.00076634
2.02	0.000781881
2.025	0.000780196
2.03	0.00076027
2.035	0.00075065
2.04	0.000747631
2.045	0.000744685
2.05	0.000741778
2.055	0.000738967
2.06	0.000736251
2.065	0.000733622
2.07	0.000733879
2.075	0.000747779
2.08	0.000856313
2.085	0.00100645
2.09	0.000874336
2.095	0.000904708
2.1	0.000972631
2.105	0.000948724
2.11	0.000843652
2.115	0.000811973
2.12	0.00077734
2.125	0.000814462
2.13	0.000798055
2.135	0.000761502
2.14	0.0010027
2.145	0.000812748
2.15	0.000936778
2.155	0.000704285
2.16	0.000696988
2.165	0.00070065
2.17	0.000724289
2.175	0.000707375
2.18	0.000726805
2.185	0.000708256
2.19	0.000800025
2.195	0.000735779
2.2	0.000806966
2.205	0.000752071
2.21	0.00110138
2.215	0.000730118
2.22	0.0006807
2.225	0.000684958
2.23	0.000660001
2.235	0.00069441
2.24	0.000679653
2.245	0.000715974
2.25	0.000669836
2.255	0.000722571
2.26	0.000647302
2.265	0.000645731
2.27	0.00064668
2.275	0.000653425
2.28	0.000675312
2.285	0.000689766
2.29	0.000661275
2.295	0.000726361
2.3	0.000746264
2.305	0.000750649
2.31	0.000790847
2.315	0.000721575
2.32	0.00064526
2.325	0.000770205
2.33	0.000629418
2.335	0.000607798
2.34	0.00060418
2.345	0.000601892
2.35	0.000601748
2.355	0.00060342
2.36	0.000609026
2.365	0.000630936
2.37	0.000599202
2.375	0.000683512
2.38	0.000612087
2.385	0.000589928
2.39	0.000590672
2.395	0.000604666
2.4	0.000621213
2.405	0.000634737
2.41	0.000681826
2.415	0.00073679
2.42	0.000698053
2.425	0.000594424
2.43	0.000599093
2.435	0.00062727
2.44	0.000640368
2.445	0.000695102
2.45	0.000606606
2.455	0.000592707
2.46	0.000609662
2.465	0.000659446
2.47	0.000568225
2.475	0.000569522
2.48	0.000572104
2.485	0.000577907
2.49	0.000576044
2.495	0.000610098
2.5	0.000591422
2.505	0.000604775
2.51	0.000658271
2.515	0.000676565
2.52	0.000635229
2.525	0.000548615
2.53	0.000614183
2.535	0.000553269
2.54	0.000548286
2.545	0.000557062
2.55	0.000550239
2.555	0.000528382
2.56	0.000520828
2.565	0.00051755
2.57	0.000515488
2.575	0.000514232
2.58	0.000512772
2.585	0.000573105
2.59	0.000562751
2.595	0.000512122
2.6	0.000506857
2.605	0.000506982
2.61	0.000508743
2.615	0.000514996
2.62	0.000538807
2.625	0.000523731
2.63	0.000563334
2.635	0.00050712
2.64	0.00049293
2.645	0.000491651
2.65	0.000490297
2.655	0.000489142
2.66	0.000488204
2.665	0.000487475
2.67	0.00048695
2.675	0.000486719
2.68	0.000489657
2.685	0.000480949
2.69	0.000480002
2.695	0.000481626
2.7	0.000485007
2.705	0.000483919
2.71	0.000482153
2.715	0.000457126
2.72	0.000449463
2.725	0.000447419
2.73	0.000447818
2.735	0.000450716
2.74	0.000465347
2.745	0.000479822
2.75	0.000521713
2.755	0.000475039
2.76	0.00051526
2.765	0.000443128
2.77	0.00052985
2.775	0.000460208
2.78	0.000445688
2.785	0.000426433
2.79	0.000428026
2.795	0.000422633
2.8	0.000421495
2.805	0.000419295
2.81	0.000417505
2.815	0.000416071
2.82	0.000415106
2.825	0.000414731
2.83	0.000415397
2.835	0.000418377
2.84	0.000428292
2.845	0.000416105
2.85	0.000441057
2.855	0.000457975
2.86	0.000394857
2.865	0.000403122
2.87	0.000391835
2.875	0.000390286
2.88	0.00038882
2.885	0.000387316
2.89	0.000385767
2.895	0.000384162
2.9	0.000382514
2.905	0.000381032
2.91	0.000379671
2.915	0.000378406
2.92	0.000377304
2.925	0.000376504
2.93	0.00037631
2.935	0.000377567
2.94	0.000383168
2.945	0.000390609
2.95	0.000375772
2.955	0.000400338
2.96	0.00036206
2.965	0.000357053
2.97	0.000355645
2.975	0.000353928
2.98	0.000352281
2.985	0.000350594
2.99	0.000349346
2.995	0.000347365
3	0.000345718
3.005	0.000344079
3.01	0.00034242
3.015	0.000340802
3.02	0.000339202
3.025	0.000337602
3.03	0.000347436
3.035	0.000335563
3.04	0.000337343
3.045	0.000332802
3.05	0.000333291
3.055	0.000330149
3.06	0.000329758
3.065	0.000327431
3.07	0.000326566
3.075	0.000324651
3.08	0.000323507
3.085	0.000321814
3.09	0.000320524
3.095	0.000318954
3.1	0.000317593
3.105	0.000316095
3.11	0.000314655
3.115	0.00031327
3.12	0.000311969
3.125	0.000310649
3.13	0.000309373
3.135	0.000308118
3.14	0.000306897
3.145	0.000305698
3.15	0.00030454
3.155	0.000303429
3.16	0.000302374
3.165	0.000301383
3.17	0.000300517
3.175	0.00029978
3.18	0.000299197
3.185	0.000298838
3.19	0.000312361
3.195	0.000291202
3.2	0.000284401
3.205	0.000274924
3.21	0.000274875
3.215	0.000274169
3.22	0.000273161
3.225	0.000272237
3.23	0.00030909
3.235	0.000279121
3.24	0.00026587
3.245	0.0002668
3.25	0.000266151
3.255	0.000265312
3.26	0.000264527
3.265	0.000256235
3.27	0.000277994
3.275	0.000255083
3.28	0.000246134
3.285	0.000241454
3.29	0.000240449
3.295	0.00023946
3.3	0.000238495
3.305	0.000237485
3.31	0.000236467
3.315	0.000235434
3.32	0.00023438
3.325	0.000233305
3.33	0.000232205
3.335	0.000231084
3.34	0.000229957
3.345	0.000228808
3.35	0.000227656
3.355	0.000226484
3.36	0.000225293
3.365	0.000224096
3.37	0.000222889
3.375	0.000221666
3.38	0.000220428
3.385	0.000219179
3.39	0.000217917
3.395	0.000216655
3.4	0.000215416
3.405	0.000214169
3.41	0.000212911
3.415	0.000211653
3.42	0.000210395
3.425	0.000209134
3.43	0.000207877
3.435	0.000206613
3.44	0.000205344
3.445	0.000204074
3.45	0.000202817
3.455	0.000202048
3.46	0.000198441
3.465	0.000197066
3.47	0.000195342
3.475	0.000193957
3.48	0.000192628
3.485	0.000191329
3.49	0.00019005
3.495	0.00018879
3.5	0.000187543
3.505	0.000186309
3.51	0.000185098
3.515	0.000183899
3.52	0.000182707
3.525	0.00018152
3.53	0.000180338
3.535	0.000179161
3.54	0.000177989
3.545	0.00017682
3.55	0.000175654
3.555	0.000174492
3.56	0.000173334
3.565	0.000172191
3.57	0.000171052
3.575	0.000169917
3.58	0.000168788
3.585	0.000167664
3.59	0.000167135
3.595	0.000169334
3.6	0.000165014
3.605	0.00016335
3.61	0.000162297
3.615	0.000161238
3.62	0.000160177
3.625	0.000159114
3.63	0.000158049
3.635	0.000156985
3.64	0.000155921
3.645	0.000154861
3.65	0.000153809
3.655	0.000152759
3.66	0.000151713
3.665	0.000150672
3.67	0.000149632
3.675	0.000148614
3.68	0.000147602
3.685	0.000146608
3.69	0.000145631
3.695	0.000144659
3.7	0.000143696
3.705	0.000143014
3.71	0.000174548
3.715	0.000157996
3.72	0.000161121
3.725	0.000147748
3.73	0.000151267
3.735	0.000139865
3.74	0.000144095
3.745	0.000134394
3.75	0.000138853
3.755	0.000132567
3.76	0.000135182
3.765	0.000131205
3.77	0.000132489
3.775	0.000130157
3.78	0.000130317
3.785	0.00012883
3.79	0.000128466
3.795	0.000127414
3.8	0.000126858
3.805	0.000126044
3.81	0.000134705
3.815	0.000127719
3.82	0.000123594
3.825	0.000121764
3.83	0.00012062
3.835	0.000119658
3.84	0.000118767
3.845	0.000117899
3.85	0.000118513
3.855	0.00011639
3.86	0.00011524
3.865	0.000114427
3.87	0.000113633
3.875	0.000112852
3.88	0.000112077
3.885	0.000111308
3.89	0.000110546
3.895	0.000109791
3.9	0.000109043
3.905	0.000108205
3.91	0.000107393
3.915	0.000106639
3.92	0.000105907
3.925	0.000105185
3.93	0.000105193
3.935	0.000103616
3.94	0.000103767
3.945	0.000102326
3.95	0.000102472
3.955	0.000101548
3.96	0.000100956
3.965	0.000101044
3.97	0.00010407
3.975	9.95659e-05
3.98	9.9148e-05
3.985	9.88789e-05
3.99	9.87877e-05
3.995	9.89947e-05
4	9.78531e-05
4.005	0.000102349
4.01	9.54035e-05
4.015	9.27954e-05
4.02	9.27343e-05
4.025	0.000101863
4.03	9.79832e-05
4.035	9.51528e-05
4.04	9.22937e-05
4.045	9.10565e-05
4.05	8.90102e-05
4.055	8.84144e-05
4.06	8.68637e-05
4.065	8.66094e-05
4.07	8.55364e-05
4.075	0.000101731
4.08	9.20103e-05
4.085	8.93393e-05
4.09	8.5032e-05
4.095	8.51407e-05
4.1	8.29364e-05
4.105	8.35863e-05
4.11	8.13441e-05
4.115	8.08649e-05
4.12	8.02645e-05
4.125	7.97155e-05
4.13	8.38797e-05
4.135	7.87591e-05
4.14	7.89893e-05
4.145	7.75431e-05
4.15	7.74665e-05
4.155	7.64851e-05
4.16	7.61459e-05
4.165	7.54508e-05
4.17	7.49806e-05
4.175	7.44404e-05
4.18	7.39408e-05
4.185	7.34449e-05
4.19	7.29587e-05
4.195	7.24791e-05
4.2	7.2003e-05
4.205	7.15314e-05
4.21	7.10671e-05
4.215	7.06147e-05
4.22	7.01653e-05
4.225	6.97189e-05
4.23	6.92755e-05
4.235	6.88351e-05
4.24	6.83981e-05
4.245	6.79667e-05
4.25	6.75394e-05
4.255	6.71201e-05
4.26	6.6704e-05
4.265	6.62909e-05
4.27	6.58808e-05
4.275	6.54767e-05
4.28	6.5079e-05
4.285	6.46844e-05
4.29	6.42928e-05
4.295	6.3921e-05
4.3	6.35401e-05
4.305	6.31608e-05
4.31	6.27874e-05
4.315	6.242e-05
4.32	6.20559e-05
4.325	6.16997e-05
4.33	6.13462e-05
4.335	6.09954e-05
4.34	6.06482e-05
4.345	6.03047e-05
4.35	5.99638e-05
4.355	5.96259e-05
4.36	5.92925e-05
4.365	5.89625e-05
4.37	5.86377e-05
4.375	5.83173e-05
4.38	5.79999e-05
4.385	5.7686e-05
4.39	5.73745e-05
4.395	5.70658e-05
4.4	5.67615e-05
4.405	5.64616e-05
4.41	5.6167e-05
4.415	5.58777e-05
4.42	5.55911e-05
4.425	5.53067e-05
4.43	5.50242e-05
4.435	5.47462e-05
4.44	5.44706e-05
4.445	5.4197e-05
4.45	5.39254e-05
4.455	5.36557e-05
4.46	5.3388e-05
4.465	5.31221e-05
4.47	5.28582e-05
4.475	5.25965e-05
4.48	5.23376e-05
4.485	5.20822e-05
4.49	5.18286e-05
4.495	5.15767e-05
4.5	5.13273e-05
4.505	5.10809e-05
4.51	5.15134e-05
4.515	5.37495e-05
4.52	5.21713e-05
4.525	5.13356e-05
4.53	5.10558e-05
4.535	5.07771e-05
4.54	5.05336e-05
4.545	5.02924e-05
4.55	5.00588e-05
4.555	4.98325e-05
4.56	4.96091e-05
4.565	4.9391e-05
4.57	4.91757e-05
4.575	4.89626e-05
4.58	4.87524e-05
4.585	4.85451e-05
4.59	4.83411e-05
4.595	4.81386e-05
4.6	4.79394e-05
4.605	4.77423e-05
4.61	4.75474e-05
4.615	4.73582e-05
4.62	4.71717e-05
4.625	4.69879e-05
4.63	4.68075e-05
4.635	4.66326e-05
4.64	4.64586e-05
4.645	4.62853e-05
4.65	4.61128e-05
4.655	4.59424e-05
4.66	4.5773e-05
4.665	4.56045e-05
4.67	4.54369e-05
4.675	4.52698e-05
4.68	4.51041e-05
4.685	4.49405e-05
4.69	4.62799e-05
4.695	4.47062e-05
4.7	4.45192e-05
4.705	4.43336e-05
4.71	4.41687e-05
4.715	4.40059e-05
4.72	4.38479e-05
4.725	4.36903e-05
4.73	4.3534e-05
4.735	4.33781e-05
4.74	4.32228e-05
4.745	4.3068e-05
4.75	4.29138e-05
4.755	4.27618e-05
4.76	4.26121e-05
4.765	4.24634e-05
4.77	4.23149e-05
4.775	4.21668e-05
4.78	4.20197e-05
4.785	4.18749e-05
4.79	4.17303e-05
4.795	4.1586e-05
4.8	4.14427e-05
4.805	4.12997e-05
4.81	4.11568e-05
4.815	4.10141e-05
4.82	4.08722e-05
4.825	4.07315e-05
4.83	4.05915e-05
4.835	4.04518e-05
4.84	4.03127e-05
4.845	4.01743e-05
4.85	4.00363e-05
4.855	3.98991e-05
4.86	3.97626e-05
4.865	3.96266e-05
4.87	3.94906e-05
4.875	3.93547e-05
4.88	3.9219e-05
4.885	3.90833e-05
4.89	3.89484e-05
4.895	3.88142e-05
4.9	3.86823e-05
4.905	3.85504e-05
4.91	3.84184e-05
4.915	3.82864e-05
4.92	3.81544e-05
4.925	3.80224e-05
4.93	3.78904e-05
4.935	3.77586e-05
4.94	3.76272e-05
4.945	3.74958e-05
4.95	3.73649e-05
4.955	3.72339e-05
4.96	3.71029e-05
4.965	3.69719e-05
4.97	3.68408e-05
4.975	3.67103e-05
4.98	3.65805e-05
4.985	3.64506e-05
4.99	3.63207e-05
4.995	3.61908e-05
5	3.60608e-05
5.005	3.59308e-05
5.01	3.58008e-05
5.015	3.61176e-05
5.02	3.54662e-05
5.025	3.58864e-05
5.03	3.52174e-05
5.035	3.56358e-05
5.04	3.49523e-05
5.045	3.53814e-05
5.05	3.49455e-05
5.055	3.48767e-05
5.06	3.47117e-05
5.065	3.46041e-05
5.07	3.44177e-05
5.075	3.57339e-05
5.08	3.44515e-05
5.085	3.39678e-05
5.09	3.3798e-05
5.095	3.3649e-05
5.1	3.35039e-05
5.105	3.33628e-05
5.11	3.32249e-05
5.115	3.30892e-05
5.12	3.2955e-05
5.125	3.28219e-05
5.13	3.26897e-05
5.135	3.25581e-05
5.14	3.2427e-05
5.145	3.22963e-05
5.15	3.21658e-05
5.155	3.20369e-05
5.16	3.19082e-05
5.165	3.17796e-05
5.17	3.16514e-05
5.175	3.15234e-05
5.18	3.13956e-05
5.185	3.12679e-05
5.19	3.11403e-05
5.195	3.10128e-05
5.2	3.08855e-05
5.205	3.07583e-05
5.21	3.06313e-05
5.215	3.05049e-05
5.22	3.03789e-05
5.225	3.02531e-05
5.23	3.01276e-05
5.235	3.00023e-05
5.24	2.9875e-05
5.245	2.97504e-05
5.25	2.96256e-05
5.255	2.95011e-05
5.26	2.93781e-05
5.265	2.92556e-05
5.27	2.91334e-05
5.275	2.9742e-05
5.28	3.00082e-05
5.285	2.88938e-05
5.29	2.84918e-05
5.295	2.82799e-05
5.3	2.81288e-05
5.305	2.79971e-05
5.31	2.78711e-05
5.315	2.77468e-05
5.32	2.76233e-05
5.325	2.75002e-05
5.33	2.73779e-05
5.335	2.72567e-05
5.34	2.71226e-05
5.345	2.70095e-05
5.35	2.68904e-05
5.355	2.6772e-05
5.36	2.66543e-05
5.365	2.65373e-05
5.37	2.64211e-05
5.375	2.63061e-05
5.38	2.61919e-05
5.385	2.60784e-05
5.39	2.59649e-05
5.395	2.58515e-05
5.4	2.57392e-05
5.405	2.56281e-05
5.41	2.55171e-05
5.415	2.56766e-05
5.42	3.01845e-05
5.425	2.75235e-05
5.43	2.76062e-05
5.435	2.57953e-05
5.44	2.53945e-05
5.445	2.51817e-05
5.45	2.5009e-05
5.455	2.48553e-05
5.46	2.471e-05
5.465	2.45718e-05
5.47	2.44393e-05
5.475	2.43106e-05
5.48	2.41853e-05
5.485	2.40626e-05
5.49	2.39419e-05
5.495	2.38231e-05
5.5	2.37063e-05
5.505	2.35908e-05
5.51	2.34763e-05
5.515	2.33631e-05
5.52	2.32512e-05
5.525	2.31406e-05
5.53	2.30308e-05
5.535	2.29239e-05
5.54	2.28194e-05
5.545	2.27176e-05
5.55	2.26177e-05
5.555	2.25183e-05
5.56	2.24193e-05
5.565	2.23205e-05
5.57	2.22221e-05
5.575	2.21239e-05
5.58	2.20261e-05
5.585	2.19285e-05
5.59	2.18313e-05
5.595	2.17345e-05
5.6	2.16381e-05
5.605	2.15418e-05
5.61	2.14459e-05
5.615	2.13502e-05
5.62	2.12548e-05
5.625	2.11597e-05
5.63	2.10649e-05
5.635	2.09703e-05
5.64	2.0876e-05
5.645	2.07823e-05
5.65	2.06891e-05
5.655	2.05963e-05
5.66	2.0504e-05
5.665	2.04119e-05
5.67	2.03202e-05
5.675	2.02287e-05
5.68	2.01375e-05
5.685	2.00467e-05
5.69	1.99562e-05
5.695	1.98659e-05
5.7	1.97759e-05
5.705	1.96862e-05
5.71	1.95968e-05
5.715	1.95076e-05
5.72	1.94187e-05
5.725	1.93301e-05
5.73	1.92418e-05
5.735	1.91538e-05
5.74	1.9066e-05
5.745	1.89785e-05
5.75	1.88914e-05
5.755	1.88044e-05
5.76	1.87178e-05
5.765	1.86315e-05
5.77	1.85459e-05
5.775	1.84608e-05
5.78	1.8376e-05
5.785	1.82914e-05
5.79	1.82071e-05
5.795	1.81231e-05
5.8	1.80394e-05
5.805	1.79559e-05
5.81	1.78728e-05
5.815	1.77899e-05
5.82	1.77073e-05
5.825	1.7625e-05
5.83	1.7543e-05
5.835	1.74614e-05
5.84	1.73801e-05
5.845	1.7299e-05
5.85	1.72183e-05
5.855	1.71379e-05
5.86	1.70577e-05
5.865	1.69778e-05
5.87	1.68982e-05
5.875	1.6819e-05
5.88	1.67402e-05
5.885	1.66617e-05
5.89	1.65834e-05
5.895	1.65055e-05
5.9	1.64278e-05
5.905	1.63504e-05
5.91	1.62733e-05
5.915	1.61966e-05
5.92	1.61201e-05
5.925	1.6044e-05
5.93	1.59681e-05
5.935	1.58925e-05
5.94	1.58172e-05
5.945	1.57422e-05
5.95	1.56675e-05
5.955	1.55931e-05
5.96	1.5519e-05
5.965	1.54452e-05
5.97	1.53717e-05
5.975	1.52985e-05
5.98	1.52255e-05
5.985	1.51529e-05
5.99	1.50806e-05
5.995	1.50087e-05
6	1.49371e-05
6.005	1.48658e-05
6.01	1.47949e-05
6.015	1.47243e-05
6.02	1.46539e-05
6.025	1.4584e-05
6.03	1.45144e-05
6.035	1.44451e-05
6.04	1.43764e-05
6.045	1.4308e-05
6.05	1.42399e-05
6.055	1.41721e-05
6.06	1.41046e-05
6.065	1.40374e-05
6.07	1.39704e-05
6.075	1.39038e-05
6.08	1.38375e-05
6.085	1.37715e-05
6.09	1.37059e-05
6.095	1.37595e-05
6.1	1.3709e-05
6.105	1.35212e-05
6.11	1.34384e-05
6.115	1.33734e-05
6.12	1.33087e-05
6.125	1.32445e-05
6.13	1.31807e-05
6.135	1.31173e-05
6.14	1.30543e-05
6.145	1.29916e-05
6.15	1.29292e-05
6.155	1.28672e-05
6.16	1.28056e-05
6.165	1.27443e-05
6.17	1.26834e-05
6.175	1.26228e-05
6.18	1.25626e-05
6.185	1.25027e-05
6.19	1.24431e-05
6.195	1.23838e-05
6.2	1.23248e-05
6.205	1.25395e-05
6.21	1.23751e-05
6.215	1.20767e-05
6.22	1.19516e-05
6.225	1.18775e-05
6.23	1.18199e-05
6.235	1.17623e-05
6.24	1.1705e-05
6.245	1.1648e-05
6.25	1.66442e-05
6.255	1.60381e-05
6.26	1.61239e-05
6.265	1.60266e-05
6.27	1.5958e-05
6.275	1.58863e-05
6.28	1.58159e-05
6.285	1.57456e-05
6.29	1.56758e-05
6.295	1.56062e-05
6.3	1.55369e-05
6.305	1.54679e-05
6.31	1.53992e-05
6.315	1.53309e-05
6.32	1.52628e-05
6.325	8.32934e-06
6.33	8.51118e-06
6.335	8.20452e-06
6.34	8.19221e-06
6.345	8.16022e-06
6.35	8.12106e-06
6.355	8.08509e-06
6.36	8.05004e-06
6.365	8.01468e-06
6.37	7.97923e-06
6.375	7.94369e-06
6.38	7.9081e-06
6.385	7.87247e-06
6.39	7.83681e-06
6.395	7.80112e-06
6.4	7.76544e-06
6.405	7.72977e-06
6.41	7.69413e-06
6.415	7.65855e-06
6.42	7.62303e-06
6.425	7.58761e-06
6.43	7.5523e-06
6.435	7.51712e-06
6.44	7.48209e-06
6.445	7.44721e-06
6.45	7.41251e-06
6.455	7.378e-06
6.46	7.34378e-06
6.465	7.30984e-06
6.47	7.27611e-06
6.475	7.24268e-06
6.48	7.20953e-06
6.485	7.17663e-06
6.49	7.14402e-06
6.495	7.11167e-06
6.5	7.07956e-06
6.505	7.04782e-06
6.51	7.01632e-06
6.515	6.98504e-06
6.52	6.95398e-06
6.525	6.92315e-06
6.53	6.89262e-06
6.535	6.86234e-06
6.54	6.83227e-06
6.545	6.80241e-06
6.55	6.77275e-06
6.555	6.74329e-06
6.56	6.71402e-06
6.565	6.68494e-06
6.57	6.65604e-06
6.575	6.62731e-06
6.58	6.59886e-06
6.585	6.57062e-06
6.59	6.54278e-06
6.595	6.5151e-06
6.6	6.48757e-06
6.605	6.46018e-06
6.61	6.43295e-06
6.615	6.40586e-06
6.62	6.3789e-06
6.625	6.35208e-06
6.63	6.3254e-06
6.635	6.29884e-06
6.64	6.27241e-06
6.645	6.24611e-06
6.65	6.21994e-06
6.655	6.19394e-06
6.66	6.16806e-06
6.665	6.14235e-06
6.67	6.11675e-06
6.675	6.09127e-06
6.68	6.06589e-06
6.685	6.0407e-06
6.69	6.01569e-06
6.695	5.99079e-06
6.7	5.966e-06
6.705	5.94133e-06
6.71	5.91678e-06
6.715	5.89234e-06
6.72	5.86799e-06
6.725	5.84375e-06
6.73	5.81963e-06
6.735	5.79567e-06
6.74	5.7718e-06
6.745	5.74809e-06
6.75	5.72449e-06
6.755	5.70099e-06
6.76	5.67759e-06
6.765	5.65429e-06
6.77	5.63109e-06
6.775	5.60798e-06
6.78	5.58496e-06
6.785	5.56205e-06
6.79	5.53924e-06
6.795	5.51653e-06
6.8	5.49394e-06
6.805	5.47144e-06
6.81	5.44909e-06
6.815	5.42686e-06
6.82	5.40472e-06
6.825	5.38267e-06
6.83	5.3607e-06
6.835	5.33957e-06
6.84	5.29806e-06
6.845	5.29829e-06
6.85	5.25412e-06
6.855	5.25475e-06
6.86	5.19002e-06
6.865	5.17261e-06
6.87	5.15449e-06
6.875	5.13283e-06
6.88	5.11142e-06
6.885	5.09058e-06
6.89	5.06982e-06
6.895	5.04912e-06
6.9	5.02849e-06
6.905	5.00794e-06
6.91	4.98748e-06
6.915	4.96712e-06
6.92	4.94692e-06
6.925	4.92689e-06
6.93	4.90694e-06
6.935	4.88706e-06
6.94	4.86724e-06
6.945	4.84751e-06
6.95	4.82785e-06
6.955	4.80826e-06
6.96	4.78883e-06
6.965	4.76949e-06
6.97	4.75022e-06
6.975	4.73101e-06
6.98	4.71187e-06
6.985	4.69279e-06
6.99	4.67378e-06
6.995	4.65483e-06
7	4.63594e-06
7.005	4.61711e-06
7.01	4.59835e-06
7.015	4.57965e-06
7.02	4.56102e-06
7.025	4.54245e-06
7.03	4.52394e-06
7.035	4.50549e-06
7.04	4.4871e-06
7.045	4.46878e-06
7.05	4.45052e-06
7.055	4.43232e-06
7.06	4.41419e-06
7.065	4.39611e-06
7.07	4.3781e-06
7.075	4.36015e-06
7.08	4.34226e-06
7.085	4.32443e-06
7.09	4.30666e-06
7.095	4.28895e-06
7.1	4.2713e-06
7.105	4.25371e-06
7.11	4.23618e-06
7.115	4.21872e-06
7.12	4.20131e-06
7.125	4.18396e-06
7.13	4.16667e-06
7.135	4.14945e-06
7.14	4.71372e-06
7.145	4.2178e-06
7.15	4.06236e-06
7.155	4.59973e-06
7.16	4.18432e-06
7.165	4.00624e-06
7.17	4.54059e-06
7.175	4.13414e-06
7.18	3.95739e-06
7.185	4.48519e-06
7.19	4.08304e-06
7.195	4.34811e-06
7.2	4.21154e-06
7.205	4.14762e-06
7.21	4.14576e-06
7.215	4.1408e-06
7.22	4.12237e-06
7.225	4.10142e-06
7.23	4.08279e-06
7.235	4.06608e-06
7.24	4.04982e-06
7.245	4.03344e-06
7.25	4.01691e-06
7.255	4.00034e-06
7.26	3.98381e-06
7.265	3.96735e-06
7.27	3.95097e-06
7.275	3.93465e-06
7.28	3.9184e-06
7.285	3.90219e-06
7.29	3.88604e-06
7.295	3.86994e-06
7.3	3.8539e-06
7.305	3.83794e-06
7.31	3.8221e-06
7.315	3.80634e-06
7.32	3.79063e-06
7.325	3.77498e-06
7.33	3.75937e-06
7.335	3.74382e-06
7.34	3.72832e-06
7.345	3.71287e-06
7.35	3.69747e-06
7.355	3.68213e-06
7.36	3.66683e-06
7.365	3.65159e-06
7.37	3.6364e-06
7.375	3.62127e-06
7.38	3.60618e-06
7.385	3.59114e-06
7.39	3.57616e-06
7.395	3.56122e-06
7.4	3.54634e-06
7.405	3.53151e-06
7.41	3.51673e-06
7.415	3.502e-06
7.42	3.48732e-06
7.425	3.4727e-06
7.43	3.45817e-06
7.435	3.44368e-06
7.44	3.42925e-06
7.445	3.41487e-06
7.45	3.40054e-06
7.455	3.38626e-06
7.46	3.37202e-06
7.465	3.35784e-06
7.47	3.34371e-06
7.475	3.32962e-06
7.48	3.31558e-06
7.485	3.3016e-06
7.49	3.28766e-06
7.495	3.27377e-06
7.5	3.25992e-06
7.505	3.24613e-06
7.51	3.23238e-06
7.515	3.21868e-06
7.52	3.20506e-06
7.525	3.19148e-06
7.53	3.17795e-06
7.535	3.16447e-06
7.54	3.15103e-06
7.545	3.13765e-06
7.55	3.12431e-06
7.555	3.11103e-06
7.56	3.09779e-06
7.565	3.08459e-06
7.57	3.07145e-06
7.575	3.05836e-06
7.58	3.04532e-06
7.585	3.03233e-06
7.59	3.01938e-06
7.595	3.00648e-06
7.6	2.99363e-06
7.605	2.98083e-06
7.61	2.96809e-06
7.615	2.95539e-06
7.62	2.94274e-06
7.625	2.93014e-06
7.63	2.91758e-06
7.635	2.90506e-06
7.64	2.89259e-06
7.645	2.88017e-06
7.65	2.86779e-06
7.655	2.85546e-06
7.66	2.8432e-06
7.665	2.83098e-06
7.67	2.81881e-06
7.675	2.80668e-06
7.68	2.7946e-06
7.685	2.78256e-06
7.69	2.77056e-06
7.695	2.75861e-06
7.7	2.7467e-06
7.705	2.73483e-06
7.71	2.72301e-06
7.715	2.71124e-06
7.72	2.6995e-06
7.725	2.68781e-06
7.73	2.67617e-06
7.735	2.66456e-06
7.74	2.653e-06
7.745	2.64149e-06
7.75	2.63001e-06
7.755	2.61858e-06
7.76	2.60719e-06
7.765	2.59585e-06
7.77	2.58455e-06
7.775	2.57329e-06
7.78	2.56207e-06
7.785	2.5509e-06
7.79	2.53977e-06
7.795	2.52868e-06
7.8	2.51763e-06
7.805	2.50663e-06
7.81	2.49567e-06
7.815	2.48475e-06
7.82	2.47387e-06
7.825	2.46304e-06
7.83	2.45225e-06
7.835	2.4415e-06
7.84	2.43079e-06
7.845	2.42012e-06
7.85	2.4095e-06
7.855	2.39891e-06
7.86	2.38837e-06
7.865	2.37787e-06
7.87	2.36742e-06
7.875	2.35702e-06
7.88	2.34665e-06
7.885	2.33632e-06
7.89	2.32604e-06
7.895	2.3158e-06
7.9	2.30559e-06
7.905	2.29543e-06
7.91	2.28531e-06
7.915	2.27523e-06
7.92	2.2652e-06
7.925	2.2552e-06
7.93	2.24524e-06
7.935	2.23533e-06
7.94	2.22545e-06
7.945	2.21562e-06
7.95	2.20582e-06
7.955	2.19608e-06
7.96	2.18637e-06
7.965	2.17671e-06
7.97	2.1671e-06
7.975	2.15752e-06
7.98	2.14798e-06
7.985	2.13848e-06
7.99	2.12902e-06
7.995	2.1196e-06
8	2.11022e-06
8.005	2.10088e-06
8.01	2.09159e-06
8.015	2.08233e-06
8.02	2.07312e-06
8.025	2.06394e-06
8.03	2.0548e-06
8.035	2.04571e-06
8.04	2.03667e-06
8.045	2.02766e-06
8.05	2.0187e-06
8.055	2.00977e-06
8.06	2.00088e-06
8.065	1.99203e-06
8.07	1.98321e-06
8.075	1.97444e-06
8.08	1.9657e-06
8.085	1.957e-06
8.09	1.94834e-06
8.095	1.93971e-06
8.1	1.93112e-06
8.105	1.92257e-06
8.11	1.91406e-06
8.115	1.90558e-06
8.12	1.89714e-06
8.125	1.88874e-06
8.13	1.88037e-06
8.135	1.87204e-06
8.14	1.86375e-06
8.145	1.8555e-06
8.15	1.84728e-06
8.155	1.83913e-06
8.16	1.83102e-06
8.165	1.82294e-06
8.17	1.8149e-06
8.175	1.80689e-06
8.18	1.79892e-06
8.185	1.79098e-06
8.19	1.78308e-06
8.195	1.77522e-06
8.2	1.7674e-06
8.205	1.75961e-06
8.21	1.75185e-06
8.215	1.74413e-06
8.22	1.73644e-06
8.225	1.72879e-06
8.23	1.72117e-06
8.235	1.71359e-06
8.24	1.70604e-06
8.245	1.69853e-06
8.25	1.69105e-06
8.255	1.6836e-06
8.26	1.67618e-06
8.265	1.6688e-06
8.27	1.66145e-06
8.275	1.65413e-06
8.28	1.64684e-06
8.285	1.63959e-06
8.29	1.63237e-06
8.295	1.62518e-06
8.3	1.61802e-06
8.305	1.6109e-06
8.31	1.60381e-06
8.315	1.59675e-06
8.32	1.58972e-06
8.325	1.58273e-06
8.33	1.57577e-06
8.335	1.56883e-06
8.34	1.56193e-06
8.345	1.55506e-06
8.35	1.54823e-06
8.355	1.54142e-06
8.36	1.53464e-06
8.365	1.5279e-06
8.37	1.52118e-06
8.375	1.5145e-06
8.38	1.50784e-06
8.385	1.50122e-06
8.39	1.49462e-06
8.395	1.48806e-06
8.4	1.48153e-06
8.405	1.47502e-06
8.41	1.46855e-06
8.415	1.4621e-06
8.42	1.45569e-06
8.425	1.4493e-06
8.43	1.44294e-06
8.435	1.43662e-06
8.44	1.43032e-06
8.445	1.42405e-06
8.45	1.41781e-06
8.455	1.41159e-06
8.46	1.40541e-06
8.465	1.39925e-06
8.47	1.39313e-06
8.475	1.38703e-06
8.48	1.38095e-06
8.485	1.37491e-06
8.49	1.3689e-06
8.495	1.36291e-06
8.5	1.35695e-06
8.505	1.35101e-06
8.51	1.34511e-06
8.515	1.33923e-06
8.52	1.33338e-06
8.525	1.32756e-06
8.53	1.32176e-06
8.535	1.31599e-06
8.54	1.31025e-06
8.545	1.30453e-06
8.55	1.29884e-06
8.555	1.29318e-06
8.56	1.28754e-06
8.565	1.28193e-06
8.57	1.27635e-06
8.575	1.27079e-06
8.58	1.26526e-06
8.585	1.25976e-06
8.59	1.25428e-06
8.595	1.24883e-06
8.6	1.24341e-06
8.605	1.23801e-06
8.61	1.23264e-06
8.615	1.2273e-06
8.62	1.22198e-06
8.625	1.21668e-06
8.63	1.21141e-06
8.635	1.20616e-06
8.64	1.20095e-06
8.645	1.19575e-06
8.65	1.19058e-06
8.655	1.18544e-06
8.66	1.18032e-06
8.665	1.17522e-06
8.67	2.1106e-06
8.675	1.26855e-06
8.68	1.83011e-06
8.685	1.25913e-06
8.69	1.89781e-06
8.695	1.21677e-06
8.7	1.84303e-06
8.705	1.24501e-06
8.71	1.86298e-06
8.715	1.1931e-06
8.72	1.8094e-06
8.725	1.22524e-06
8.73	1.83225e-06
8.735	1.17297e-06
8.74	1.77815e-06
8.745	1.20451e-06
8.75	1.80082e-06
8.755	1.1532e-06
8.76	1.74774e-06
8.765	1.18417e-06
8.77	1.7699e-06
8.775	1.13372e-06
8.78	1.71781e-06
8.785	1.16415e-06
8.79	1.73949e-06
8.795	1.11453e-06
8.8	1.68835e-06
8.805	1.14444e-06
8.81	1.70958e-06
8.815	1.09566e-06
8.82	1.65939e-06
8.825	1.12506e-06
8.83	1.68021e-06
8.835	1.0771e-06
8.84	1.63091e-06
8.845	1.10601e-06
8.85	1.65138e-06
8.855	1.05886e-06
8.86	1.60294e-06
8.865	1.08729e-06
8.87	1.62306e-06
8.875	1.04094e-06
8.88	1.57549e-06
8.885	1.0689e-06
8.89	1.59525e-06
8.895	1.02334e-06
8.9	1.54856e-06
8.905	1.67206e-06
8.91	1.01309e-06
8.915	1.42343e-06
8.92	1.60024e-06
8.925	1.01052e-06
8.93	1.4279e-06
8.935	1.59157e-06
8.94	9.93132e-07
8.945	2.39116e-06
8.95	1.76801e-06
8.955	8.8603e-07
8.96	2.2196e-06
8.965	1.71918e-06
8.97	9.28089e-07
8.975	2.28665e-06
8.98	1.74426e-06
8.985	1.30369e-06
8.99	1.31846e-06
8.995	1.30936e-06
9	1.32237e-06
9.005	1.32906e-06
9.01	1.23233e-06
9.015	1.25471e-06
9.02	1.32374e-06
9.025	1.22212e-06
9.03	1.25594e-06
9.035	1.30795e-06
9.04	1.29564e-06
9.045	1.15181e-06
9.05	1.22685e-06
9.055	1.28809e-06
9.06	1.27922e-06
9.065	1.15176e-06
9.07	1.20524e-06
9.075	1.26273e-06
9.08	1.25359e-06
9.085	1.12299e-06
9.09	1.18694e-06
9.095	1.24343e-06
9.1	1.23424e-06
9.105	1.10905e-06
9.11	1.16508e-06
9.115	1.22106e-06
9.12	1.21221e-06
9.125	1.08697e-06
9.13	1.14639e-06
9.135	1.20107e-06
9.14	1.19228e-06
9.145	1.07064e-06
9.15	1.12621e-06
9.155	1.18019e-06
9.16	1.17161e-06
9.165	1.05104e-06
9.17	1.10755e-06
9.175	1.16048e-06
9.18	1.152e-06
9.185	1.03414e-06
9.19	1.08845e-06
9.195	1.14058e-06
9.2	1.13227e-06
9.205	1.01597e-06
9.21	1.07019e-06
9.215	1.12138e-06
9.22	1.11319e-06
9.225	9.9916e-07
9.23	9.39848e-07
9.235	7.67471e-07
9.24	2.09611e-06
9.245	1.2562e-06
9.25	1.0655e-06
9.255	9.17548e-07
9.26	8.95058e-07
9.265	2.1207e-06
9.27	1.27556e-06
9.275	9.65506e-07
9.28	8.79738e-07
9.285	2.0777e-06
9.29	1.25556e-06
9.295	9.08322e-07
9.3	8.7446e-07
9.305	2.06197e-06
9.31	1.25658e-06
9.315	9.26685e-07
9.32	8.60072e-07
9.325	2.01198e-06
9.33	1.23855e-06
9.335	9.0152e-07
9.34	8.51764e-07
9.345	1.9922e-06
9.35	1.22574e-06
9.355	9.03217e-07
9.36	8.363e-07
9.365	1.94855e-06
9.37	1.20566e-06
9.375	8.80156e-07
9.38	8.25447e-07
9.385	1.92463e-06
9.39	1.18928e-06
9.395	8.75263e-07
9.4	8.10503e-07
9.405	1.8857e-06
9.41	1.16891e-06
9.415	8.54685e-07
9.42	7.98645e-07
9.425	1.85966e-06
9.43	1.15139e-06
9.435	8.46566e-07
9.44	7.84388e-07
9.445	1.82413e-06
9.45	1.13147e-06
9.455	8.2805e-07
9.46	7.72198e-07
9.465	1.79717e-06
9.47	1.11366e-06
9.475	8.18134e-07
9.48	7.58587e-07
9.485	1.76418e-06
9.49	1.09446e-06
9.495	8.01399e-07
9.5	7.46426e-07
9.505	1.73695e-06
9.51	1.07679e-06
9.515	7.90508e-07
9.52	7.33415e-07
9.525	1.70593e-06
9.53	1.05833e-06
9.535	7.75193e-07
9.54	7.2145e-07
9.545	1.67885e-06
9.55	1.041e-06
9.555	7.63827e-07
9.56	7.08986e-07
9.565	1.64942e-06
9.57	1.02325e-06
9.575	7.49623e-07
9.58	6.97278e-07
9.585	1.62274e-06
9.59	1.00635e-06
9.595	7.38098e-07
9.6	6.85309e-07
9.605	1.59465e-06
9.61	9.89273e-07
9.615	6.28299e-07
9.62	1.43945e-06
9.625	9.4345e-07
9.63	6.40234e-07
9.635	1.41868e-06
9.64	1.01085e-06
9.645	7.42856e-07
9.65	6.8663e-07
9.655	1.57568e-06
9.66	9.72518e-07
9.665	6.36817e-07
9.67	1.41435e-06
9.675	9.09691e-07
9.68	6.26432e-07
9.685	1.35909e-06
9.69	9.75567e-07
9.695	7.12519e-07
9.7	1.51904e-06
9.705	9.35076e-07
9.71	6.84681e-07
9.715	1.42188e-06
9.72	1.03609e-06
9.725	7.66296e-07
9.73	7.20144e-07
9.735	1.57411e-06
9.74	1.00574e-06
9.745	8.03864e-07
9.75	6.51544e-07
9.755	1.41771e-06
9.76	9.33573e-07
9.765	6.07678e-07
9.77	1.28918e-06
9.775	8.63683e-07
9.78	6.74246e-07
9.785	1.42576e-06
9.79	9.6497e-07
9.795	6.7612e-07
9.8	1.36069e-06
9.805	9.13877e-07
9.81	6.93266e-07
9.815	1.3267e-06
9.82	1.06163e-06
9.825	9.49787e-07
9.83	7.39205e-07
9.835	1.50441e-06
9.84	1.00064e-06
9.845	7.31369e-07
9.85	6.43129e-07
9.855	1.38423e-06
9.86	9.13412e-07
9.865	6.08389e-07
9.87	1.25396e-06
9.875	8.38864e-07
9.88	6.24468e-07
9.885	1.23441e-06
9.89	9.53135e-07
9.895	7.26451e-07
9.9	1.40083e-06
9.905	9.2009e-07
9.91	7.37984e-07
9.915	1.33643e-06
9.92	1.09709e-06
9.925	9.19599e-07
9.93	7.80803e-07
9.935	1.53412e-06
9.94	1.01907e-06
9.945	8.11045e-07
9.95	6.34361e-07
9.955	1.29457e-06
9.96	8.93691e-07
9.965	6.0402e-07
9.97	1.1852e-06
9.975	8.26186e-07
9.98	6.45557e-07
9.985	1.22007e-06
9.99	9.69583e-07
9.995	7.13747e-07
10	1.28052e-06
