0.005	0.0211987
0.01	0.00308307
0.015	0.00204677
0.02	0.00154503
0.025	0.00128996
0.03	0.00118075
0.035	0.00121952
0.04	0.00130921
0.045	0.00142637
0.05	0.0015474
0.055	0.00166694
0.06	0.00178146
0.065	0.00186162
0.07	0.00193434
0.075	0.0019936
0.08	0.00204504
0.085	0.00209092
0.09	0.00212489
0.095	0.00215052
0.1	0.00217032
0.105	0.00216154
0.11	0.00218154
0.115	0.00221918
0.12	0.00190058
0.125	0.00183198
0.13	0.00202518
0.135	0.00201827
0.14	0.00202816
0.145	0.00229706
0.15	0.00188724
0.155	0.0021867
0.16	0.00223678
0.165	0.00197317
0.17	0.00210967
0.175	0.00204355
0.18	0.00208006
0.185	0.00203169
0.19	0.00218086
0.195	0.00202391
0.2	0.00205252
0.205	0.00209426
0.21	0.00198939
0.215	0.00208557
0.22	0.00202763
0.225	0.00201122
0.23	0.0019831
0.235	0.00194583
0.24	0.00190338
0.245	0.00188239
0.25	0.0018157
0.255	0.00186313
0.26	0.0017538
0.265	0.00170211
0.27	0.0016553
0.275	0.00160094
0.28	0.00158754
0.285	0.001483
0.29	0.00145601
0.295	0.00123071
0.3	0.00118239
0.305	0.00121238
0.31	0.00114352
0.315	0.00108858
0.32	0.00103877
0.325	0.00100217
0.33	0.000931963
0.335	0.000961936
0.34	0.000907416
0.345	0.00085484
0.35	0.000908973
0.355	0.000808317
0.36	0.000802638
0.365	0.000648612
0.37	0.000635585
0.375	0.000651031
0.38	0.000605502
0.385	0.000563514
0.39	0.000586584
0.395	0.000534751
0.4	0.00052143
0.405	0.000515557
0.41	0.000511295
0.415	0.000507462
0.42	0.000508973
0.425	0.000522319
0.43	0.000511771
0.435	0.000490173
0.44	0.000512142
0.445	0.000497198
0.45	0.000491885
0.455	0.000488552
0.46	0.000480716
0.465	0.000486641
0.47	0.000481342
0.475	0.000606181
0.48	0.000596546
0.485	0.00051515
0.49	0.000462211
0.495	0.000413352
0.5	0.000441644
0.505	0.000449911
0.51	0.000412604
0.515	0.000438242
0.52	0.000522428
0.525	0.000432804
0.53	0.000443748
0.535	0.000457556
0.54	0.000420332
0.545	0.000389635
0.55	0.000428965
0.555	0.000457069
0.56	0.000405973
0.565	0.00040475
0.57	0.000388522
0.575	0.000399434
0.58	0.000405876
0.585	0.000407802
0.59	0.000381739
0.595	0.000384876
0.6	0.000430761
0.605	0.00041782
0.61	0.000393933
0.615	0.000402857
0.62	0.000393038
0.625	0.000340958
0.63	0.000333714
0.635	0.000331574
0.64	0.000324875
0.645	0.00034665
0.65	0.000354488
0.655	0.000315254
0.66	0.00034564
0.665	0.00034419
0.67	0.000344769
0.675	0.000347201
0.68	0.000309984
0.685	0.000312484
0.69	0.000305021
0.695	0.000301433
0.7	0.000360231
0.705	0.000298142
0.71	0.000292541
0.715	0.000345941
0.72	0.000369723
0.725	0.000381327
0.73	0.00036636
0.735	0.000344483
0.74	0.000290526
0.745	0.000331112
0.75	0.000282345
0.755	0.000332855
0.76	0.000337021
0.765	0.000273563
0.77	0.00027694
0.775	0.000268687
0.78	0.000264495
0.785	0.000260652
0.79	0.000260219
0.795	0.000257104
0.8	0.000255471
0.805	0.000251869
0.81	0.000251165
0.815	0.000302576
0.82	0.000244377
0.825	0.000271174
0.83	0.000241352
0.835	0.000237184
0.84	0.000290437
0.845	0.00030603
0.85	0.000294788
0.855	0.000277302
0.86	0.000277607
0.865	0.000305329
0.87	0.000291918
0.875	0.000224471
0.88	0.000226548
0.885	0.000232969
0.89	0.000244976
0.895	0.00022357
0.9	0.000270213
0.905	0.000277751
0.91	0.000272677
0.915	0.00020749
0.92	0.000248271
0.925	0.000207771
0.93	0.000270784
0.935	0.000209823
0.94	0.000212792
0.945	0.000205054
0.95	0.000203349
0.955	0.000201844
0.96	0.000201278
0.965	0.000228542
0.97	0.000255621
0.975	0.000192927
0.98	0.000193792
0.985	0.000239654
0.99	0.000251313
0.995	0.000195187
1	0.000194446
1.005	0.000185482
1.01	0.000216202
1.015	0.000244012
1.02	0.000247
1.025	0.000183068
1.03	0.000185545
1.035	0.000181619
1.04	0.000180198
1.045	0.000179677
1.05	0.000180578
1.055	0.000177443
1.06	0.000176711
1.065	0.000176279
1.07	0.000176387
1.075	0.000179354
1.08	0.000170849
1.085	0.000168487
1.09	0.000216122
1.095	0.000170087
1.1	0.000168442
1.105	0.000171881
1.11	0.000166347
1.115	0.000165594
1.12	0.000186624
1.125	0.000159672
1.13	0.000144957
1.135	0.000144094
1.14	0.000172932
1.145	0.00014212
1.15	0.000189812
1.155	0.000175493
1.16	0.000139991
1.165	0.00016908
1.17	0.000162188
1.175	0.000141016
1.18	0.00013674
1.185	0.000153254
1.19	0.000139611
1.195	0.000179216
1.2	0.000139068
1.205	0.000132913
1.21	0.000147847
1.215	0.000161978
1.22	0.000161547
1.225	0.000150117
1.23	0.000168694
1.235	0.000155099
1.24	0.000147895
1.245	0.000144928
1.25	0.00013107
1.255	0.000129648
1.26	0.000166964
1.265	0.000125086
1.27	0.00013256
1.275	0.00013895
1.28	0.000139668
1.285	0.0001323
1.29	0.000138069
1.295	0.000127639
1.3	0.000104958
1.305	0.000113064
1.31	0.0001195
1.315	0.000130154
1.32	0.000140765
1.325	0.000122787
1.33	0.000118926
1.335	0.000114188
1.34	0.000119116
1.345	0.00011232
1.35	0.000129481
1.355	0.00011777
1.36	0.000113689
1.365	0.000133049
1.37	0.000111705
1.375	0.000106091
1.38	0.000103808
1.385	0.000103051
1.39	0.000102143
1.395	0.000113095
1.4	0.000100611
1.405	9.9656e-05
1.41	9.88829e-05
1.415	9.84213e-05
1.42	0.000101378
1.425	9.82353e-05
1.43	9.56739e-05
1.435	9.35958e-05
1.44	9.68451e-05
1.445	0.000102791
1.45	9.46802e-05
1.455	9.2171e-05
1.46	9.28822e-05
1.465	9.07434e-05
1.47	9.01296e-05
1.475	8.97547e-05
1.48	8.93921e-05
1.485	8.9385e-05
1.49	8.75301e-05
1.495	8.71421e-05
1.5	8.92177e-05
1.505	8.96298e-05
1.51	8.52389e-05
1.515	8.46884e-05
1.52	8.49494e-05
1.525	8.46745e-05
1.53	8.29634e-05
1.535	8.25222e-05
1.54	8.21378e-05
1.545	8.12758e-05
1.55	8.45889e-05
1.555	8.15956e-05
1.56	8.18464e-05
1.565	8.002e-05
1.57	7.96418e-05
1.575	8.10243e-05
1.58	7.9951e-05
1.585	7.81468e-05
1.59	7.80078e-05
1.595	7.71529e-05
1.6	7.67777e-05
1.605	7.64237e-05
1.61	7.60801e-05
1.615	7.57296e-05
1.62	7.57732e-05
1.625	7.57351e-05
1.63	7.52803e-05
1.635	7.58052e-05
1.64	7.5051e-05
1.645	7.42266e-05
1.65	7.59768e-05
1.655	7.54767e-05
1.66	7.23362e-05
1.665	7.62458e-05
1.67	9.19703e-05
1.675	9.48861e-05
1.68	8.56839e-05
1.685	7.65488e-05
1.69	9.55609e-05
1.695	8.04185e-05
1.7	7.47647e-05
1.705	8.18108e-05
1.71	7.4413e-05
1.715	6.96108e-05
1.72	8.9111e-05
1.725	7.40373e-05
1.73	7.48386e-05
1.735	6.82567e-05
1.74	6.82758e-05
1.745	6.86603e-05
1.75	6.98328e-05
1.755	7.62706e-05
1.76	6.90676e-05
1.765	6.88923e-05
1.77	6.89758e-05
1.775	7.07558e-05
1.78	8.89433e-05
1.785	7.45158e-05
1.79	6.82176e-05
1.795	6.80838e-05
1.8	7.008e-05
1.805	6.85218e-05
1.81	6.87299e-05
1.815	6.73839e-05
1.82	6.74064e-05
1.825	6.76908e-05
1.83	6.89999e-05
1.835	7.06276e-05
1.84	7.01153e-05
1.845	6.59925e-05
1.85	6.61669e-05
1.855	6.65873e-05
1.86	6.68308e-05
1.865	6.58497e-05
1.87	6.74952e-05
1.875	6.56036e-05
1.88	6.67098e-05
1.885	6.90633e-05
1.89	6.80389e-05
1.895	7.01656e-05
1.9	6.62904e-05
1.905	6.81993e-05
1.91	6.52017e-05
1.915	6.42121e-05
1.92	6.32703e-05
1.925	6.40812e-05
1.93	6.32195e-05
1.935	6.27453e-05
1.94	6.25182e-05
1.945	6.23078e-05
1.95	6.20948e-05
1.955	6.18748e-05
1.96	6.16501e-05
1.965	6.1432e-05
1.97	6.12568e-05
1.975	6.11959e-05
1.98	6.14819e-05
1.985	6.21482e-05
1.99	6.46606e-05
1.995	6.02097e-05
2	5.99953e-05
2.005	5.98832e-05
2.01	5.97083e-05
2.015	5.96586e-05
2.02	6.00755e-05
2.025	5.81724e-05
2.03	5.88155e-05
2.035	5.88496e-05
2.04	5.87325e-05
2.045	5.85826e-05
2.05	5.84315e-05
2.055	5.82748e-05
2.06	5.81173e-05
2.065	5.79824e-05
2.07	5.78678e-05
2.075	5.78044e-05
2.08	5.79478e-05
2.085	5.90392e-05
2.09	5.71149e-05
2.095	5.61959e-05
2.1	6.13096e-05
2.105	6.0282e-05
2.11	5.72871e-05
2.115	5.72194e-05
2.12	5.65622e-05
2.125	5.75265e-05
2.13	5.70761e-05
2.135	5.58601e-05
2.14	6.27185e-05
2.145	5.50086e-05
2.15	6.42089e-05
2.155	5.51364e-05
2.16	5.49443e-05
2.165	5.493e-05
2.17	5.5263e-05
2.175	5.48494e-05
2.18	5.53551e-05
2.185	5.43508e-05
2.19	5.36878e-05
2.195	5.40394e-05
2.2	5.59723e-05
2.205	5.41688e-05
2.21	6.7401e-05
2.215	5.39266e-05
2.22	5.32826e-05
2.225	5.38617e-05
2.23	5.23392e-05
2.235	5.38701e-05
2.24	5.23997e-05
2.245	5.22919e-05
2.25	5.1317e-05
2.255	5.23738e-05
2.26	5.10825e-05
2.265	5.09916e-05
2.27	5.07673e-05
2.275	5.05378e-05
2.28	5.0498e-05
2.285	5.17073e-05
2.29	5.04234e-05
2.295	5.19286e-05
2.3	5.21408e-05
2.305	5.71554e-05
2.31	5.77135e-05
2.315	5.42915e-05
2.32	4.95986e-05
2.325	5.33633e-05
2.33	4.88491e-05
2.335	4.885e-05
2.34	4.87472e-05
2.345	4.86099e-05
2.35	4.84485e-05
2.355	4.8247e-05
2.36	4.80294e-05
2.365	4.77061e-05
2.37	4.88159e-05
2.375	5.16819e-05
2.38	4.8413e-05
2.385	4.7445e-05
2.39	4.73668e-05
2.395	4.73281e-05
2.4	4.72513e-05
2.405	4.65027e-05
2.41	4.59571e-05
2.415	4.96405e-05
2.42	5.00376e-05
2.425	4.63017e-05
2.43	4.62568e-05
2.435	4.61293e-05
2.44	4.63847e-05
2.445	4.71861e-05
2.45	4.61092e-05
2.455	4.63599e-05
2.46	4.67109e-05
2.465	4.67242e-05
2.47	4.54217e-05
2.475	4.53892e-05
2.48	4.53154e-05
2.485	4.5259e-05
2.49	4.51878e-05
2.495	4.5583e-05
2.5	4.52591e-05
2.505	4.5841e-05
2.51	4.52668e-05
2.515	4.91789e-05
2.52	4.70238e-05
2.525	4.40927e-05
2.53	4.78752e-05
2.535	4.41085e-05
2.54	4.3642e-05
2.545	4.33305e-05
2.55	4.3156e-05
2.555	4.28729e-05
2.56	4.27522e-05
2.565	4.26376e-05
2.57	4.2507e-05
2.575	4.24051e-05
2.58	4.22908e-05
2.585	4.28181e-05
2.59	4.23046e-05
2.595	4.1682e-05
2.6	4.15683e-05
2.605	4.14978e-05
2.61	4.14421e-05
2.615	4.14989e-05
2.62	4.21524e-05
2.625	4.0902e-05
2.63	4.17149e-05
2.635	4.06841e-05
2.64	4.06759e-05
2.645	4.05616e-05
2.65	4.0446e-05
2.655	4.03324e-05
2.66	4.02202e-05
2.665	4.01113e-05
2.67	4.00107e-05
2.675	3.99188e-05
2.68	4.01852e-05
2.685	3.97877e-05
2.69	3.96831e-05
2.695	3.96891e-05
2.7	3.97688e-05
2.705	3.93982e-05
2.71	3.90408e-05
2.715	3.84503e-05
2.72	3.84344e-05
2.725	3.83727e-05
2.73	3.82931e-05
2.735	3.8206e-05
2.74	3.81051e-05
2.745	3.85365e-05
2.75	4.09718e-05
2.755	3.7324e-05
2.76	3.67725e-05
2.765	3.72464e-05
2.77	4.05077e-05
2.775	3.83744e-05
2.78	3.72505e-05
2.785	3.6978e-05
2.79	3.66732e-05
2.795	3.6525e-05
2.8	3.63939e-05
2.805	3.62623e-05
2.81	3.61335e-05
2.815	3.60062e-05
2.82	3.58795e-05
2.825	3.57191e-05
2.83	3.55908e-05
2.835	3.54628e-05
2.84	3.53381e-05
2.845	3.5496e-05
2.85	3.58074e-05
2.855	3.67055e-05
2.86	3.48173e-05
2.865	3.46706e-05
2.87	3.46128e-05
2.875	3.44975e-05
2.88	3.438e-05
2.885	3.4261e-05
2.89	3.4141e-05
2.895	3.40223e-05
2.9	3.39053e-05
2.905	3.37918e-05
2.91	3.36824e-05
2.915	3.35771e-05
2.92	3.34808e-05
2.925	3.33993e-05
2.93	3.33468e-05
2.935	3.33654e-05
2.94	3.36727e-05
2.945	3.2175e-05
2.95	3.22011e-05
2.955	3.18297e-05
2.96	3.22797e-05
2.965	3.62876e-05
2.97	3.60845e-05
2.975	3.59315e-05
2.98	3.57827e-05
2.985	3.56352e-05
2.99	3.54801e-05
2.995	3.53626e-05
3	3.52264e-05
3.005	3.50885e-05
3.01	3.49505e-05
3.015	3.48146e-05
3.02	3.46816e-05
3.025	3.45484e-05
3.03	3.55986e-05
3.035	3.43527e-05
3.04	3.45872e-05
3.045	3.41546e-05
3.05	3.42384e-05
3.055	3.39431e-05
3.06	3.39273e-05
3.065	3.37092e-05
3.07	3.36408e-05
3.075	3.34629e-05
3.08	3.33643e-05
3.085	3.32088e-05
3.09	3.30952e-05
3.095	3.29528e-05
3.1	3.28309e-05
3.105	3.27658e-05
3.11	3.26352e-05
3.115	3.25076e-05
3.12	3.23853e-05
3.125	3.22592e-05
3.13	3.21358e-05
3.135	3.20115e-05
3.14	3.18898e-05
3.145	3.17703e-05
3.15	3.16522e-05
3.155	3.15347e-05
3.16	3.14219e-05
3.165	3.13134e-05
3.17	3.12087e-05
3.175	3.11086e-05
3.18	3.10148e-05
3.185	3.09295e-05
3.19	2.98865e-05
3.195	3.0033e-05
3.2	3.00779e-05
3.205	3.30374e-05
3.21	3.30841e-05
3.215	3.29132e-05
3.22	3.27626e-05
3.225	3.26126e-05
3.23	3.17021e-05
3.235	3.1674e-05
3.24	3.20114e-05
3.245	3.19211e-05
3.25	3.179e-05
3.255	3.16528e-05
3.26	3.14974e-05
3.265	3.09536e-05
3.27	3.07119e-05
3.275	2.99257e-05
3.28	2.98637e-05
3.285	2.97805e-05
3.29	2.96813e-05
3.295	2.95701e-05
3.3	2.94513e-05
3.305	2.9329e-05
3.31	2.92079e-05
3.315	2.90861e-05
3.32	2.89638e-05
3.325	2.88431e-05
3.33	2.87211e-05
3.335	2.85994e-05
3.34	2.84785e-05
3.345	2.83573e-05
3.35	2.82351e-05
3.355	2.81117e-05
3.36	2.79874e-05
3.365	2.7862e-05
3.37	2.77357e-05
3.375	2.76084e-05
3.38	2.74807e-05
3.385	2.73522e-05
3.39	2.72251e-05
3.395	2.70983e-05
3.4	2.69715e-05
3.405	2.68462e-05
3.41	2.67209e-05
3.415	2.65953e-05
3.42	2.64695e-05
3.425	2.6344e-05
3.43	2.62185e-05
3.435	2.6093e-05
3.44	2.5968e-05
3.445	2.58439e-05
3.45	2.57206e-05
3.455	2.56472e-05
3.46	2.54357e-05
3.465	2.53788e-05
3.47	2.52291e-05
3.475	2.51049e-05
3.48	2.49787e-05
3.485	2.4852e-05
3.49	2.47252e-05
3.495	2.45986e-05
3.5	2.44721e-05
3.505	2.43458e-05
3.51	2.42198e-05
3.515	2.40941e-05
3.52	2.39688e-05
3.525	2.38441e-05
3.53	2.37202e-05
3.535	2.35967e-05
3.54	2.34735e-05
3.545	2.33507e-05
3.55	2.32285e-05
3.555	2.31074e-05
3.56	2.29875e-05
3.565	2.28678e-05
3.57	2.27485e-05
3.575	2.26295e-05
3.58	2.25107e-05
3.585	2.23924e-05
3.59	2.22848e-05
3.595	2.2189e-05
3.6	2.20488e-05
3.605	2.19324e-05
3.61	2.18168e-05
3.615	2.17016e-05
3.62	2.15875e-05
3.625	2.1474e-05
3.63	2.13605e-05
3.635	2.12476e-05
3.64	2.11351e-05
3.645	2.10226e-05
3.65	2.09104e-05
3.655	2.07987e-05
3.66	2.06872e-05
3.665	2.05758e-05
3.67	2.04649e-05
3.675	2.03538e-05
3.68	2.0243e-05
3.685	2.01323e-05
3.69	2.00216e-05
3.695	1.99111e-05
3.7	1.98007e-05
3.705	1.96062e-05
3.71	2.09215e-05
3.715	2.00403e-05
3.72	2.00433e-05
3.725	1.9349e-05
3.73	1.94163e-05
3.735	1.8886e-05
3.74	1.89308e-05
3.745	1.86743e-05
3.75	1.86261e-05
3.755	1.84774e-05
3.76	1.84073e-05
3.765	1.82836e-05
3.77	1.81997e-05
3.775	1.80886e-05
3.78	1.79968e-05
3.785	1.78919e-05
3.79	1.77961e-05
3.795	1.76943e-05
3.8	1.75965e-05
3.805	1.74961e-05
3.81	1.77157e-05
3.815	1.73784e-05
3.82	1.72329e-05
3.825	1.7126e-05
3.83	1.70277e-05
3.835	1.69316e-05
3.84	1.68361e-05
3.845	1.67411e-05
3.85	1.65801e-05
3.855	1.65225e-05
3.86	1.64421e-05
3.865	1.63535e-05
3.87	1.6262e-05
3.875	1.61701e-05
3.88	1.60786e-05
3.885	1.59878e-05
3.89	1.58974e-05
3.895	1.58072e-05
3.9	1.57172e-05
3.905	1.56267e-05
3.91	1.55354e-05
3.915	1.5446e-05
3.92	1.53572e-05
3.925	1.52688e-05
3.93	1.5156e-05
3.935	1.50922e-05
3.94	1.49712e-05
3.945	1.49233e-05
3.95	1.47988e-05
3.955	1.47279e-05
3.96	1.46428e-05
3.965	1.45314e-05
3.97	1.43762e-05
3.975	1.43783e-05
3.98	1.43091e-05
3.985	1.42296e-05
3.99	1.41544e-05
3.995	1.40935e-05
4	1.40669e-05
4.005	1.4168e-05
4.01	1.38834e-05
4.015	1.37801e-05
4.02	1.37218e-05
4.025	1.39447e-05
4.03	1.36967e-05
4.035	1.35898e-05
4.04	1.34012e-05
4.045	1.33484e-05
4.05	1.32318e-05
4.055	1.31776e-05
4.06	1.30875e-05
4.065	1.30199e-05
4.07	1.294e-05
4.075	1.34906e-05
4.08	1.29798e-05
4.085	1.28103e-05
4.09	1.26574e-05
4.095	1.25903e-05
4.1	1.25341e-05
4.105	1.24882e-05
4.11	1.23815e-05
4.115	1.23102e-05
4.12	1.22393e-05
4.125	1.21692e-05
4.13	1.21831e-05
4.135	1.20225e-05
4.14	1.198e-05
4.145	1.18921e-05
4.15	1.18379e-05
4.155	1.17604e-05
4.16	1.16996e-05
4.165	1.16285e-05
4.17	1.15646e-05
4.175	1.1497e-05
4.18	1.14323e-05
4.185	1.13666e-05
4.19	1.13022e-05
4.195	1.12376e-05
4.2	1.11737e-05
4.205	1.111e-05
4.21	1.10467e-05
4.215	1.09838e-05
4.22	1.09213e-05
4.225	1.08593e-05
4.23	1.07977e-05
4.235	1.07365e-05
4.24	1.06757e-05
4.245	1.06154e-05
4.25	1.05555e-05
4.255	1.04958e-05
4.26	1.04366e-05
4.265	1.03776e-05
4.27	1.03191e-05
4.275	1.0261e-05
4.28	1.02032e-05
4.285	1.01458e-05
4.29	1.00887e-05
4.295	1.0032e-05
4.3	9.97582e-06
4.305	9.92009e-06
4.31	9.86472e-06
4.315	9.80981e-06
4.32	9.7554e-06
4.325	9.70151e-06
4.33	9.64814e-06
4.335	9.59509e-06
4.34	9.54248e-06
4.345	9.49035e-06
4.35	9.43855e-06
4.355	9.38706e-06
4.36	9.33589e-06
4.365	9.28513e-06
4.37	9.23507e-06
4.375	9.18534e-06
4.38	9.1362e-06
4.385	9.08736e-06
4.39	9.03882e-06
4.395	8.99063e-06
4.4	8.94302e-06
4.405	8.89575e-06
4.41	8.84893e-06
4.415	8.8024e-06
4.42	8.75622e-06
4.425	8.71031e-06
4.43	8.66469e-06
4.435	8.61951e-06
4.44	8.57467e-06
4.445	8.53011e-06
4.45	8.48582e-06
4.455	8.44181e-06
4.46	8.39806e-06
4.465	8.35457e-06
4.47	8.31135e-06
4.475	8.2684e-06
4.48	8.2257e-06
4.485	8.18326e-06
4.49	8.14113e-06
4.495	8.09935e-06
4.5	8.05786e-06
4.505	8.01682e-06
4.51	7.97584e-06
4.515	8.01708e-06
4.52	7.92317e-06
4.525	7.88107e-06
4.53	7.84296e-06
4.535	7.80338e-06
4.54	7.76446e-06
4.545	7.72573e-06
4.55	7.68723e-06
4.555	7.64896e-06
4.56	7.61094e-06
4.565	7.57315e-06
4.57	7.53559e-06
4.575	7.4983e-06
4.58	7.46135e-06
4.585	7.42463e-06
4.59	7.38811e-06
4.595	7.3518e-06
4.6	7.31568e-06
4.605	7.27975e-06
4.61	7.24401e-06
4.615	7.20846e-06
4.62	7.17309e-06
4.625	7.13791e-06
4.63	7.10291e-06
4.635	7.06809e-06
4.64	7.03345e-06
4.645	6.999e-06
4.65	6.96496e-06
4.655	6.93111e-06
4.66	6.89744e-06
4.665	6.8642e-06
4.67	6.83118e-06
4.675	6.79834e-06
4.68	6.76568e-06
4.685	6.7332e-06
4.69	6.68861e-06
4.695	6.66959e-06
4.7	6.6402e-06
4.705	6.60621e-06
4.71	6.57535e-06
4.715	6.54344e-06
4.72	6.51245e-06
4.725	6.48138e-06
4.73	6.45073e-06
4.735	6.4203e-06
4.74	6.39024e-06
4.745	6.36032e-06
4.75	6.33064e-06
4.755	6.30111e-06
4.76	6.27174e-06
4.765	6.24276e-06
4.77	6.21395e-06
4.775	6.1853e-06
4.78	6.1568e-06
4.785	6.12846e-06
4.79	6.10027e-06
4.795	6.07223e-06
4.8	6.0445e-06
4.805	6.01698e-06
4.81	5.98961e-06
4.815	5.96239e-06
4.82	5.9353e-06
4.825	5.90838e-06
4.83	5.88164e-06
4.835	5.8553e-06
4.84	5.8292e-06
4.845	5.80334e-06
4.85	5.77765e-06
4.855	5.75223e-06
4.86	5.72694e-06
4.865	5.70177e-06
4.87	5.67673e-06
4.875	5.65181e-06
4.88	5.62701e-06
4.885	5.60233e-06
4.89	5.57777e-06
4.895	5.55333e-06
4.9	5.529e-06
4.905	5.5048e-06
4.91	5.48074e-06
4.915	5.45702e-06
4.92	5.4334e-06
4.925	5.40989e-06
4.93	5.38652e-06
4.935	5.36333e-06
4.94	5.34028e-06
4.945	5.31734e-06
4.95	5.29453e-06
4.955	5.27213e-06
4.96	5.24985e-06
4.965	5.22767e-06
4.97	5.20562e-06
4.975	5.18381e-06
4.98	5.1621e-06
4.985	5.14047e-06
4.99	5.11894e-06
4.995	5.09749e-06
5	5.07613e-06
5.005	5.05491e-06
5.01	5.03381e-06
5.015	4.99367e-06
5.02	4.99612e-06
5.025	4.95377e-06
5.03	4.95593e-06
5.035	4.91259e-06
5.04	4.91423e-06
5.045	4.87169e-06
5.05	4.8556e-06
5.055	4.83652e-06
5.06	4.81604e-06
5.065	4.79594e-06
5.07	4.77473e-06
5.075	4.75829e-06
5.08	4.738e-06
5.085	4.71765e-06
5.09	4.69884e-06
5.095	4.67942e-06
5.1	4.65998e-06
5.105	4.64065e-06
5.11	4.62146e-06
5.115	4.60233e-06
5.12	4.58328e-06
5.125	4.56431e-06
5.13	4.54541e-06
5.135	4.52658e-06
5.14	4.50781e-06
5.145	4.48919e-06
5.15	4.47064e-06
5.155	4.45229e-06
5.16	4.43408e-06
5.165	4.41602e-06
5.17	4.39807e-06
5.175	4.38017e-06
5.18	4.36234e-06
5.185	4.34456e-06
5.19	4.32684e-06
5.195	4.30917e-06
5.2	4.29156e-06
5.205	4.274e-06
5.21	4.2565e-06
5.215	4.23906e-06
5.22	4.22166e-06
5.225	4.20433e-06
5.23	4.18713e-06
5.235	4.16999e-06
5.24	4.15238e-06
5.245	4.13524e-06
5.25	4.11823e-06
5.255	4.10145e-06
5.26	4.08478e-06
5.265	4.06816e-06
5.27	4.05159e-06
5.275	4.02922e-06
5.28	4.00731e-06
5.285	3.99244e-06
5.29	3.97836e-06
5.295	3.96224e-06
5.3	3.94606e-06
5.305	3.93001e-06
5.31	3.91396e-06
5.315	3.89794e-06
5.32	3.88195e-06
5.325	3.86599e-06
5.33	3.85007e-06
5.335	3.83418e-06
5.34	3.8183e-06
5.345	3.80245e-06
5.35	3.78668e-06
5.355	3.77096e-06
5.36	3.75529e-06
5.365	3.73974e-06
5.37	3.72426e-06
5.375	3.70882e-06
5.38	3.69342e-06
5.385	3.6781e-06
5.39	3.66282e-06
5.395	3.64757e-06
5.4	3.63237e-06
5.405	3.61719e-06
5.41	3.60206e-06
5.415	3.58625e-06
5.42	3.66697e-06
5.425	3.55809e-06
5.43	3.53437e-06
5.435	3.52268e-06
5.44	3.51042e-06
5.445	3.49541e-06
5.45	3.48063e-06
5.455	3.46605e-06
5.46	3.45149e-06
5.465	3.43697e-06
5.47	3.42249e-06
5.475	3.40804e-06
5.48	3.39362e-06
5.485	3.37923e-06
5.49	3.36487e-06
5.495	3.35054e-06
5.5	3.33624e-06
5.505	3.32196e-06
5.51	3.30772e-06
5.515	3.29351e-06
5.52	3.27934e-06
5.525	3.26519e-06
5.53	3.25108e-06
5.535	3.23705e-06
5.54	3.22307e-06
5.545	3.20916e-06
5.55	3.19531e-06
5.555	3.18149e-06
5.56	3.16773e-06
5.565	3.154e-06
5.57	3.1403e-06
5.575	3.12663e-06
5.58	3.113e-06
5.585	3.09939e-06
5.59	3.08584e-06
5.595	3.07232e-06
5.6	3.05884e-06
5.605	3.04539e-06
5.61	3.03198e-06
5.615	3.0186e-06
5.62	3.00526e-06
5.625	2.99196e-06
5.63	2.97868e-06
5.635	2.96545e-06
5.64	2.95225e-06
5.645	2.9391e-06
5.65	2.926e-06
5.655	2.91293e-06
5.66	2.8999e-06
5.665	2.88691e-06
5.67	2.87396e-06
5.675	2.86104e-06
5.68	2.84816e-06
5.685	2.83531e-06
5.69	2.82251e-06
5.695	2.80978e-06
5.7	2.79715e-06
5.705	2.78457e-06
5.71	2.77202e-06
5.715	2.75951e-06
5.72	2.74704e-06
5.725	2.7346e-06
5.73	2.72221e-06
5.735	2.70987e-06
5.74	2.69759e-06
5.745	2.68535e-06
5.75	2.67315e-06
5.755	2.66098e-06
5.76	2.64887e-06
5.765	2.63684e-06
5.77	2.62484e-06
5.775	2.61289e-06
5.78	2.60097e-06
5.785	2.58909e-06
5.79	2.57725e-06
5.795	2.56545e-06
5.8	2.55368e-06
5.805	2.54202e-06
5.81	2.5304e-06
5.815	2.51882e-06
5.82	2.50728e-06
5.825	2.49577e-06
5.83	2.48431e-06
5.835	2.47288e-06
5.84	2.46149e-06
5.845	2.45014e-06
5.85	2.43883e-06
5.855	2.42758e-06
5.86	2.41644e-06
5.865	2.40533e-06
5.87	2.39427e-06
5.875	2.38324e-06
5.88	2.37225e-06
5.885	2.3613e-06
5.89	2.35038e-06
5.895	2.33951e-06
5.9	2.3287e-06
5.905	2.31792e-06
5.91	2.30718e-06
5.915	2.29649e-06
5.92	2.28586e-06
5.925	2.27526e-06
5.93	2.2647e-06
5.935	2.25418e-06
5.94	2.2437e-06
5.945	2.23326e-06
5.95	2.22286e-06
5.955	2.2125e-06
5.96	2.20218e-06
5.965	2.19189e-06
5.97	2.18169e-06
5.975	2.17153e-06
5.98	2.1614e-06
5.985	2.15132e-06
5.99	2.14127e-06
5.995	2.13126e-06
6	2.1213e-06
6.005	2.1114e-06
6.01	2.10154e-06
6.015	2.09172e-06
6.02	2.08196e-06
6.025	2.07228e-06
6.03	2.06265e-06
6.035	2.05304e-06
6.04	2.04348e-06
6.045	2.03395e-06
6.05	2.02451e-06
6.055	2.01511e-06
6.06	2.00574e-06
6.065	1.99641e-06
6.07	1.98712e-06
6.075	1.97788e-06
6.08	1.96867e-06
6.085	1.95951e-06
6.09	1.95038e-06
6.095	1.93602e-06
6.1	1.92697e-06
6.105	1.92184e-06
6.11	1.9141e-06
6.115	1.90534e-06
6.12	1.89645e-06
6.125	1.88758e-06
6.13	1.87875e-06
6.135	1.86995e-06
6.14	1.86119e-06
6.145	1.85247e-06
6.15	1.84379e-06
6.155	1.83515e-06
6.16	1.82654e-06
6.165	1.81798e-06
6.17	1.80945e-06
6.175	1.80096e-06
6.18	1.7925e-06
6.185	1.78409e-06
6.19	1.77571e-06
6.195	1.76736e-06
6.2	1.75905e-06
6.205	1.79096e-06
6.21	1.77427e-06
6.215	1.74744e-06
6.22	1.73462e-06
6.225	1.72525e-06
6.23	1.7167e-06
6.235	1.70842e-06
6.24	1.70025e-06
6.245	1.69215e-06
6.25	1.36264e-05
6.255	1.34892e-05
6.26	1.34594e-05
6.265	1.34052e-05
6.27	1.33468e-05
6.275	1.32892e-05
6.28	1.32321e-05
6.285	1.31752e-05
6.29	1.31185e-05
6.295	1.30621e-05
6.3	1.3006e-05
6.305	1.295e-05
6.31	1.28944e-05
6.315	1.28389e-05
6.32	1.27837e-05
6.325	6.88351e-06
6.33	6.85585e-06
6.335	6.8023e-06
6.34	6.78811e-06
6.345	6.76086e-06
6.35	6.73234e-06
6.355	6.7046e-06
6.36	6.67695e-06
6.365	6.64924e-06
6.37	6.62148e-06
6.375	6.5937e-06
6.38	6.5659e-06
6.385	6.53808e-06
6.39	6.51027e-06
6.395	6.48247e-06
6.4	6.45474e-06
6.405	6.42704e-06
6.41	6.39937e-06
6.415	6.37175e-06
6.42	6.34419e-06
6.425	6.31669e-06
6.43	6.28929e-06
6.435	6.26197e-06
6.44	6.23473e-06
6.445	6.20759e-06
6.45	6.18055e-06
6.455	6.15362e-06
6.46	6.1268e-06
6.465	6.10009e-06
6.47	6.0735e-06
6.475	6.04705e-06
6.48	6.0208e-06
6.485	5.99468e-06
6.49	5.96868e-06
6.495	5.94281e-06
6.5	5.91708e-06
6.505	5.8915e-06
6.51	5.86604e-06
6.515	5.84072e-06
6.52	5.81553e-06
6.525	5.79051e-06
6.53	5.76569e-06
6.535	5.74099e-06
6.54	5.7164e-06
6.545	5.69194e-06
6.55	5.66759e-06
6.555	5.64336e-06
6.56	5.61924e-06
6.565	5.59524e-06
6.57	5.57135e-06
6.575	5.54756e-06
6.58	5.5239e-06
6.585	5.50037e-06
6.59	5.47693e-06
6.595	5.4536e-06
6.6	5.43037e-06
6.605	5.40723e-06
6.61	5.38419e-06
6.615	5.36125e-06
6.62	5.3384e-06
6.625	5.31565e-06
6.63	5.29299e-06
6.635	5.27041e-06
6.64	5.24793e-06
6.645	5.22554e-06
6.65	5.20323e-06
6.655	5.18101e-06
6.66	5.15888e-06
6.665	5.13683e-06
6.67	5.11487e-06
6.675	5.09299e-06
6.68	5.07119e-06
6.685	5.04947e-06
6.69	5.02787e-06
6.695	5.00634e-06
6.7	4.9849e-06
6.705	4.96354e-06
6.71	4.94227e-06
6.715	4.92111e-06
6.72	4.90002e-06
6.725	4.87906e-06
6.73	4.85817e-06
6.735	4.83736e-06
6.74	4.81663e-06
6.745	4.79598e-06
6.75	4.77541e-06
6.755	4.75492e-06
6.76	4.7345e-06
6.765	4.71416e-06
6.77	4.69389e-06
6.775	4.6737e-06
6.78	4.65359e-06
6.785	4.63355e-06
6.79	4.61359e-06
6.795	4.59371e-06
6.8	4.57391e-06
6.805	4.5542e-06
6.81	4.53456e-06
6.815	4.51499e-06
6.82	4.4955e-06
6.825	4.47613e-06
6.83	4.66852e-06
6.835	4.43458e-06
6.84	4.61907e-06
6.845	4.39751e-06
6.85	4.57955e-06
6.855	4.57511e-06
6.86	4.54204e-06
6.865	4.52356e-06
6.87	4.5057e-06
6.875	4.48613e-06
6.88	4.46669e-06
6.885	4.44755e-06
6.89	4.42853e-06
6.895	4.40959e-06
6.9	4.39073e-06
6.905	4.37197e-06
6.91	4.35329e-06
6.915	4.33469e-06
6.92	4.31617e-06
6.925	4.29772e-06
6.93	4.27935e-06
6.935	4.26107e-06
6.94	4.24285e-06
6.945	4.22472e-06
6.95	4.20666e-06
6.955	4.18868e-06
6.96	4.17077e-06
6.965	4.15294e-06
6.97	4.13518e-06
6.975	4.1175e-06
6.98	4.09989e-06
6.985	4.08236e-06
6.99	4.0649e-06
6.995	4.04756e-06
7	4.0303e-06
7.005	4.01311e-06
7.01	3.99603e-06
7.015	3.97905e-06
7.02	3.96214e-06
7.025	3.9453e-06
7.03	3.92853e-06
7.035	3.91183e-06
7.04	3.8952e-06
7.045	3.87864e-06
7.05	3.86215e-06
7.055	3.84572e-06
7.06	3.82937e-06
7.065	3.81309e-06
7.07	3.79687e-06
7.075	3.78073e-06
7.08	3.76465e-06
7.085	3.74864e-06
7.09	3.73269e-06
7.095	3.71682e-06
7.1	3.70101e-06
7.105	3.68526e-06
7.11	3.66959e-06
7.115	3.65398e-06
7.12	3.63843e-06
7.125	3.62295e-06
7.13	3.60754e-06
7.135	3.59219e-06
7.14	3.42113e-06
7.145	3.65976e-06
7.15	3.40517e-06
7.155	3.37919e-06
7.16	3.63021e-06
7.165	3.36145e-06
7.17	3.33413e-06
7.175	3.58419e-06
7.18	3.31936e-06
7.185	3.2912e-06
7.19	3.53866e-06
7.195	3.57882e-06
7.2	3.52786e-06
7.205	3.49881e-06
7.21	3.49127e-06
7.215	3.48245e-06
7.22	3.4678e-06
7.225	3.45165e-06
7.23	3.4364e-06
7.235	3.42195e-06
7.24	3.40771e-06
7.245	3.39347e-06
7.25	3.37925e-06
7.255	3.36504e-06
7.26	3.35089e-06
7.265	3.3368e-06
7.27	3.32277e-06
7.275	3.3088e-06
7.28	3.29488e-06
7.285	3.28102e-06
7.29	3.26721e-06
7.295	3.25346e-06
7.3	3.23976e-06
7.305	3.22612e-06
7.31	3.21253e-06
7.315	3.199e-06
7.32	3.18551e-06
7.325	3.17209e-06
7.33	3.15871e-06
7.335	3.14539e-06
7.34	3.13212e-06
7.345	3.1189e-06
7.35	3.10574e-06
7.355	3.09262e-06
7.36	3.07956e-06
7.365	3.06655e-06
7.37	3.0536e-06
7.375	3.04069e-06
7.38	3.02784e-06
7.385	3.01503e-06
7.39	3.00228e-06
7.395	2.98958e-06
7.4	2.97693e-06
7.405	2.96433e-06
7.41	2.95178e-06
7.415	2.93928e-06
7.42	2.92683e-06
7.425	2.91443e-06
7.43	2.90209e-06
7.435	2.8898e-06
7.44	2.87756e-06
7.445	2.86536e-06
7.45	2.85322e-06
7.455	2.84114e-06
7.46	2.8291e-06
7.465	2.81711e-06
7.47	2.80517e-06
7.475	2.79327e-06
7.48	2.78142e-06
7.485	2.76962e-06
7.49	2.75787e-06
7.495	2.74616e-06
7.5	2.7345e-06
7.505	2.72289e-06
7.51	2.71132e-06
7.515	2.6998e-06
7.52	2.68833e-06
7.525	2.6769e-06
7.53	2.66551e-06
7.535	2.65417e-06
7.54	2.64288e-06
7.545	2.63163e-06
7.55	2.62043e-06
7.555	2.60927e-06
7.56	2.59816e-06
7.565	2.58709e-06
7.57	2.57606e-06
7.575	2.56508e-06
7.58	2.55414e-06
7.585	2.54325e-06
7.59	2.5324e-06
7.595	2.52159e-06
7.6	2.51083e-06
7.605	2.50011e-06
7.61	2.48943e-06
7.615	2.47879e-06
7.62	2.4682e-06
7.625	2.45765e-06
7.63	2.44715e-06
7.635	2.43668e-06
7.64	2.42626e-06
7.645	2.41588e-06
7.65	2.40554e-06
7.655	2.39524e-06
7.66	2.38498e-06
7.665	2.37477e-06
7.67	2.36459e-06
7.675	2.35446e-06
7.68	2.34437e-06
7.685	2.33432e-06
7.69	2.32431e-06
7.695	2.31434e-06
7.7	2.30441e-06
7.705	2.29452e-06
7.71	2.28467e-06
7.715	2.27486e-06
7.72	2.26509e-06
7.725	2.25536e-06
7.73	2.24567e-06
7.735	2.23601e-06
7.74	2.2264e-06
7.745	2.21683e-06
7.75	2.20731e-06
7.755	2.19783e-06
7.76	2.18838e-06
7.765	2.17897e-06
7.77	2.1696e-06
7.775	2.16027e-06
7.78	2.15098e-06
7.785	2.14172e-06
7.79	2.1325e-06
7.795	2.12332e-06
7.8	2.11418e-06
7.805	2.10507e-06
7.81	2.09601e-06
7.815	2.08699e-06
7.82	2.078e-06
7.825	2.06905e-06
7.83	2.06013e-06
7.835	2.05126e-06
7.84	2.04242e-06
7.845	2.03361e-06
7.85	2.02484e-06
7.855	2.01611e-06
7.86	2.00741e-06
7.865	1.99875e-06
7.87	1.99013e-06
7.875	1.98154e-06
7.88	1.97298e-06
7.885	1.96446e-06
7.89	1.95598e-06
7.895	1.94753e-06
7.9	1.93912e-06
7.905	1.93074e-06
7.91	1.92239e-06
7.915	1.91408e-06
7.92	1.90581e-06
7.925	1.89757e-06
7.93	1.88936e-06
7.935	1.88119e-06
7.94	1.87305e-06
7.945	1.86495e-06
7.95	1.85687e-06
7.955	1.84884e-06
7.96	1.84083e-06
7.965	1.83286e-06
7.97	1.82493e-06
7.975	1.81703e-06
7.98	1.80917e-06
7.985	1.80133e-06
7.99	1.79353e-06
7.995	1.78576e-06
8	1.77803e-06
8.005	1.77032e-06
8.01	1.76265e-06
8.015	1.75502e-06
8.02	1.74741e-06
8.025	1.73984e-06
8.03	1.7323e-06
8.035	1.72479e-06
8.04	1.71731e-06
8.045	1.70987e-06
8.05	1.70245e-06
8.055	1.69507e-06
8.06	1.68772e-06
8.065	1.68039e-06
8.07	1.6731e-06
8.075	1.66585e-06
8.08	1.65862e-06
8.085	1.65142e-06
8.09	1.64425e-06
8.095	1.63712e-06
8.1	1.63002e-06
8.105	1.62295e-06
8.11	1.61591e-06
8.115	1.6089e-06
8.12	1.60192e-06
8.125	1.59498e-06
8.13	1.58806e-06
8.135	1.58116e-06
8.14	1.5743e-06
8.145	1.56747e-06
8.15	1.56067e-06
8.155	1.5539e-06
8.16	1.54716e-06
8.165	1.54045e-06
8.17	1.53376e-06
8.175	1.52711e-06
8.18	1.52048e-06
8.185	1.51388e-06
8.19	1.50731e-06
8.195	1.50077e-06
8.2	1.49426e-06
8.205	1.48777e-06
8.21	1.48132e-06
8.215	1.47489e-06
8.22	1.46848e-06
8.225	1.46211e-06
8.23	1.45576e-06
8.235	1.44944e-06
8.24	1.44315e-06
8.245	1.43689e-06
8.25	1.43065e-06
8.255	1.42444e-06
8.26	1.41825e-06
8.265	1.4121e-06
8.27	1.40596e-06
8.275	1.39986e-06
8.28	1.39378e-06
8.285	1.38773e-06
8.29	1.38171e-06
8.295	1.37571e-06
8.3	1.36974e-06
8.305	1.36379e-06
8.31	1.35787e-06
8.315	1.35197e-06
8.32	1.34611e-06
8.325	1.34026e-06
8.33	1.33444e-06
8.335	1.32865e-06
8.34	1.32288e-06
8.345	1.31714e-06
8.35	1.31143e-06
8.355	1.30573e-06
8.36	1.30007e-06
8.365	1.29442e-06
8.37	1.28881e-06
8.375	1.28321e-06
8.38	1.27765e-06
8.385	1.2721e-06
8.39	1.26658e-06
8.395	1.26109e-06
8.4	1.25562e-06
8.405	1.25017e-06
8.41	1.24475e-06
8.415	1.23935e-06
8.42	1.23397e-06
8.425	1.22862e-06
8.43	1.22329e-06
8.435	1.21799e-06
8.44	1.21271e-06
8.445	1.20745e-06
8.45	1.20221e-06
8.455	1.197e-06
8.46	1.19181e-06
8.465	1.18665e-06
8.47	1.18151e-06
8.475	1.17639e-06
8.48	1.17129e-06
8.485	1.16621e-06
8.49	1.16116e-06
8.495	1.15614e-06
8.5	1.15113e-06
8.505	1.14615e-06
8.51	1.14119e-06
8.515	1.13625e-06
8.52	1.13133e-06
8.525	1.12644e-06
8.53	1.12157e-06
8.535	1.11672e-06
8.54	1.11189e-06
8.545	1.10709e-06
8.55	1.10231e-06
8.555	1.09754e-06
8.56	1.0928e-06
8.565	1.08808e-06
8.57	1.08338e-06
8.575	1.07871e-06
8.58	1.07405e-06
8.585	1.06941e-06
8.59	1.0648e-06
8.595	1.0602e-06
8.6	1.05563e-06
8.605	1.05107e-06
8.61	1.04654e-06
8.615	1.04202e-06
8.62	1.03753e-06
8.625	1.03306e-06
8.63	1.0286e-06
8.635	1.02417e-06
8.64	1.01976e-06
8.645	1.01536e-06
8.65	1.01099e-06
8.655	1.00663e-06
8.66	1.0023e-06
8.665	9.97978e-07
8.67	1.29568e-06
8.675	8.61312e-07
8.68	1.18585e-06
8.685	8.85871e-07
8.69	1.19788e-06
8.695	8.5856e-07
8.7	1.18372e-06
8.705	8.73113e-07
8.71	1.17566e-06
8.715	8.42088e-07
8.72	1.16252e-06
8.725	8.58622e-07
8.73	1.15629e-06
8.735	8.27867e-07
8.74	1.14263e-06
8.745	8.43947e-07
8.75	1.1366e-06
8.755	8.13816e-07
8.76	1.1232e-06
8.765	8.29555e-07
8.77	1.11725e-06
8.775	7.99994e-07
8.78	1.10408e-06
8.785	8.1541e-07
8.79	1.09823e-06
8.795	7.86391e-07
8.8	1.08528e-06
8.805	8.01499e-07
8.81	1.07952e-06
8.815	7.73012e-07
8.82	1.06679e-06
8.825	7.87821e-07
8.83	1.06113e-06
8.835	7.59857e-07
8.84	1.04862e-06
8.845	7.74375e-07
8.85	1.04305e-06
8.855	7.46924e-07
8.86	1.03077e-06
8.865	7.61162e-07
8.87	1.0253e-06
8.875	7.34215e-07
8.88	1.01323e-06
8.885	7.48179e-07
8.89	1.00787e-06
8.895	7.21726e-07
8.9	9.96001e-07
8.905	1.05586e-06
8.91	6.59473e-07
8.915	9.32621e-07
8.92	1.02757e-06
8.925	6.62988e-07
8.93	9.32898e-07
8.935	1.01764e-06
8.94	9.29111e-07
8.945	9.68503e-07
8.95	1.00334e-06
8.955	8.24875e-07
8.96	9.21154e-07
8.965	1.03912e-06
8.97	9.02334e-07
8.975	9.46763e-07
8.98	9.61742e-07
8.985	8.96227e-07
8.99	8.71759e-07
8.995	8.7847e-07
9	8.84038e-07
9.005	8.50235e-07
9.01	8.40731e-07
9.015	8.66586e-07
9.02	8.38465e-07
9.025	8.36161e-07
9.03	8.6042e-07
9.035	8.61922e-07
9.04	8.06133e-07
9.045	8.03963e-07
9.05	8.40542e-07
9.055	8.49455e-07
9.06	8.0338e-07
9.065	7.97898e-07
9.07	8.27179e-07
9.075	8.32756e-07
9.08	7.83733e-07
9.085	7.81156e-07
9.09	8.13331e-07
9.095	8.20163e-07
9.1	7.74043e-07
9.105	7.69708e-07
9.11	7.99418e-07
9.115	8.05391e-07
9.12	7.58761e-07
9.125	7.55624e-07
9.13	7.8603e-07
9.135	7.92344e-07
9.14	7.47403e-07
9.145	7.43584e-07
9.15	7.72689e-07
9.155	7.78576e-07
9.16	7.33832e-07
9.165	7.30549e-07
9.17	7.5968e-07
9.175	7.65654e-07
9.18	7.22079e-07
9.185	7.18528e-07
9.19	7.4682e-07
9.195	7.52555e-07
9.2	7.09472e-07
9.205	7.06182e-07
9.21	7.34223e-07
9.215	7.39945e-07
9.22	6.97775e-07
9.225	1.42212e-06
9.23	1.01327e-06
9.235	9.44528e-07
9.24	8.71604e-07
9.245	8.23737e-07
9.25	6.82937e-07
9.255	1.31113e-06
9.26	9.33667e-07
9.265	8.24607e-07
9.27	7.67901e-07
9.275	1.42079e-06
9.28	9.38832e-07
9.285	8.08357e-07
9.29	7.29741e-07
9.295	1.34913e-06
9.3	9.30345e-07
9.305	7.97236e-07
9.31	7.3219e-07
9.315	1.35688e-06
9.32	9.13932e-07
9.325	7.82358e-07
9.33	7.09968e-07
9.335	1.32328e-06
9.34	9.04948e-07
9.345	7.70944e-07
9.35	7.06799e-07
9.355	1.31873e-06
9.36	8.88157e-07
9.365	7.56914e-07
9.37	6.88105e-07
9.375	1.28779e-06
9.38	8.76538e-07
9.385	7.45183e-07
9.39	6.82365e-07
9.395	1.27683e-06
9.4	8.60592e-07
9.405	7.31997e-07
9.41	6.66237e-07
9.415	1.24877e-06
9.42	8.47927e-07
9.425	7.20258e-07
9.43	6.58881e-07
9.435	1.23454e-06
9.44	8.3282e-07
9.445	7.0774e-07
9.45	6.44677e-07
9.455	1.20904e-06
9.46	8.19896e-07
9.465	6.96192e-07
9.47	6.36362e-07
9.475	1.19303e-06
9.48	8.05541e-07
9.485	6.8423e-07
9.49	6.23577e-07
9.495	1.16968e-06
9.5	7.92683e-07
9.505	6.72952e-07
9.51	6.14742e-07
9.515	1.15279e-06
9.52	7.78987e-07
9.525	6.61473e-07
9.53	6.03015e-07
9.535	1.13117e-06
9.54	7.66347e-07
9.545	6.505e-07
9.55	5.93947e-07
9.555	1.11393e-06
9.56	7.53236e-07
9.565	6.39455e-07
9.57	5.83029e-07
9.575	1.09369e-06
9.58	7.4089e-07
9.585	6.28806e-07
9.59	5.73916e-07
9.595	1.07644e-06
9.6	7.28302e-07
9.605	6.18163e-07
9.61	1.37048e-06
9.615	6.92113e-07
9.62	6.09378e-07
9.625	1.2893e-06
9.63	6.65027e-07
9.635	5.78761e-07
9.64	5.32363e-07
9.645	1.06092e-06
9.65	7.34802e-07
9.655	6.06659e-07
9.66	1.33654e-06
9.665	7.06585e-07
9.67	5.90407e-07
9.675	1.23921e-06
9.68	6.46656e-07
9.685	5.36021e-07
9.69	1.30699e-06
9.695	7.83372e-07
9.7	5.9648e-07
9.705	1.25434e-06
9.71	7.38383e-07
9.715	5.65192e-07
9.72	4.93985e-07
9.725	1.06152e-06
9.73	7.65036e-07
9.735	5.76056e-07
9.74	5.47218e-07
9.745	1.10428e-06
9.75	6.74649e-07
9.755	5.3864e-07
9.76	1.26559e-06
9.765	6.42242e-07
9.77	5.12051e-07
9.775	1.17417e-06
9.78	7.3564e-07
9.785	5.57264e-07
9.79	1.25508e-06
9.795	7.32953e-07
9.8	5.19457e-07
9.805	1.20218e-06
9.81	7.18899e-07
9.815	5.02411e-07
9.82	5.25992e-07
9.825	1.23079e-06
9.83	7.91944e-07
9.835	5.43925e-07
9.84	4.79539e-07
9.845	1.00237e-06
9.85	6.78629e-07
9.855	5.08365e-07
9.86	1.21262e-06
9.865	6.61135e-07
9.87	4.96624e-07
9.875	1.11676e-06
9.88	6.4774e-07
9.885	4.70026e-07
9.89	1.22503e-06
9.895	7.97142e-07
9.9	5.06778e-07
9.905	1.17929e-06
9.91	7.93691e-07
9.915	5.00326e-07
9.92	4.70624e-07
9.925	1.17527e-06
9.93	8.44629e-07
9.935	5.18952e-07
9.94	4.81796e-07
9.945	1.06344e-06
9.95	6.64265e-07
9.955	4.6576e-07
9.96	1.16666e-06
9.965	6.39625e-07
9.97	4.4604e-07
9.975	1.08171e-06
9.98	6.85307e-07
9.985	4.65724e-07
9.99	1.21577e-06
9.995	7.67241e-07
10	4.49071e-07
