0.005	0.0328786
0.01	0.00289416
0.015	0.0017547
0.02	0.00128022
0.025	0.00104402
0.03	0.00092189
0.035	0.000872014
0.04	0.000868264
0.045	0.000890617
0.05	0.000924249
0.055	0.000961383
0.06	0.000998484
0.065	0.00102097
0.07	0.00104176
0.075	0.00105598
0.08	0.00106301
0.085	0.00106588
0.09	0.00106449
0.095	0.00106357
0.1	0.00105675
0.105	0.00103458
0.11	0.00103157
0.115	0.00102795
0.12	0.000930806
0.125	0.000898665
0.13	0.000934818
0.135	0.000915585
0.14	0.000913361
0.145	0.000974469
0.15	0.000908674
0.155	0.00092147
0.16	0.000911026
0.165	0.000795934
0.17	0.000922557
0.175	0.000816662
0.18	0.000799403
0.185	0.00081528
0.19	0.000939643
0.195	0.00077973
0.2	0.000777594
0.205	0.000750783
0.21	0.000763026
0.215	0.000921862
0.22	0.000776313
0.225	0.000769391
0.23	0.00075915
0.235	0.000740556
0.24	0.000721779
0.245	0.000731119
0.25	0.000704711
0.255	0.000735174
0.26	0.000676722
0.265	0.000665636
0.27	0.000648116
0.275	0.000639979
0.28	0.000587096
0.285	0.000628723
0.29	0.00062559
0.295	0.000569871
0.3	0.00055206
0.305	0.000676072
0.31	0.000607228
0.315	0.00057791
0.32	0.000572566
0.325	0.000564412
0.33	0.000543751
0.335	0.000582639
0.34	0.000566533
0.345	0.000570062
0.35	0.000547935
0.355	0.00053267
0.36	0.00054905
0.365	0.000539126
0.37	0.000530583
0.375	0.000585523
0.38	0.000553441
0.385	0.000528139
0.39	0.000575386
0.395	0.000527706
0.4	0.000526578
0.405	0.000526688
0.41	0.000527522
0.415	0.000528919
0.42	0.000541655
0.425	0.000531491
0.43	0.00052817
0.435	0.000515144
0.44	0.000545054
0.445	0.000527747
0.45	0.00052309
0.455	0.000522682
0.46	0.000520478
0.465	0.00052976
0.47	0.00053454
0.475	0.000543644
0.48	0.000529146
0.485	0.000543647
0.49	0.000469189
0.495	0.000436692
0.5	0.000453026
0.505	0.000477339
0.51	0.000187257
0.515	0.000479957
0.52	0.000475135
0.525	0.000452854
0.53	0.000483451
0.535	0.000461387
0.54	0.000457573
0.545	0.000183074
0.55	0.000464487
0.555	0.000436466
0.56	0.000423676
0.565	0.000436662
0.57	0.000425187
0.575	0.000397558
0.58	0.000454362
0.585	0.000440027
0.59	0.000429771
0.595	0.000421222
0.6	0.000445102
0.605	0.000433345
0.61	0.000430362
0.615	0.00042258
0.62	0.000419407
0.625	0.000165997
0.63	0.000165573
0.635	0.000164012
0.64	0.000163688
0.645	0.00040585
0.65	0.000399214
0.655	0.000159055
0.66	0.000394179
0.665	0.000388903
0.67	0.000389111
0.675	0.00038434
0.68	0.000156736
0.685	0.000155564
0.69	0.000156022
0.695	0.000155388
0.7	0.000385311
0.705	0.000154298
0.71	0.000154857
0.715	0.000387743
0.72	0.000393693
0.725	0.000384096
0.73	0.000385245
0.735	0.000375089
0.74	0.000154407
0.745	0.000369231
0.75	0.000164124
0.755	0.000379737
0.76	0.000374868
0.765	0.000145959
0.77	0.000147475
0.775	0.00014721
0.78	0.000145927
0.785	0.000142758
0.79	0.000142753
0.795	0.000142379
0.8	0.000141899
0.805	0.000141265
0.81	0.000141132
0.815	0.000336694
0.82	0.000136119
0.825	0.000149797
0.83	0.000136901
0.835	0.00013513
0.84	0.000336075
0.845	0.000336672
0.85	0.000347345
0.855	0.00032637
0.86	0.000331466
0.865	0.000341269
0.87	0.000331654
0.875	0.000129663
0.88	0.000132428
0.885	0.000137545
0.89	0.000268371
0.895	0.000122472
0.9	0.000312313
0.905	0.000314747
0.91	0.000310851
0.915	0.000121206
0.92	0.000298299
0.925	0.000117527
0.93	0.000304079
0.935	0.000120866
0.94	0.000117756
0.945	0.000118523
0.95	0.000117638
0.955	0.000116884
0.96	0.000116959
0.965	0.000277181
0.97	0.000302286
0.975	0.000111443
0.98	0.000111003
0.985	0.000291721
0.99	0.00028977
0.995	0.000109625
1	0.000109695
1.005	0.000107522
1.01	0.000276387
1.015	0.000283057
1.02	0.000285739
1.025	0.000105901
1.03	0.000103015
1.035	0.000103182
1.04	0.000102642
1.045	0.000102571
1.05	9.95593e-05
1.055	9.98401e-05
1.06	9.88242e-05
1.065	9.79486e-05
1.07	9.69623e-05
1.075	9.61211e-05
1.08	9.62331e-05
1.085	9.56586e-05
1.09	0.000252075
1.095	9.04254e-05
1.1	9.14822e-05
1.105	9.0173e-05
1.11	8.96052e-05
1.115	9.02281e-05
1.12	0.000232442
1.125	8.66376e-05
1.13	8.4566e-05
1.135	8.35329e-05
1.14	0.000226226
1.145	8.23355e-05
1.15	0.000229444
1.155	0.000227096
1.16	7.95584e-05
1.165	0.000216544
1.17	0.000215234
1.175	7.76778e-05
1.18	7.69062e-05
1.185	0.000208961
1.19	7.39783e-05
1.195	0.000212571
1.2	7.92487e-05
1.205	7.40635e-05
1.21	0.000185428
1.215	0.000202973
1.22	0.000193763
1.225	0.000195804
1.23	0.000195287
1.235	0.000197409
1.24	0.000190739
1.245	0.000186879
1.25	0.000176158
1.255	0.000172935
1.26	0.000220269
1.265	6.36664e-05
1.27	0.000180095
1.275	0.00018192
1.28	0.000185419
1.285	0.000179033
1.29	0.000182602
1.295	0.000168231
1.3	0.000131546
1.305	0.000155135
1.31	0.00016157
1.315	0.000167686
1.32	0.00017115
1.325	0.00016066
1.33	0.000157868
1.335	0.000153617
1.34	0.000157172
1.345	0.000156293
1.35	0.000157955
1.355	0.000148533
1.36	0.000150378
1.365	0.00016077
1.37	0.000142666
1.375	0.000139357
1.38	0.000135361
1.385	0.000132761
1.39	0.000134105
1.395	0.000140707
1.4	0.000130478
1.405	0.000128731
1.41	0.000127148
1.415	0.00012583
1.42	0.000126683
1.425	0.00012239
1.43	0.00011759
1.435	0.000120337
1.44	0.000117786
1.445	0.000121207
1.45	0.000113831
1.455	0.000111604
1.46	0.000112699
1.465	0.000109112
1.47	0.000107479
1.475	0.00010571
1.48	0.000102207
1.485	0.000104623
1.49	0.000100825
1.495	9.94574e-05
1.5	9.93684e-05
1.505	9.60752e-05
1.51	9.45131e-05
1.515	9.29651e-05
1.52	9.15856e-05
1.525	9.03662e-05
1.53	8.84895e-05
1.535	8.69933e-05
1.54	8.54499e-05
1.545	8.39439e-05
1.55	8.4152e-05
1.555	8.29097e-05
1.56	8.22118e-05
1.565	7.93211e-05
1.57	7.82224e-05
1.575	7.80798e-05
1.58	7.28388e-05
1.585	7.3414e-05
1.59	7.22514e-05
1.595	7.082e-05
1.6	6.95678e-05
1.605	6.83593e-05
1.61	6.72227e-05
1.615	6.60983e-05
1.62	6.60706e-05
1.625	6.2234e-05
1.63	6.22211e-05
1.635	6.15504e-05
1.64	6.034e-05
1.645	5.91338e-05
1.65	5.85185e-05
1.655	6.18113e-05
1.66	5.40467e-05
1.665	4.8116e-05
1.67	8.91115e-05
1.675	7.76273e-05
1.68	4.8852e-05
1.685	5.5994e-05
1.69	6.08359e-05
1.695	6.21637e-05
1.7	5.70254e-05
1.705	7.01601e-05
1.71	5.74721e-05
1.715	4.9887e-05
1.72	5.62277e-05
1.725	4.87147e-05
1.73	4.93112e-05
1.735	4.35995e-05
1.74	4.28387e-05
1.745	4.26725e-05
1.75	4.48632e-05
1.755	5.11742e-05
1.76	4.25901e-05
1.765	4.02471e-05
1.77	4.3639e-05
1.775	4.60746e-05
1.78	3.72243e-05
1.785	3.0837e-05
1.79	3.44405e-05
1.795	3.33654e-05
1.8	3.04036e-05
1.805	3.17551e-05
1.81	3.14358e-05
1.815	3.04351e-05
1.82	3.00257e-05
1.825	2.98719e-05
1.83	3.07523e-05
1.835	3.05648e-05
1.84	4.36525e-05
1.845	2.73284e-05
1.85	2.62575e-05
1.855	3.20668e-05
1.86	3.00762e-05
1.865	2.69518e-05
1.87	2.68742e-05
1.875	2.62645e-05
1.88	2.64866e-05
1.885	2.66654e-05
1.89	2.54784e-05
1.895	2.75813e-05
1.9	2.61459e-05
1.905	2.81708e-05
1.91	2.38177e-05
1.915	2.35268e-05
1.92	2.43355e-05
1.925	2.30706e-05
1.93	2.33396e-05
1.935	2.36212e-05
1.94	2.34986e-05
1.945	2.33409e-05
1.95	2.31968e-05
1.955	2.30688e-05
1.96	2.29576e-05
1.965	2.2871e-05
1.97	2.28319e-05
1.975	2.29136e-05
1.98	2.32172e-05
1.985	2.55089e-05
1.99	2.55995e-05
1.995	2.23577e-05
2	2.21448e-05
2.005	2.22317e-05
2.01	2.19942e-05
2.015	2.19027e-05
2.02	2.15303e-05
2.025	2.53195e-05
2.03	2.24419e-05
2.035	2.21353e-05
2.04	2.20929e-05
2.045	2.20855e-05
2.05	2.20807e-05
2.055	2.20773e-05
2.06	2.2066e-05
2.065	2.20313e-05
2.07	2.1932e-05
2.075	2.17106e-05
2.08	2.52488e-05
2.085	4.55948e-05
2.09	2.89912e-05
2.095	3.27919e-05
2.1	3.48291e-05
2.105	3.22671e-05
2.11	2.46306e-05
2.115	2.25413e-05
2.12	2.19444e-05
2.125	2.27942e-05
2.13	2.23261e-05
2.135	2.24253e-05
2.14	4.74615e-05
2.145	2.93601e-05
2.15	3.0111e-05
2.155	2.34639e-05
2.16	2.37436e-05
2.165	2.37989e-05
2.17	2.35625e-05
2.175	2.45382e-05
2.18	2.52825e-05
2.185	2.49171e-05
2.19	2.84312e-05
2.195	2.53568e-05
2.2	2.82329e-05
2.205	2.64363e-05
2.21	4.67388e-05
2.215	2.50907e-05
2.22	2.47305e-05
2.225	2.45859e-05
2.23	2.47168e-05
2.235	2.48901e-05
2.24	2.50257e-05
2.245	3.15114e-05
2.25	2.5724e-05
2.255	2.34493e-05
2.26	2.55757e-05
2.265	2.55078e-05
2.27	2.56853e-05
2.275	2.58726e-05
2.28	2.62639e-05
2.285	2.70088e-05
2.29	2.63807e-05
2.295	2.79078e-05
2.3	2.97979e-05
2.305	2.94504e-05
2.31	3.06593e-05
2.315	2.90274e-05
2.32	2.70311e-05
2.325	3.31626e-05
2.33	2.67532e-05
2.335	2.68593e-05
2.34	2.69406e-05
2.345	2.70193e-05
2.35	2.70911e-05
2.355	2.71523e-05
2.36	2.71995e-05
2.365	2.72763e-05
2.37	2.77457e-05
2.375	3.11484e-05
2.38	2.78496e-05
2.385	2.75055e-05
2.39	2.75815e-05
2.395	2.76548e-05
2.4	2.7887e-05
2.405	2.83749e-05
2.41	2.91538e-05
2.415	3.30911e-05
2.42	3.34656e-05
2.425	2.87464e-05
2.43	2.90726e-05
2.435	3.01758e-05
2.44	2.95552e-05
2.445	3.10383e-05
2.45	2.89072e-05
2.455	2.92212e-05
2.46	2.97912e-05
2.465	2.96266e-05
2.47	2.89652e-05
2.475	2.90831e-05
2.48	2.91833e-05
2.485	2.93183e-05
2.49	2.93562e-05
2.495	2.95323e-05
2.5	2.95089e-05
2.505	2.99619e-05
2.51	3.09608e-05
2.515	3.34128e-05
2.52	3.14261e-05
2.525	2.97677e-05
2.53	3.38421e-05
2.535	3.01761e-05
2.54	3.02014e-05
2.545	2.6518e-05
2.55	2.69311e-05
2.555	2.83432e-05
2.56	2.87403e-05
2.565	2.88648e-05
2.57	2.89139e-05
2.575	2.89687e-05
2.58	2.90015e-05
2.585	2.49929e-05
2.59	2.55069e-05
2.595	2.89365e-05
2.6	2.90837e-05
2.605	2.90791e-05
2.61	2.90857e-05
2.615	2.92033e-05
2.62	2.9885e-05
2.625	2.8974e-05
2.63	3.01031e-05
2.635	2.88582e-05
2.64	2.89422e-05
2.645	2.89344e-05
2.65	2.89236e-05
2.655	2.89142e-05
2.66	2.89049e-05
2.665	2.88958e-05
2.67	2.88872e-05
2.675	2.88797e-05
2.68	2.91446e-05
2.685	2.90441e-05
2.69	2.89923e-05
2.695	2.90094e-05
2.7	2.90713e-05
2.705	2.88024e-05
2.71	2.8394e-05
2.715	2.85533e-05
2.72	2.86244e-05
2.725	2.86496e-05
2.73	2.86815e-05
2.735	2.8751e-05
2.74	2.89594e-05
2.745	2.96097e-05
2.75	3.4491e-05
2.755	2.90069e-05
2.76	2.47749e-05
2.765	2.74588e-05
2.77	3.03084e-05
2.775	2.83491e-05
2.78	2.79522e-05
2.785	2.78708e-05
2.79	2.77613e-05
2.795	2.77004e-05
2.8	2.76214e-05
2.805	2.75429e-05
2.81	2.74574e-05
2.815	2.73639e-05
2.82	2.72579e-05
2.825	2.71039e-05
2.83	2.69359e-05
2.835	2.66747e-05
2.84	2.61631e-05
2.845	2.80524e-05
2.85	2.95078e-05
2.855	3.13451e-05
2.86	2.66751e-05
2.865	2.67335e-05
2.87	2.65285e-05
2.875	2.64798e-05
2.88	2.64231e-05
2.885	2.63616e-05
2.89	2.62972e-05
2.895	2.62295e-05
2.9	2.61598e-05
2.905	2.60897e-05
2.91	2.60216e-05
2.915	2.5958e-05
2.92	2.5902e-05
2.925	2.58611e-05
2.93	2.58537e-05
2.935	2.5928e-05
2.94	2.62652e-05
2.945	2.39859e-05
2.95	2.45398e-05
2.955	2.33938e-05
2.96	2.50657e-05
2.965	2.63388e-05
2.97	2.56986e-05
2.975	2.55829e-05
2.98	2.54529e-05
2.985	2.53023e-05
2.99	2.50565e-05
2.995	2.50886e-05
3	2.4988e-05
3.005	2.48737e-05
3.01	2.47595e-05
3.015	2.46455e-05
3.02	2.45314e-05
3.025	2.44173e-05
3.03	2.43785e-05
3.035	2.41726e-05
3.04	2.40816e-05
3.045	2.39554e-05
3.05	2.38511e-05
3.055	2.37311e-05
3.06	2.36229e-05
3.065	2.35056e-05
3.07	2.33946e-05
3.075	2.32789e-05
3.08	2.31665e-05
3.085	2.30517e-05
3.09	2.29394e-05
3.095	2.28272e-05
3.1	2.27162e-05
3.105	2.30452e-05
3.11	2.29316e-05
3.115	2.28206e-05
3.12	2.27118e-05
3.125	2.26042e-05
3.13	2.24989e-05
3.135	2.23949e-05
3.14	2.22942e-05
3.145	2.21963e-05
3.15	2.21025e-05
3.155	2.20131e-05
3.16	2.1928e-05
3.165	2.1849e-05
3.17	2.17798e-05
3.175	2.17214e-05
3.18	2.16763e-05
3.185	2.16512e-05
3.19	1.88429e-05
3.195	2.0194e-05
3.2	2.05213e-05
3.205	1.88749e-05
3.21	1.89622e-05
3.215	1.89124e-05
3.22	1.88515e-05
3.225	1.87913e-05
3.23	1.5862e-05
3.235	1.7491e-05
3.24	1.85981e-05
3.245	1.85832e-05
3.25	1.84987e-05
3.255	1.84175e-05
3.26	1.83479e-05
3.265	1.83537e-05
3.27	1.85678e-05
3.275	1.74178e-05
3.28	1.73172e-05
3.285	1.72732e-05
3.29	1.72285e-05
3.295	1.71774e-05
3.3	1.71213e-05
3.305	1.70614e-05
3.31	1.69989e-05
3.315	1.69343e-05
3.32	1.68682e-05
3.325	1.68009e-05
3.33	1.67325e-05
3.335	1.66632e-05
3.34	1.65932e-05
3.345	1.65225e-05
3.35	1.64513e-05
3.355	1.63795e-05
3.36	1.63072e-05
3.365	1.62345e-05
3.37	1.61614e-05
3.375	1.6088e-05
3.38	1.60142e-05
3.385	1.59402e-05
3.39	1.58659e-05
3.395	1.57913e-05
3.4	1.57167e-05
3.405	1.56421e-05
3.41	1.55673e-05
3.415	1.54928e-05
3.42	1.54181e-05
3.425	1.53435e-05
3.43	1.52691e-05
3.435	1.51951e-05
3.44	1.51213e-05
3.445	1.50479e-05
3.45	1.49746e-05
3.455	1.50116e-05
3.46	1.4751e-05
3.465	1.4824e-05
3.47	1.46915e-05
3.475	1.46096e-05
3.48	1.45317e-05
3.485	1.44545e-05
3.49	1.43781e-05
3.495	1.43027e-05
3.5	1.42279e-05
3.505	1.41536e-05
3.51	1.40795e-05
3.515	1.40057e-05
3.52	1.39321e-05
3.525	1.38587e-05
3.53	1.37854e-05
3.535	1.37122e-05
3.54	1.36394e-05
3.545	1.35669e-05
3.55	1.34945e-05
3.555	1.34221e-05
3.56	1.33497e-05
3.565	1.32774e-05
3.57	1.32051e-05
3.575	1.31329e-05
3.58	1.30617e-05
3.585	1.29907e-05
3.59	1.2984e-05
3.595	1.29983e-05
3.6	1.28251e-05
3.605	1.27346e-05
3.61	1.26601e-05
3.615	1.25894e-05
3.62	1.25197e-05
3.625	1.24501e-05
3.63	1.23805e-05
3.635	1.23109e-05
3.64	1.22413e-05
3.645	1.21717e-05
3.65	1.21023e-05
3.655	1.20328e-05
3.66	1.19636e-05
3.665	1.18948e-05
3.67	1.18261e-05
3.675	1.17575e-05
3.68	1.1689e-05
3.685	1.16205e-05
3.69	1.15522e-05
3.695	1.14844e-05
3.7	1.14167e-05
3.705	1.09659e-05
3.71	1.26635e-05
3.715	1.11203e-05
3.72	1.19238e-05
3.725	1.08722e-05
3.73	1.13902e-05
3.735	1.03218e-05
3.74	1.06496e-05
3.745	1.02292e-05
3.75	1.0397e-05
3.755	1.01471e-05
3.76	1.02135e-05
3.765	1.00575e-05
3.77	1.00646e-05
3.775	9.96048e-06
3.78	9.9334e-06
3.785	9.85509e-06
3.79	9.81115e-06
3.795	9.74599e-06
3.8	9.6956e-06
3.805	9.63638e-06
3.81	9.66636e-06
3.815	9.51961e-06
3.82	9.45211e-06
3.825	9.39723e-06
3.83	9.34328e-06
3.835	9.28879e-06
3.84	9.23452e-06
3.845	9.18011e-06
3.85	8.99688e-06
3.855	9.0157e-06
3.86	8.98854e-06
3.865	8.94396e-06
3.87	8.89355e-06
3.875	8.84094e-06
3.88	8.78762e-06
3.885	8.73403e-06
3.89	8.68039e-06
3.895	8.62677e-06
3.9	8.57323e-06
3.905	8.51913e-06
3.91	8.46452e-06
3.915	8.41094e-06
3.92	8.35793e-06
3.925	8.30527e-06
3.93	8.22841e-06
3.935	8.45476e-06
3.94	8.11631e-06
3.945	8.34957e-06
3.95	8.01433e-06
3.955	7.97073e-06
3.96	7.9288e-06
3.965	7.81514e-06
3.97	7.59139e-06
3.975	7.75154e-06
3.98	7.73689e-06
3.985	7.69009e-06
3.99	7.64626e-06
3.995	7.6091e-06
4	7.55872e-06
4.005	7.65968e-06
4.01	7.45516e-06
4.015	7.38951e-06
4.02	7.33824e-06
4.025	7.44082e-06
4.03	7.39726e-06
4.035	7.23845e-06
4.04	7.19513e-06
4.045	7.10813e-06
4.05	7.07641e-06
4.055	7.01647e-06
4.06	6.97736e-06
4.065	6.92731e-06
4.07	6.88411e-06
4.075	7.36491e-06
4.08	6.93231e-06
4.085	6.80198e-06
4.09	6.72063e-06
4.095	6.65063e-06
4.1	6.65453e-06
4.105	6.63695e-06
4.11	6.54356e-06
4.115	6.49619e-06
4.12	6.45421e-06
4.125	6.41152e-06
4.13	6.5514e-06
4.135	6.30509e-06
4.14	6.31838e-06
4.145	6.23445e-06
4.15	6.22302e-06
4.155	6.15989e-06
4.16	6.13265e-06
4.165	6.08213e-06
4.17	6.04685e-06
4.175	6.0026e-06
4.18	5.96404e-06
4.185	5.92261e-06
4.19	5.88313e-06
4.195	5.84299e-06
4.2	5.80355e-06
4.205	5.76413e-06
4.21	5.72507e-06
4.215	5.68621e-06
4.22	5.64763e-06
4.225	5.60931e-06
4.23	5.57129e-06
4.235	5.53354e-06
4.24	5.49606e-06
4.245	5.45883e-06
4.25	5.42188e-06
4.255	5.38527e-06
4.26	5.34893e-06
4.265	5.31294e-06
4.27	5.27722e-06
4.275	5.24177e-06
4.28	5.20663e-06
4.285	5.17178e-06
4.29	5.13721e-06
4.295	5.10414e-06
4.3	5.07031e-06
4.305	5.03661e-06
4.31	5.00323e-06
4.315	4.97014e-06
4.32	4.93731e-06
4.325	4.90477e-06
4.33	4.87249e-06
4.335	4.84049e-06
4.34	4.80876e-06
4.345	4.77736e-06
4.35	4.74624e-06
4.355	4.71539e-06
4.36	4.68483e-06
4.365	4.65453e-06
4.37	4.62452e-06
4.375	4.59478e-06
4.38	4.56531e-06
4.385	4.53612e-06
4.39	4.50723e-06
4.395	4.47863e-06
4.4	4.45029e-06
4.405	4.42223e-06
4.41	4.39444e-06
4.415	4.36692e-06
4.42	4.33967e-06
4.425	4.31269e-06
4.43	4.28598e-06
4.435	4.25953e-06
4.44	4.23336e-06
4.445	4.20744e-06
4.45	4.18179e-06
4.455	4.1564e-06
4.46	4.13127e-06
4.465	4.10641e-06
4.47	4.0818e-06
4.475	4.05745e-06
4.48	4.03341e-06
4.485	4.00975e-06
4.49	3.98635e-06
4.495	3.9632e-06
4.5	3.94029e-06
4.505	3.91764e-06
4.51	3.88842e-06
4.515	3.85689e-06
4.52	3.87698e-06
4.525	3.83407e-06
4.53	3.81616e-06
4.535	3.79344e-06
4.54	3.77253e-06
4.545	3.75157e-06
4.55	3.73098e-06
4.555	3.71062e-06
4.56	3.69052e-06
4.565	3.67068e-06
4.57	3.65109e-06
4.575	3.63173e-06
4.58	3.61261e-06
4.585	3.59372e-06
4.59	3.57515e-06
4.595	3.55682e-06
4.6	3.53872e-06
4.605	3.52089e-06
4.61	3.50331e-06
4.615	3.486e-06
4.62	3.46895e-06
4.625	3.45209e-06
4.63	3.43542e-06
4.635	3.41894e-06
4.64	3.40267e-06
4.645	3.38658e-06
4.65	3.37067e-06
4.655	3.35493e-06
4.66	3.3394e-06
4.665	3.32414e-06
4.67	3.30906e-06
4.675	3.29422e-06
4.68	3.27955e-06
4.685	3.26511e-06
4.69	3.19673e-06
4.695	3.22827e-06
4.7	3.22731e-06
4.705	3.20686e-06
4.71	3.19546e-06
4.715	3.18102e-06
4.72	3.16863e-06
4.725	3.15542e-06
4.73	3.14284e-06
4.735	3.13015e-06
4.74	3.11775e-06
4.745	3.10548e-06
4.75	3.09337e-06
4.755	3.08137e-06
4.76	3.06954e-06
4.765	3.0579e-06
4.77	3.04638e-06
4.775	3.03504e-06
4.78	3.02396e-06
4.785	3.01304e-06
4.79	3.00229e-06
4.795	2.99169e-06
4.8	2.98124e-06
4.805	2.97088e-06
4.81	2.96061e-06
4.815	2.95044e-06
4.82	2.94041e-06
4.825	2.9305e-06
4.83	2.92067e-06
4.835	2.91092e-06
4.84	2.90131e-06
4.845	2.89181e-06
4.85	2.88251e-06
4.855	2.87332e-06
4.86	2.8642e-06
4.865	2.85515e-06
4.87	2.84619e-06
4.875	2.83729e-06
4.88	2.82845e-06
4.885	2.81968e-06
4.89	2.81099e-06
4.895	2.80235e-06
4.9	2.79378e-06
4.905	2.78538e-06
4.91	2.77705e-06
4.915	2.76876e-06
4.92	2.76052e-06
4.925	2.75233e-06
4.93	2.74419e-06
4.935	2.73615e-06
4.94	2.72816e-06
4.945	2.72021e-06
4.95	2.71231e-06
4.955	2.70449e-06
4.96	2.69669e-06
4.965	2.68891e-06
4.97	2.68117e-06
4.975	2.67348e-06
4.98	2.66585e-06
4.985	2.6583e-06
4.99	2.65077e-06
4.995	2.64327e-06
5	2.63578e-06
5.005	2.62831e-06
5.01	2.62085e-06
5.015	2.60913e-06
5.02	2.68627e-06
5.025	2.58583e-06
5.03	2.67702e-06
5.035	2.57464e-06
5.04	2.66035e-06
5.045	2.55924e-06
5.05	2.5179e-06
5.055	2.53457e-06
5.06	2.52666e-06
5.065	2.51683e-06
5.07	2.52884e-06
5.075	2.56751e-06
5.08	2.52017e-06
5.085	2.501e-06
5.09	2.49267e-06
5.095	2.48504e-06
5.1	2.47771e-06
5.105	2.47051e-06
5.11	2.46333e-06
5.115	2.45617e-06
5.12	2.44902e-06
5.125	2.44188e-06
5.13	2.43477e-06
5.135	2.42766e-06
5.14	2.42055e-06
5.145	2.41344e-06
5.15	2.40634e-06
5.155	2.39924e-06
5.16	2.39214e-06
5.165	2.38503e-06
5.17	2.37793e-06
5.175	2.37083e-06
5.18	2.36372e-06
5.185	2.35661e-06
5.19	2.3495e-06
5.195	2.34239e-06
5.2	2.33528e-06
5.205	2.32816e-06
5.21	2.32104e-06
5.215	2.31392e-06
5.22	2.30679e-06
5.225	2.29967e-06
5.23	2.29254e-06
5.235	2.28541e-06
5.24	2.27815e-06
5.245	2.2709e-06
5.25	2.26368e-06
5.255	2.25646e-06
5.26	2.24925e-06
5.265	2.24204e-06
5.27	2.23485e-06
5.275	2.21893e-06
5.28	2.20517e-06
5.285	2.19706e-06
5.29	2.19504e-06
5.295	2.18817e-06
5.3	2.18099e-06
5.305	2.17401e-06
5.31	2.16693e-06
5.315	2.1598e-06
5.32	2.15266e-06
5.325	2.14551e-06
5.33	2.13835e-06
5.335	2.13118e-06
5.34	2.12405e-06
5.345	2.11693e-06
5.35	2.10969e-06
5.355	2.10245e-06
5.36	2.09521e-06
5.365	2.08797e-06
5.37	2.08071e-06
5.375	2.07345e-06
5.38	2.06619e-06
5.385	2.05892e-06
5.39	2.05165e-06
5.395	2.04437e-06
5.4	2.0371e-06
5.405	2.02984e-06
5.41	2.02258e-06
5.415	2.02882e-06
5.42	2.23084e-06
5.425	2.0345e-06
5.43	2.00267e-06
5.435	1.99029e-06
5.44	1.98766e-06
5.445	1.97927e-06
5.45	1.97166e-06
5.455	1.96441e-06
5.46	1.95704e-06
5.465	1.94968e-06
5.47	1.94234e-06
5.475	1.93501e-06
5.48	1.92768e-06
5.485	1.92036e-06
5.49	1.91304e-06
5.495	1.90573e-06
5.5	1.89843e-06
5.505	1.89113e-06
5.51	1.88383e-06
5.515	1.87654e-06
5.52	1.86926e-06
5.525	1.86198e-06
5.53	1.8547e-06
5.535	1.84744e-06
5.54	1.84018e-06
5.545	1.83295e-06
5.55	1.82573e-06
5.555	1.81851e-06
5.56	1.81131e-06
5.565	1.80411e-06
5.57	1.79691e-06
5.575	1.78973e-06
5.58	1.78255e-06
5.585	1.77538e-06
5.59	1.76822e-06
5.595	1.76107e-06
5.6	1.75393e-06
5.605	1.74679e-06
5.61	1.73967e-06
5.615	1.73255e-06
5.62	1.72545e-06
5.625	1.71835e-06
5.63	1.71126e-06
5.635	1.70419e-06
5.64	1.69712e-06
5.645	1.69007e-06
5.65	1.68305e-06
5.655	1.67605e-06
5.66	1.66905e-06
5.665	1.66207e-06
5.67	1.65509e-06
5.675	1.64813e-06
5.68	1.64119e-06
5.685	1.63427e-06
5.69	1.62737e-06
5.695	1.62048e-06
5.7	1.6136e-06
5.705	1.60674e-06
5.71	1.59988e-06
5.715	1.59304e-06
5.72	1.58621e-06
5.725	1.5794e-06
5.73	1.57261e-06
5.735	1.56583e-06
5.74	1.55907e-06
5.745	1.55233e-06
5.75	1.54559e-06
5.755	1.53887e-06
5.76	1.53218e-06
5.765	1.52549e-06
5.77	1.51884e-06
5.775	1.51221e-06
5.78	1.50559e-06
5.785	1.49899e-06
5.79	1.4924e-06
5.795	1.48583e-06
5.8	1.47927e-06
5.805	1.47273e-06
5.81	1.46621e-06
5.815	1.45972e-06
5.82	1.45325e-06
5.825	1.4468e-06
5.83	1.44037e-06
5.835	1.43395e-06
5.84	1.42755e-06
5.845	1.42116e-06
5.85	1.41479e-06
5.855	1.40843e-06
5.86	1.4021e-06
5.865	1.3958e-06
5.87	1.38951e-06
5.875	1.38324e-06
5.88	1.37698e-06
5.885	1.37075e-06
5.89	1.36454e-06
5.895	1.35835e-06
5.9	1.35217e-06
5.905	1.34601e-06
5.91	1.33987e-06
5.915	1.33375e-06
5.92	1.32764e-06
5.925	1.32155e-06
5.93	1.31548e-06
5.935	1.30944e-06
5.94	1.30341e-06
5.945	1.2974e-06
5.95	1.29143e-06
5.955	1.28548e-06
5.96	1.27955e-06
5.965	1.27364e-06
5.97	1.26775e-06
5.975	1.26187e-06
5.98	1.25602e-06
5.985	1.25018e-06
5.99	1.24436e-06
5.995	1.23855e-06
6	1.23277e-06
6.005	1.22701e-06
6.01	1.22126e-06
6.015	1.21553e-06
6.02	1.20982e-06
6.025	1.20413e-06
6.03	1.19846e-06
6.035	1.19281e-06
6.04	1.18719e-06
6.045	1.1816e-06
6.05	1.17603e-06
6.055	1.17047e-06
6.06	1.16493e-06
6.065	1.15942e-06
6.07	1.15392e-06
6.075	1.14845e-06
6.08	1.143e-06
6.085	1.13758e-06
6.09	1.13217e-06
6.095	1.12062e-06
6.1	1.11499e-06
6.105	1.11458e-06
6.11	1.11124e-06
6.115	1.10608e-06
6.12	1.10067e-06
6.125	1.09532e-06
6.13	1.09001e-06
6.135	1.08472e-06
6.14	1.07945e-06
6.145	1.07421e-06
6.15	1.069e-06
6.155	1.06382e-06
6.16	1.05866e-06
6.165	1.05354e-06
6.17	1.04845e-06
6.175	1.04339e-06
6.18	1.03834e-06
6.185	1.03332e-06
6.19	1.02833e-06
6.195	1.02336e-06
6.2	1.01842e-06
6.205	1.02062e-06
6.21	1.01793e-06
6.215	1.00997e-06
6.22	1.00441e-06
6.225	9.99724e-07
6.23	9.94838e-07
6.235	9.89939e-07
6.24	9.85073e-07
6.245	9.80242e-07
6.25	1.28705e-06
6.255	1.26088e-06
6.26	1.26218e-06
6.265	1.25176e-06
6.27	1.24635e-06
6.275	1.24042e-06
6.28	1.23436e-06
6.285	1.22834e-06
6.29	1.22235e-06
6.295	1.21639e-06
6.3	1.21046e-06
6.305	1.20455e-06
6.31	1.19868e-06
6.315	1.19283e-06
6.32	1.18701e-06
6.325	4.28926e-07
6.33	5.19182e-07
6.335	4.48881e-07
6.34	4.62408e-07
6.345	4.63205e-07
6.35	4.59287e-07
6.355	4.56542e-07
6.36	4.54214e-07
6.365	4.51871e-07
6.37	4.49507e-07
6.375	4.47149e-07
6.38	4.44803e-07
6.385	4.42468e-07
6.39	4.40143e-07
6.395	4.37827e-07
6.4	4.35521e-07
6.405	4.3323e-07
6.41	4.3095e-07
6.415	4.2868e-07
6.42	4.2642e-07
6.425	4.24169e-07
6.43	4.2193e-07
6.435	4.19701e-07
6.44	4.17489e-07
6.445	4.1529e-07
6.45	4.13102e-07
6.455	4.10925e-07
6.46	4.08759e-07
6.465	4.06606e-07
6.47	4.0447e-07
6.475	4.02349e-07
6.48	4.00241e-07
6.485	3.98145e-07
6.49	3.96061e-07
6.495	3.93989e-07
6.5	3.9193e-07
6.505	3.89883e-07
6.51	3.87848e-07
6.515	3.85832e-07
6.52	3.83831e-07
6.525	3.81845e-07
6.53	3.79879e-07
6.535	3.7793e-07
6.54	3.75994e-07
6.545	3.74068e-07
6.55	3.72155e-07
6.555	3.70253e-07
6.56	3.68362e-07
6.565	3.66482e-07
6.57	3.64613e-07
6.575	3.62755e-07
6.58	3.60908e-07
6.585	3.59074e-07
6.59	3.57252e-07
6.595	3.5544e-07
6.6	3.53638e-07
6.605	3.51846e-07
6.61	3.50064e-07
6.615	3.48298e-07
6.62	3.46547e-07
6.625	3.44808e-07
6.63	3.43078e-07
6.635	3.41357e-07
6.64	3.39645e-07
6.645	3.37943e-07
6.65	3.36249e-07
6.655	3.34565e-07
6.66	3.32889e-07
6.665	3.31222e-07
6.67	3.29564e-07
6.675	3.27915e-07
6.68	3.26274e-07
6.685	3.24642e-07
6.69	3.23019e-07
6.695	3.21408e-07
6.7	3.19808e-07
6.705	3.18216e-07
6.71	3.16633e-07
6.715	3.15058e-07
6.72	3.13492e-07
6.725	3.11939e-07
6.73	3.10395e-07
6.735	3.08862e-07
6.74	3.07346e-07
6.745	3.05839e-07
6.75	3.0434e-07
6.755	3.0285e-07
6.76	3.01368e-07
6.765	2.99894e-07
6.77	2.98429e-07
6.775	2.96973e-07
6.78	2.95525e-07
6.785	2.94088e-07
6.79	2.92661e-07
6.795	2.91244e-07
6.8	2.89839e-07
6.805	2.88446e-07
6.81	2.87061e-07
6.815	2.85684e-07
6.82	2.84315e-07
6.825	2.82958e-07
6.83	9.97659e-07
6.835	2.8474e-07
6.84	9.71061e-07
6.845	2.83188e-07
6.85	9.63328e-07
6.855	9.94096e-07
6.86	9.69829e-07
6.865	9.6529e-07
6.87	9.62999e-07
6.875	9.58844e-07
6.88	9.54582e-07
6.885	9.50587e-07
6.89	9.46632e-07
6.895	9.42678e-07
6.9	9.3874e-07
6.905	9.34824e-07
6.91	9.30928e-07
6.915	9.27063e-07
6.92	9.23218e-07
6.925	9.19391e-07
6.93	9.15584e-07
6.935	9.11797e-07
6.94	9.08028e-07
6.945	9.04276e-07
6.95	9.00543e-07
6.955	8.96827e-07
6.96	8.93128e-07
6.965	8.89447e-07
6.97	8.85792e-07
6.975	8.82161e-07
6.98	8.78551e-07
6.985	8.74972e-07
6.99	8.71408e-07
6.995	8.6786e-07
7	8.64328e-07
7.005	8.60812e-07
7.01	8.57311e-07
7.015	8.53826e-07
7.02	8.50356e-07
7.025	8.46913e-07
7.03	8.43487e-07
7.035	8.40076e-07
7.04	8.36679e-07
7.045	8.33297e-07
7.05	8.29929e-07
7.055	8.26574e-07
7.06	8.23234e-07
7.065	8.19907e-07
7.07	8.16595e-07
7.075	8.13295e-07
7.08	8.1001e-07
7.085	8.06737e-07
7.09	8.03479e-07
7.095	8.00233e-07
7.1	7.97e-07
7.105	7.93781e-07
7.11	7.90574e-07
7.115	7.8738e-07
7.12	7.84199e-07
7.125	7.8103e-07
7.13	7.77874e-07
7.135	7.7473e-07
7.14	3.46369e-07
7.145	8.74493e-07
7.15	7.00818e-07
7.155	3.31288e-07
7.16	8.82735e-07
7.165	6.92661e-07
7.17	3.25328e-07
7.175	8.71842e-07
7.18	6.8456e-07
7.185	3.21455e-07
7.19	8.61338e-07
7.195	9.70117e-07
7.2	9.22068e-07
7.205	8.94706e-07
7.21	8.96698e-07
7.215	9.00361e-07
7.22	8.97559e-07
7.225	8.92407e-07
7.23	8.87941e-07
7.235	8.84318e-07
7.24	8.80935e-07
7.245	8.7751e-07
7.25	8.74025e-07
7.255	8.7052e-07
7.26	8.67021e-07
7.265	8.63537e-07
7.27	8.60075e-07
7.275	8.56632e-07
7.28	8.53203e-07
7.285	8.49788e-07
7.29	8.46385e-07
7.295	8.42995e-07
7.3	8.39619e-07
7.305	8.36257e-07
7.31	8.32908e-07
7.315	8.29572e-07
7.32	8.2625e-07
7.325	8.22943e-07
7.33	8.1965e-07
7.335	8.1637e-07
7.34	8.13102e-07
7.345	8.09847e-07
7.35	8.06605e-07
7.355	8.03375e-07
7.36	8.00157e-07
7.365	7.96952e-07
7.37	7.93759e-07
7.375	7.90579e-07
7.38	7.8741e-07
7.385	7.84253e-07
7.39	7.81109e-07
7.395	7.77976e-07
7.4	7.74855e-07
7.405	7.71746e-07
7.41	7.68648e-07
7.415	7.65562e-07
7.42	7.62488e-07
7.425	7.59425e-07
7.43	7.56373e-07
7.435	7.53333e-07
7.44	7.50304e-07
7.445	7.47286e-07
7.45	7.44281e-07
7.455	7.41287e-07
7.46	7.38304e-07
7.465	7.35333e-07
7.47	7.32374e-07
7.475	7.29426e-07
7.48	7.26489e-07
7.485	7.23563e-07
7.49	7.20647e-07
7.495	7.17741e-07
7.5	7.14846e-07
7.505	7.11962e-07
7.51	7.09087e-07
7.515	7.06224e-07
7.52	7.0337e-07
7.525	7.00526e-07
7.53	6.97693e-07
7.535	6.9487e-07
7.54	6.92057e-07
7.545	6.89254e-07
7.55	6.8646e-07
7.555	6.83677e-07
7.56	6.80904e-07
7.565	6.7814e-07
7.57	6.75386e-07
7.575	6.72642e-07
7.58	6.69907e-07
7.585	6.67183e-07
7.59	6.64467e-07
7.595	6.61762e-07
7.6	6.59065e-07
7.605	6.56379e-07
7.61	6.53701e-07
7.615	6.51033e-07
7.62	6.48375e-07
7.625	6.45726e-07
7.63	6.43086e-07
7.635	6.40455e-07
7.64	6.37834e-07
7.645	6.35221e-07
7.65	6.32618e-07
7.655	6.30024e-07
7.66	6.27439e-07
7.665	6.24863e-07
7.67	6.22296e-07
7.675	6.1974e-07
7.68	6.17197e-07
7.685	6.14664e-07
7.69	6.12139e-07
7.695	6.09623e-07
7.7	6.07116e-07
7.705	6.04618e-07
7.71	6.02128e-07
7.715	5.9965e-07
7.72	5.97182e-07
7.725	5.94723e-07
7.73	5.92273e-07
7.735	5.89832e-07
7.74	5.87399e-07
7.745	5.84974e-07
7.75	5.82558e-07
7.755	5.80153e-07
7.76	5.7776e-07
7.765	5.75375e-07
7.77	5.73008e-07
7.775	5.70648e-07
7.78	5.68297e-07
7.785	5.65954e-07
7.79	5.63619e-07
7.795	5.61292e-07
7.8	5.58974e-07
7.805	5.56664e-07
7.81	5.54361e-07
7.815	5.52067e-07
7.82	5.49781e-07
7.825	5.47503e-07
7.83	5.45233e-07
7.835	5.42971e-07
7.84	5.40717e-07
7.845	5.38471e-07
7.85	5.36232e-07
7.855	5.34002e-07
7.86	5.31779e-07
7.865	5.29566e-07
7.87	5.27361e-07
7.875	5.25163e-07
7.88	5.22974e-07
7.885	5.20792e-07
7.89	5.18618e-07
7.895	5.16451e-07
7.9	5.14293e-07
7.905	5.12141e-07
7.91	5.1e-07
7.915	5.07869e-07
7.92	5.05746e-07
7.925	5.0363e-07
7.93	5.01524e-07
7.935	4.99426e-07
7.94	4.97336e-07
7.945	4.95253e-07
7.95	4.93177e-07
7.955	4.91109e-07
7.96	4.89048e-07
7.965	4.86995e-07
7.97	4.84949e-07
7.975	4.8291e-07
7.98	4.80878e-07
7.985	4.78854e-07
7.99	4.76836e-07
7.995	4.74826e-07
8	4.72824e-07
8.005	4.70828e-07
8.01	4.68839e-07
8.015	4.66858e-07
8.02	4.64885e-07
8.025	4.6292e-07
8.03	4.60961e-07
8.035	4.5901e-07
8.04	4.57065e-07
8.045	4.55128e-07
8.05	4.53197e-07
8.055	4.51274e-07
8.06	4.49358e-07
8.065	4.47448e-07
8.07	4.45546e-07
8.075	4.4365e-07
8.08	4.41763e-07
8.085	4.39884e-07
8.09	4.38011e-07
8.095	4.36146e-07
8.1	4.34287e-07
8.105	4.32435e-07
8.11	4.3059e-07
8.115	4.28751e-07
8.12	4.2692e-07
8.125	4.25095e-07
8.13	4.23277e-07
8.135	4.21465e-07
8.14	4.1966e-07
8.145	4.17862e-07
8.15	4.16071e-07
8.155	4.14286e-07
8.16	4.12508e-07
8.165	4.10737e-07
8.17	4.08972e-07
8.175	4.07214e-07
8.18	4.05463e-07
8.185	4.03718e-07
8.19	4.0198e-07
8.195	4.00248e-07
8.2	3.98523e-07
8.205	3.96804e-07
8.21	3.95092e-07
8.215	3.93386e-07
8.22	3.91687e-07
8.225	3.89994e-07
8.23	3.88308e-07
8.235	3.86629e-07
8.24	3.84955e-07
8.245	3.83289e-07
8.25	3.81628e-07
8.255	3.79974e-07
8.26	3.78327e-07
8.265	3.76685e-07
8.27	3.75051e-07
8.275	3.73422e-07
8.28	3.718e-07
8.285	3.70184e-07
8.29	3.68575e-07
8.295	3.66972e-07
8.3	3.65375e-07
8.305	3.63785e-07
8.31	3.622e-07
8.315	3.60622e-07
8.32	3.59051e-07
8.325	3.57485e-07
8.33	3.55926e-07
8.335	3.54373e-07
8.34	3.52826e-07
8.345	3.51285e-07
8.35	3.49751e-07
8.355	3.48223e-07
8.36	3.46701e-07
8.365	3.45185e-07
8.37	3.43675e-07
8.375	3.42171e-07
8.38	3.40674e-07
8.385	3.39184e-07
8.39	3.37699e-07
8.395	3.36221e-07
8.4	3.34748e-07
8.405	3.33282e-07
8.41	3.31821e-07
8.415	3.30367e-07
8.42	3.28919e-07
8.425	3.27476e-07
8.43	3.26039e-07
8.435	3.24609e-07
8.44	3.23184e-07
8.445	3.21765e-07
8.45	3.20352e-07
8.455	3.18945e-07
8.46	3.17544e-07
8.465	3.16148e-07
8.47	3.14759e-07
8.475	3.13375e-07
8.48	3.11997e-07
8.485	3.10625e-07
8.49	3.09259e-07
8.495	3.07898e-07
8.5	3.06544e-07
8.505	3.05194e-07
8.51	3.03851e-07
8.515	3.02513e-07
8.52	3.01182e-07
8.525	2.99855e-07
8.53	2.98535e-07
8.535	2.9722e-07
8.54	2.95911e-07
8.545	2.94607e-07
8.55	2.93309e-07
8.555	2.92016e-07
8.56	2.9073e-07
8.565	2.89448e-07
8.57	2.88173e-07
8.575	2.86902e-07
8.58	2.85638e-07
8.585	2.84378e-07
8.59	2.83125e-07
8.595	2.81877e-07
8.6	2.80634e-07
8.605	2.79397e-07
8.61	2.78165e-07
8.615	2.76938e-07
8.62	2.75717e-07
8.625	2.74501e-07
8.63	2.73291e-07
8.635	2.72086e-07
8.64	2.70887e-07
8.645	2.69692e-07
8.65	2.68503e-07
8.655	2.6732e-07
8.66	2.66141e-07
8.665	2.64968e-07
8.67	6.02209e-07
8.675	2.12444e-07
8.68	4.80113e-07
8.685	2.37408e-07
8.69	5.06957e-07
8.695	2.07427e-07
8.7	4.92178e-07
8.705	2.37514e-07
8.71	4.97029e-07
8.715	2.01331e-07
8.72	4.81877e-07
8.725	2.33918e-07
8.73	4.89286e-07
8.735	1.97921e-07
8.74	4.7345e-07
8.745	2.29825e-07
8.75	4.80807e-07
8.755	1.94517e-07
8.76	4.65303e-07
8.765	2.25848e-07
8.77	4.72502e-07
8.775	1.9117e-07
8.78	4.57285e-07
8.785	2.21935e-07
8.79	4.64338e-07
8.795	1.87871e-07
8.8	4.49402e-07
8.805	2.18089e-07
8.81	4.56316e-07
8.815	1.84624e-07
8.82	4.41652e-07
8.825	2.1431e-07
8.83	4.48433e-07
8.835	1.81432e-07
8.84	4.34037e-07
8.845	2.10597e-07
8.85	4.40687e-07
8.855	1.78293e-07
8.86	4.26554e-07
8.865	2.06952e-07
8.87	4.33079e-07
8.875	1.75209e-07
8.88	4.19204e-07
8.885	2.03379e-07
8.89	4.25606e-07
8.895	1.72182e-07
8.9	4.11985e-07
8.905	5.2714e-07
8.91	1.56266e-07
8.915	3.44635e-07
8.92	4.96593e-07
8.925	1.61837e-07
8.93	3.56309e-07
8.935	4.95322e-07
8.94	9.93132e-07
8.945	5.04367e-07
8.95	4.7503e-07
8.955	8.8603e-07
8.96	4.28614e-07
8.965	5.05578e-07
8.97	9.28089e-07
8.975	4.77302e-07
8.98	4.52977e-07
8.985	4.03169e-07
8.99	3.80622e-07
8.995	3.84847e-07
9	3.92201e-07
9.005	3.67493e-07
9.01	3.57298e-07
9.015	3.79224e-07
9.02	3.62255e-07
9.025	3.58266e-07
9.03	3.79844e-07
9.035	3.86942e-07
9.04	3.41948e-07
9.045	3.33116e-07
9.05	3.65426e-07
9.055	3.81755e-07
9.06	3.46221e-07
9.065	3.36113e-07
9.07	3.61104e-07
9.075	3.72971e-07
9.08	3.34468e-07
9.085	3.26466e-07
9.09	3.54649e-07
9.095	3.68138e-07
9.1	3.32146e-07
9.105	3.23003e-07
9.11	3.48635e-07
9.115	3.60913e-07
9.12	3.24387e-07
9.125	3.162e-07
9.13	3.42686e-07
9.135	3.55357e-07
9.14	3.20225e-07
9.145	3.11678e-07
9.15	3.36875e-07
9.155	3.48923e-07
9.16	3.13881e-07
9.165	3.05813e-07
9.17	3.31136e-07
9.175	3.43238e-07
9.18	3.09142e-07
9.185	3.00997e-07
9.19	3.25524e-07
9.195	3.37237e-07
9.2	3.03499e-07
9.205	2.9564e-07
9.21	3.19994e-07
9.215	3.31619e-07
9.22	2.98613e-07
9.225	9.9916e-07
9.23	9.39848e-07
9.235	7.67471e-07
9.24	5.05636e-07
9.245	4.21466e-07
9.25	2.94101e-07
9.255	9.17548e-07
9.26	8.95058e-07
9.265	4.90543e-07
9.27	3.68778e-07
9.275	9.65506e-07
9.28	8.79738e-07
9.285	4.80496e-07
9.29	3.40054e-07
9.295	9.08322e-07
9.3	8.7446e-07
9.305	4.73315e-07
9.31	3.47275e-07
9.315	9.26685e-07
9.32	8.60072e-07
9.325	4.6423e-07
9.33	3.32872e-07
9.335	9.0152e-07
9.34	8.51764e-07
9.345	4.5785e-07
9.35	3.34858e-07
9.355	9.03217e-07
9.36	8.363e-07
9.365	4.49349e-07
9.37	3.23367e-07
9.375	8.80156e-07
9.38	8.25447e-07
9.385	4.42559e-07
9.39	3.22985e-07
9.395	8.75263e-07
9.4	8.10503e-07
9.405	4.34706e-07
9.41	3.1356e-07
9.415	8.54685e-07
9.42	7.98645e-07
9.425	4.27809e-07
9.43	3.11634e-07
9.435	8.46566e-07
9.44	7.84388e-07
9.445	4.20403e-07
9.45	3.03724e-07
9.455	8.2805e-07
9.46	7.72198e-07
9.465	4.13591e-07
9.47	3.00827e-07
9.475	8.18134e-07
9.48	7.58587e-07
9.485	4.06526e-07
9.49	2.93997e-07
9.495	8.01399e-07
9.5	7.46426e-07
9.505	3.99873e-07
9.51	2.90517e-07
9.515	7.90508e-07
9.52	7.33415e-07
9.525	3.931e-07
9.53	2.84466e-07
9.535	7.75193e-07
9.54	7.2145e-07
9.545	3.86626e-07
9.55	2.80654e-07
9.555	7.63827e-07
9.56	7.08986e-07
9.565	3.80114e-07
9.57	2.75171e-07
9.575	7.49623e-07
9.58	6.97278e-07
9.585	3.73831e-07
9.59	2.71191e-07
9.595	7.38098e-07
9.6	6.85309e-07
9.605	3.67557e-07
9.61	9.89273e-07
9.615	6.28299e-07
9.62	3.52706e-07
9.625	9.4345e-07
9.63	6.40234e-07
9.635	3.27485e-07
9.64	2.44292e-07
9.645	7.42856e-07
9.65	6.8663e-07
9.655	3.66885e-07
9.66	9.72518e-07
9.665	6.36817e-07
9.67	3.44853e-07
9.675	9.09691e-07
9.68	6.26432e-07
9.685	2.95979e-07
9.69	9.75567e-07
9.695	7.12519e-07
9.7	3.60444e-07
9.705	9.35076e-07
9.71	6.84681e-07
9.715	3.30504e-07
9.72	2.31498e-07
9.725	7.66296e-07
9.73	7.20144e-07
9.735	3.49642e-07
9.74	2.76596e-07
9.745	8.03864e-07
9.75	6.51544e-07
9.755	3.18053e-07
9.76	9.33573e-07
9.765	6.07678e-07
9.77	2.85269e-07
9.775	8.63683e-07
9.78	6.74246e-07
9.785	3.37918e-07
9.79	9.6497e-07
9.795	6.7612e-07
9.8	3.02274e-07
9.805	9.13877e-07
9.81	6.93266e-07
9.815	2.87993e-07
9.82	2.72706e-07
9.825	9.49787e-07
9.83	7.39205e-07
9.835	3.39444e-07
9.84	2.38626e-07
9.845	7.31369e-07
9.85	6.43129e-07
9.855	3.03963e-07
9.86	9.13412e-07
9.865	6.08389e-07
9.87	2.9047e-07
9.875	8.38864e-07
9.88	6.24468e-07
9.885	2.67755e-07
9.89	9.53135e-07
9.895	7.26451e-07
9.9	3.12148e-07
9.905	9.2009e-07
9.91	7.37984e-07
9.915	3.0453e-07
9.92	2.46826e-07
9.925	9.19599e-07
9.93	7.80803e-07
9.935	3.30486e-07
9.94	2.57465e-07
9.945	8.11045e-07
9.95	6.34361e-07
9.955	2.79225e-07
9.96	8.93691e-07
9.965	6.0402e-07
9.97	2.55993e-07
9.975	8.26186e-07
9.98	6.45557e-07
9.985	2.81503e-07
9.99	9.69583e-07
9.995	7.13747e-07
10	2.73825e-07
