0.005	6.05745e-07
0.01	9.32863e-07
0.015	8.90878e-07
0.02	5.10939e-07
0.025	6.02182e-07
0.03	6.99025e-07
0.035	8.07493e-07
0.04	9.22864e-07
0.045	4.70515e-07
0.05	5.21685e-07
0.055	5.7193e-07
0.06	6.19492e-07
0.065	6.42356e-07
0.07	6.72629e-07
0.075	6.93543e-07
0.08	7.04471e-07
0.085	7.10084e-07
0.09	7.09652e-07
0.095	7.12642e-07
0.1	7.09028e-07
0.105	6.66046e-07
0.11	6.71147e-07
0.115	6.64194e-07
0.12	5.85974e-07
0.125	5.50858e-07
0.13	5.97227e-07
0.135	5.3979e-07
0.14	5.54601e-07
0.145	5.88785e-07
0.15	5.81297e-07
0.155	5.74329e-07
0.16	5.1717e-07
0.165	9.40153e-07
0.17	6.01987e-07
0.175	9.40691e-07
0.18	9.86203e-07
0.185	5.38092e-07
0.19	6.43143e-07
0.195	4.63975e-07
0.2	4.77829e-07
0.205	4.8647e-07
0.21	4.55184e-07
0.215	6.64207e-07
0.22	5.49002e-07
0.225	5.76895e-07
0.23	5.82734e-07
0.235	5.66357e-07
0.24	5.35176e-07
0.245	5.88219e-07
0.25	5.2209e-07
0.255	7.81833e-07
0.26	6.1796e-07
0.265	6.16643e-07
0.27	6.05643e-07
0.275	6.29583e-07
0.28	6.31879e-07
0.285	6.07877e-07
0.29	6.98127e-07
0.295	6.22837e-07
0.3	6.16037e-07
0.305	5.71657e-07
0.31	6.06683e-07
0.315	6.18527e-07
0.32	6.06577e-07
0.325	5.94359e-07
0.33	5.33285e-07
0.335	7.14667e-07
0.34	6.62435e-07
0.345	6.41246e-07
0.35	6.08181e-07
0.355	5.3983e-07
0.36	6.05083e-07
0.365	5.15161e-07
0.37	4.87936e-07
0.375	5.35841e-07
0.38	5.17281e-07
0.385	9.90036e-07
0.39	5.43706e-07
0.395	4.62235e-07
0.4	4.57328e-07
0.405	9.73027e-07
0.41	9.37004e-07
0.415	9.06004e-07
0.42	9.25687e-07
0.425	7.80521e-07
0.43	7.69692e-07
0.435	7.34663e-07
0.44	8.49643e-07
0.445	7.96221e-07
0.45	7.75495e-07
0.455	7.53517e-07
0.46	7.28263e-07
0.465	7.76137e-07
0.47	7.40812e-07
0.475	7.69542e-07
0.48	7.24844e-07
0.485	7.92668e-07
0.49	4.52363e-07
0.495	5.7123e-07
0.5	5.77409e-07
0.505	7.00309e-07
0.51	8.75275e-07
0.515	5.56167e-07
0.52	6.57218e-07
0.525	5.52389e-07
0.53	6.66947e-07
0.535	7.12198e-07
0.54	4.62127e-07
0.545	6.37282e-07
0.55	9.79565e-07
0.555	4.41024e-07
0.56	9.70756e-07
0.565	8.61899e-07
0.57	7.54815e-07
0.575	4.50573e-07
0.58	8.5666e-07
0.585	6.94453e-07
0.59	6.3678e-07
0.595	7.52445e-07
0.6	8.57186e-07
0.605	6.84299e-07
0.61	8.24677e-07
0.615	3.67116e-07
0.62	3.76021e-07
0.625	6.27811e-07
0.63	5.38353e-07
0.635	4.89464e-07
0.64	4.97808e-07
0.645	7.68725e-07
0.65	4.63077e-07
0.655	4.18275e-07
0.66	6.83069e-07
0.665	8.16104e-07
0.67	6.63776e-07
0.675	8.259e-07
0.68	3.68246e-07
0.685	3.16368e-07
0.69	3.57394e-07
0.695	3.66937e-07
0.7	4.34617e-07
0.705	3.88276e-07
0.71	3.64462e-07
0.715	5.25497e-07
0.72	5.64554e-07
0.725	4.3209e-07
0.73	5.26932e-07
0.735	5.98602e-07
0.74	4.94956e-07
0.745	6.14788e-07
0.75	3.71942e-07
0.755	5.16736e-07
0.76	4.75011e-07
0.765	5.13639e-07
0.77	5.08071e-07
0.775	4.95543e-07
0.78	5.68689e-07
0.785	4.81877e-07
0.79	6.48085e-07
0.795	8.48049e-07
0.8	8.85493e-07
0.805	5.80408e-07
0.81	6.06027e-07
0.815	6.49233e-07
0.82	9.67973e-07
0.825	8.89359e-07
0.83	4.66283e-07
0.835	9.64312e-07
0.84	4.81739e-07
0.845	5.34013e-07
0.85	5.60303e-07
0.855	5.28176e-07
0.86	5.40599e-07
0.865	6.12095e-07
0.87	5.15395e-07
0.875	5.16495e-07
0.88	5.93834e-07
0.885	6.94025e-07
0.89	5.14476e-07
0.895	4.86142e-07
0.9	5.60099e-07
0.905	5.05945e-07
0.91	4.97587e-07
0.915	5.03673e-07
0.92	5.16548e-07
0.925	6.56517e-07
0.93	9.23452e-07
0.935	9.60152e-07
0.94	4.83731e-07
0.945	5.36172e-07
0.95	5.38929e-07
0.955	5.49258e-07
0.96	5.94483e-07
0.965	4.68339e-07
0.97	4.71338e-07
0.975	4.7544e-07
0.98	4.74466e-07
0.985	5.29947e-07
0.99	5.18142e-07
0.995	8.42686e-07
1	8.50775e-07
1.005	5.09507e-07
1.01	4.76014e-07
1.015	4.87796e-07
1.02	4.89365e-07
1.025	4.98469e-07
1.03	9.78266e-07
1.035	4.83591e-07
1.04	4.84015e-07
1.045	4.94446e-07
1.05	9.75861e-07
1.055	4.82105e-07
1.06	4.80993e-07
1.065	4.81432e-07
1.07	4.79765e-07
1.075	4.8144e-07
1.08	9.72641e-07
1.085	9.89101e-07
1.09	8.45019e-07
1.095	9.53594e-07
1.1	9.86242e-07
1.105	9.45989e-07
1.11	9.72487e-07
1.115	7.42653e-07
1.12	7.69862e-07
1.125	6.74184e-07
1.13	4.68196e-07
1.135	4.49816e-07
1.14	7.59167e-07
1.145	4.70633e-07
1.15	8.4102e-07
1.155	7.59302e-07
1.16	4.416e-07
1.165	7.1313e-07
1.17	7.26221e-07
1.175	4.5834e-07
1.18	4.23897e-07
1.185	6.77614e-07
1.19	3.8733e-07
1.195	6.42098e-07
1.2	4.56633e-07
1.205	9.94602e-07
1.21	6.75024e-07
1.215	5.28287e-07
1.22	7.76757e-07
1.225	5.17637e-07
1.23	8.53927e-07
1.235	6.46102e-07
1.24	6.15716e-07
1.245	5.71636e-07
1.25	4.627e-07
1.255	9.85237e-07
1.26	9.27739e-07
1.265	8.8466e-07
1.27	5.57571e-07
1.275	4.76295e-07
1.28	7.65247e-07
1.285	6.06457e-07
1.29	6.51638e-07
1.295	5.29217e-07
1.3	4.8278e-07
1.305	8.19292e-07
1.31	9.84101e-07
1.315	4.72318e-07
1.32	5.11544e-07
1.325	5.1099e-07
1.33	5.02922e-07
1.335	5.18341e-07
1.34	5.65739e-07
1.345	9.31063e-07
1.35	9.36436e-07
1.355	9.44111e-07
1.36	8.48997e-07
1.365	8.7168e-07
1.37	8.29921e-07
1.375	8.09049e-07
1.38	7.47019e-07
1.385	7.07391e-07
1.39	7.62935e-07
1.395	8.54957e-07
1.4	7.26127e-07
1.405	7.0855e-07
1.41	6.97445e-07
1.415	6.92849e-07
1.42	7.47766e-07
1.425	5.4371e-07
1.43	4.52283e-07
1.435	6.44911e-07
1.44	6.05948e-07
1.445	6.29615e-07
1.45	5.4541e-07
1.455	5.25995e-07
1.46	5.50696e-07
1.465	5.11202e-07
1.47	4.94479e-07
1.475	4.77497e-07
1.48	4.32959e-07
1.485	4.69334e-07
1.49	4.28664e-07
1.495	9.97546e-07
1.5	4.21176e-07
1.505	8.79342e-07
1.51	9.01218e-07
1.515	8.75798e-07
1.52	8.53462e-07
1.525	8.06276e-07
1.53	7.89829e-07
1.535	7.6827e-07
1.54	7.42713e-07
1.545	7.33534e-07
1.55	6.86143e-07
1.555	6.72383e-07
1.56	6.53978e-07
1.565	6.43996e-07
1.57	6.26847e-07
1.575	6.20109e-07
1.58	5.03732e-07
1.585	5.55973e-07
1.59	5.31337e-07
1.595	5.18284e-07
1.6	5.01609e-07
1.605	4.85939e-07
1.61	4.71271e-07
1.615	4.59685e-07
1.62	4.60997e-07
1.625	4.09044e-07
1.63	4.13449e-07
1.635	4.06965e-07
1.64	3.93137e-07
1.645	3.9305e-07
1.65	4.49289e-07
1.655	7.77966e-07
1.66	9.21058e-07
1.665	7.99444e-07
1.67	6.48359e-07
1.675	6.02275e-07
1.68	5.95266e-07
1.685	5.2402e-07
1.69	9.13772e-07
1.695	9.68167e-07
1.7	4.76617e-07
1.705	4.32464e-07
1.71	5.16364e-07
1.715	9.28227e-07
1.72	3.77826e-07
1.725	8.66057e-07
1.73	8.6134e-07
1.735	7.5512e-07
1.74	7.30408e-07
1.745	7.00132e-07
1.75	6.8696e-07
1.755	3.27177e-07
1.76	8.08533e-07
1.765	7.47234e-07
1.77	7.27875e-07
1.775	7.59774e-07
1.78	8.5363e-07
1.785	7.14378e-07
1.79	6.57478e-07
1.795	6.35101e-07
1.8	5.84466e-07
1.805	6.07011e-07
1.81	6.00255e-07
1.815	5.89229e-07
1.82	5.89137e-07
1.825	6.03836e-07
1.83	6.8808e-07
1.835	7.99345e-07
1.84	9.94877e-07
1.845	5.39388e-07
1.85	5.13645e-07
1.855	7.15405e-07
1.86	5.61879e-07
1.865	5.32529e-07
1.87	5.53299e-07
1.875	5.2981e-07
1.88	5.40025e-07
1.885	5.38586e-07
1.89	5.42973e-07
1.895	5.78642e-07
1.9	5.53984e-07
1.905	5.83027e-07
1.91	5.80248e-07
1.915	5.71933e-07
1.92	5.57126e-07
1.925	5.88437e-07
1.93	5.70764e-07
1.935	5.67329e-07
1.94	5.70796e-07
1.945	5.74984e-07
1.95	5.79213e-07
1.955	5.83693e-07
1.96	5.88143e-07
1.965	5.92468e-07
1.97	5.96395e-07
1.975	5.98909e-07
1.98	5.96665e-07
1.985	5.4699e-07
1.99	8.67999e-07
1.995	6.32504e-07
2	6.14071e-07
2.005	6.29005e-07
2.01	6.39023e-07
2.015	6.4978e-07
2.02	6.87464e-07
2.025	7.68663e-07
2.03	6.41865e-07
2.035	6.55279e-07
2.04	6.63675e-07
2.045	6.67926e-07
2.05	6.71421e-07
2.055	6.73912e-07
2.06	6.74649e-07
2.065	6.72008e-07
2.07	6.61491e-07
2.075	6.26572e-07
2.08	5.23594e-07
2.085	8.41122e-07
2.09	6.61852e-07
2.095	7.15055e-07
2.1	7.23066e-07
2.105	6.45523e-07
2.11	5.11486e-07
2.115	6.64117e-07
2.12	6.63673e-07
2.125	6.40404e-07
2.13	5.38985e-07
2.135	6.5323e-07
2.14	9.81883e-07
2.145	9.84213e-07
2.15	9.17466e-07
2.155	8.24054e-07
2.16	8.2991e-07
2.165	8.40869e-07
2.17	8.59804e-07
2.175	8.56256e-07
2.18	8.60218e-07
2.185	8.91384e-07
2.19	5.20876e-07
2.195	9.78103e-07
2.2	5.08199e-07
2.205	4.44319e-07
2.21	7.01184e-07
2.215	8.00497e-07
2.22	8.67211e-07
2.225	8.64978e-07
2.23	8.74339e-07
2.235	8.68063e-07
2.24	8.68122e-07
2.245	9.87346e-07
2.25	9.4868e-07
2.255	4.94319e-07
2.26	9.00008e-07
2.265	9.29415e-07
2.27	9.28889e-07
2.275	9.3464e-07
2.28	9.51687e-07
2.285	9.26908e-07
2.29	9.12828e-07
2.295	8.99729e-07
2.3	8.84092e-07
2.305	4.87059e-07
2.31	4.8733e-07
2.315	4.33622e-07
2.32	9.30478e-07
2.325	7.08261e-07
2.33	4.65488e-07
2.335	4.4209e-07
2.34	4.44004e-07
2.345	4.45754e-07
2.35	4.4754e-07
2.355	4.49121e-07
2.36	4.49923e-07
2.365	4.47869e-07
2.37	4.63032e-07
2.375	5.43933e-07
2.38	4.68098e-07
2.385	4.62918e-07
2.39	4.66026e-07
2.395	4.69135e-07
2.4	4.74034e-07
2.405	4.65367e-07
2.41	4.69053e-07
2.415	4.94298e-07
2.42	5.52229e-07
2.425	4.78145e-07
2.43	4.80073e-07
2.435	4.8416e-07
2.44	4.90547e-07
2.445	5.18157e-07
2.45	4.97097e-07
2.455	4.96228e-07
2.46	4.9967e-07
2.465	5.08709e-07
2.47	4.98924e-07
2.475	5.00576e-07
2.48	5.02252e-07
2.485	5.03898e-07
2.49	5.05637e-07
2.495	5.1306e-07
2.5	5.1082e-07
2.505	5.12519e-07
2.51	4.78504e-07
2.515	5.77304e-07
2.52	5.82285e-07
2.525	5.02291e-07
2.53	4.69602e-07
2.535	5.17377e-07
2.54	5.07194e-07
2.545	5.23949e-07
2.55	5.21219e-07
2.555	5.1499e-07
2.56	5.14896e-07
2.565	5.16166e-07
2.57	5.18128e-07
2.575	5.19459e-07
2.58	5.20741e-07
2.585	5.48762e-07
2.59	5.40935e-07
2.595	5.19915e-07
2.6	5.21769e-07
2.605	5.24244e-07
2.61	5.26362e-07
2.615	5.28783e-07
2.62	5.35559e-07
2.625	5.30096e-07
2.63	5.40584e-07
2.635	5.30249e-07
2.64	5.31543e-07
2.645	5.3226e-07
2.65	5.32819e-07
2.655	5.33363e-07
2.66	5.33893e-07
2.665	5.34414e-07
2.67	5.34943e-07
2.675	5.35494e-07
2.68	5.34068e-07
2.685	5.35457e-07
2.69	5.36977e-07
2.695	5.38322e-07
2.7	5.40085e-07
2.705	5.32579e-07
2.71	5.32045e-07
2.715	5.29927e-07
2.72	5.30575e-07
2.725	5.31016e-07
2.73	5.31039e-07
2.735	5.30031e-07
2.74	5.22546e-07
2.745	5.34583e-07
2.75	7.04696e-07
2.755	5.45876e-07
2.76	8.29607e-07
2.765	5.19092e-07
2.77	5.17131e-07
2.775	5.21446e-07
2.78	5.1537e-07
2.785	5.16068e-07
2.79	5.14208e-07
2.795	5.13412e-07
2.8	5.12109e-07
2.805	5.10703e-07
2.81	5.09021e-07
2.815	5.07018e-07
2.82	5.04569e-07
2.825	5.00734e-07
2.83	4.9568e-07
2.835	4.86666e-07
2.84	4.6525e-07
2.845	5.42902e-07
2.85	5.89879e-07
2.855	6.49376e-07
2.86	4.96602e-07
2.865	4.94733e-07
2.87	4.9475e-07
2.875	4.94521e-07
2.88	4.93956e-07
2.885	4.93094e-07
2.89	4.91979e-07
2.895	4.90654e-07
2.9	4.89145e-07
2.905	4.87467e-07
2.91	4.85612e-07
2.915	4.83553e-07
2.92	4.81228e-07
2.925	4.78497e-07
2.93	4.75042e-07
2.935	4.69988e-07
2.94	4.60118e-07
2.945	5.10404e-07
2.95	4.89588e-07
2.955	5.19906e-07
2.96	4.6533e-07
2.965	8.35799e-07
2.97	8.15301e-07
2.975	8.05902e-07
2.98	8.03011e-07
2.985	7.99893e-07
2.99	7.97085e-07
2.995	7.92328e-07
3	7.88296e-07
3.005	7.84235e-07
3.01	7.80037e-07
3.015	7.75747e-07
3.02	7.71374e-07
3.025	7.66921e-07
3.03	7.64438e-07
3.035	7.58359e-07
3.04	7.53937e-07
3.045	7.49098e-07
3.05	7.44441e-07
3.055	7.39558e-07
3.06	7.34752e-07
3.065	7.29808e-07
3.07	7.24887e-07
3.075	7.19875e-07
3.08	7.1486e-07
3.085	7.09783e-07
3.09	7.04691e-07
3.095	6.99555e-07
3.1	6.94399e-07
3.105	7.18479e-07
3.11	7.133e-07
3.115	7.07026e-07
3.12	7.01588e-07
3.125	6.96162e-07
3.13	6.90692e-07
3.135	6.85202e-07
3.14	6.79696e-07
3.145	6.74175e-07
3.15	6.68639e-07
3.155	6.63086e-07
3.16	6.57518e-07
3.165	6.51932e-07
3.17	6.46338e-07
3.175	6.40723e-07
3.18	6.35078e-07
3.185	6.29387e-07
3.19	6.45738e-07
3.195	6.22962e-07
3.2	6.12538e-07
3.205	6.10099e-07
3.21	6.2462e-07
3.215	6.1993e-07
3.22	6.16113e-07
3.225	6.1251e-07
3.23	6.38302e-07
3.235	6.10398e-07
3.24	5.97202e-07
3.245	5.94741e-07
3.25	5.92046e-07
3.255	5.8896e-07
3.26	5.8564e-07
3.265	5.69777e-07
3.27	5.55675e-07
3.275	5.69932e-07
3.28	5.68862e-07
3.285	5.65385e-07
3.29	5.61603e-07
3.295	5.57701e-07
3.3	5.53747e-07
3.305	5.49775e-07
3.31	5.45792e-07
3.315	5.41807e-07
3.32	5.3782e-07
3.325	5.33834e-07
3.33	5.2985e-07
3.335	5.25867e-07
3.34	5.21887e-07
3.345	5.17909e-07
3.35	5.13934e-07
3.355	5.09962e-07
3.36	5.05996e-07
3.365	5.02036e-07
3.37	4.98082e-07
3.375	4.94138e-07
3.38	4.90202e-07
3.385	4.86277e-07
3.39	4.82363e-07
3.395	4.78461e-07
3.4	4.74571e-07
3.405	4.70693e-07
3.41	4.66829e-07
3.415	4.62979e-07
3.42	4.59142e-07
3.425	4.5532e-07
3.43	4.51513e-07
3.435	4.47721e-07
3.44	4.43944e-07
3.445	4.40182e-07
3.45	9.97726e-07
3.455	4.45211e-07
3.46	9.67412e-07
3.465	9.99109e-07
3.47	9.79121e-07
3.475	9.69822e-07
3.48	9.62044e-07
3.485	9.53982e-07
3.49	9.45882e-07
3.495	9.37808e-07
3.5	9.29763e-07
3.505	9.2177e-07
3.51	9.13804e-07
3.515	9.05866e-07
3.52	8.97957e-07
3.525	8.9008e-07
3.53	8.8224e-07
3.535	8.74432e-07
3.54	8.66654e-07
3.545	8.58911e-07
3.55	8.51203e-07
3.555	8.43532e-07
3.56	8.35912e-07
3.565	8.28338e-07
3.57	8.20803e-07
3.575	8.13306e-07
3.58	8.05849e-07
3.585	7.98432e-07
3.59	7.88289e-07
3.595	7.77671e-07
3.6	7.74646e-07
3.605	7.68675e-07
3.61	7.6165e-07
3.615	7.54535e-07
3.62	7.47446e-07
3.625	7.40396e-07
3.63	7.33391e-07
3.635	7.26434e-07
3.64	7.19523e-07
3.645	7.1266e-07
3.65	7.05844e-07
3.655	6.99077e-07
3.66	6.92359e-07
3.665	6.85691e-07
3.67	6.79074e-07
3.675	6.72506e-07
3.68	6.65997e-07
3.685	6.59487e-07
3.69	6.52986e-07
3.695	6.46535e-07
3.7	6.40142e-07
3.705	6.28668e-07
3.71	5.95957e-07
3.715	6.58577e-07
3.72	5.93279e-07
3.725	6.3091e-07
3.73	5.88533e-07
3.735	6.07291e-07
3.74	5.77923e-07
3.745	5.89106e-07
3.75	5.70145e-07
3.755	5.73358e-07
3.76	5.60685e-07
3.765	5.59457e-07
3.77	5.50315e-07
3.775	5.4675e-07
3.78	5.39506e-07
3.785	5.34836e-07
3.79	5.28581e-07
3.795	5.23452e-07
3.8	5.17689e-07
3.805	5.12412e-07
3.81	5.08786e-07
3.815	5.02815e-07
3.82	4.9709e-07
3.825	4.91826e-07
3.83	4.86666e-07
3.835	4.81597e-07
3.84	4.76575e-07
3.845	4.71616e-07
3.85	4.66124e-07
3.855	4.61607e-07
3.86	4.56942e-07
3.865	4.52293e-07
3.87	4.4766e-07
3.875	4.43064e-07
3.88	4.38517e-07
3.885	4.34021e-07
3.89	4.29582e-07
3.895	4.25199e-07
3.9	4.20867e-07
3.905	4.16585e-07
3.91	4.12362e-07
3.915	4.08206e-07
3.92	4.04104e-07
3.925	9.9152e-07
3.93	4.19652e-07
3.935	9.68148e-07
3.94	4.10883e-07
3.945	9.5066e-07
3.95	9.90737e-07
3.955	9.65042e-07
3.96	9.52052e-07
3.965	9.42286e-07
3.97	9.29994e-07
3.975	9.26752e-07
3.98	9.18324e-07
3.985	9.10069e-07
3.99	9.0186e-07
3.995	8.93796e-07
4	8.8795e-07
4.005	8.8417e-07
4.01	8.71676e-07
4.015	8.641e-07
4.02	8.59916e-07
4.025	8.41199e-07
4.03	8.32744e-07
4.035	8.31364e-07
4.04	8.27846e-07
4.045	8.20277e-07
4.05	8.12641e-07
4.055	8.0526e-07
4.06	7.98174e-07
4.065	7.91155e-07
4.07	7.84321e-07
4.075	7.93803e-07
4.08	7.72603e-07
4.085	7.67127e-07
4.09	7.59801e-07
4.095	7.58398e-07
4.1	7.37947e-07
4.105	7.24578e-07
4.11	7.3149e-07
4.115	7.26701e-07
4.12	7.19966e-07
4.125	7.13817e-07
4.13	7.04423e-07
4.135	7.0292e-07
4.14	6.96279e-07
4.145	6.91383e-07
4.15	6.85017e-07
4.155	6.79993e-07
4.16	6.74229e-07
4.165	6.69067e-07
4.17	6.63664e-07
4.175	6.5853e-07
4.18	6.53357e-07
4.185	6.48325e-07
4.19	6.43329e-07
4.195	6.38417e-07
4.2	6.33564e-07
4.205	6.28779e-07
4.21	6.24059e-07
4.215	6.19403e-07
4.22	6.14811e-07
4.225	6.10282e-07
4.23	6.05815e-07
4.235	6.01411e-07
4.24	5.97068e-07
4.245	5.92785e-07
4.25	5.8857e-07
4.255	5.84417e-07
4.26	5.80322e-07
4.265	5.76286e-07
4.27	5.72308e-07
4.275	5.68387e-07
4.28	5.64522e-07
4.285	5.60714e-07
4.29	5.56961e-07
4.295	5.53335e-07
4.3	5.49715e-07
4.305	5.4613e-07
4.31	5.42596e-07
4.315	5.39119e-07
4.32	5.35694e-07
4.325	5.3232e-07
4.33	5.28998e-07
4.335	5.25725e-07
4.34	5.22503e-07
4.345	5.1933e-07
4.35	5.16207e-07
4.355	5.13131e-07
4.36	5.10104e-07
4.365	5.07124e-07
4.37	5.04192e-07
4.375	5.01305e-07
4.38	4.98465e-07
4.385	4.9567e-07
4.39	4.9292e-07
4.395	4.90214e-07
4.4	4.87552e-07
4.405	4.84934e-07
4.41	4.82359e-07
4.415	4.79826e-07
4.42	4.77335e-07
4.425	4.74886e-07
4.43	4.72477e-07
4.435	4.70109e-07
4.44	4.67781e-07
4.445	4.65493e-07
4.45	4.63243e-07
4.455	4.61032e-07
4.46	4.58859e-07
4.465	4.56723e-07
4.47	4.54624e-07
4.475	4.52562e-07
4.48	4.50536e-07
4.485	4.48545e-07
4.49	4.4659e-07
4.495	4.44669e-07
4.5	4.42782e-07
4.505	4.40929e-07
4.51	4.39573e-07
4.515	4.39115e-07
4.52	4.34561e-07
4.525	4.33519e-07
4.53	4.31755e-07
4.535	4.301e-07
4.54	4.28439e-07
4.545	4.26823e-07
4.55	4.25233e-07
4.555	4.23673e-07
4.56	4.22141e-07
4.565	4.20638e-07
4.57	4.19164e-07
4.575	4.17718e-07
4.58	4.16303e-07
4.585	4.14914e-07
4.59	4.13553e-07
4.595	4.12218e-07
4.6	4.10908e-07
4.605	4.09624e-07
4.61	4.08365e-07
4.615	4.0713e-07
4.62	4.05919e-07
4.625	4.04731e-07
4.63	4.03566e-07
4.635	4.02423e-07
4.64	4.01301e-07
4.645	4.00202e-07
4.65	3.99123e-07
4.655	3.98064e-07
4.66	3.97025e-07
4.665	3.96006e-07
4.67	3.95006e-07
4.675	3.94025e-07
4.68	3.93061e-07
4.685	3.92116e-07
4.69	3.94929e-07
4.695	3.90676e-07
4.7	3.88882e-07
4.705	3.88351e-07
4.71	3.87523e-07
4.715	3.86711e-07
4.72	3.85888e-07
4.725	3.85097e-07
4.73	3.84313e-07
4.735	3.83546e-07
4.74	3.82789e-07
4.745	3.82046e-07
4.75	3.81314e-07
4.755	3.80594e-07
4.76	3.79884e-07
4.765	3.79186e-07
4.77	3.78498e-07
4.775	3.77819e-07
4.78	3.77153e-07
4.785	3.76504e-07
4.79	3.75863e-07
4.795	3.75233e-07
4.8	3.74628e-07
4.805	3.74031e-07
4.81	3.73441e-07
4.815	3.72858e-07
4.82	3.72281e-07
4.825	3.71716e-07
4.83	3.71163e-07
4.835	3.70616e-07
4.84	3.70073e-07
4.845	3.69535e-07
4.85	3.69002e-07
4.855	3.68472e-07
4.86	3.67945e-07
4.865	3.67423e-07
4.87	3.66917e-07
4.875	3.6642e-07
4.88	3.65932e-07
4.885	3.65449e-07
4.89	3.64975e-07
4.895	3.64501e-07
4.9	3.64028e-07
4.905	3.63556e-07
4.91	3.63083e-07
4.915	3.62611e-07
4.92	3.62138e-07
4.925	3.61665e-07
4.93	3.61191e-07
4.935	3.60715e-07
4.94	3.60239e-07
4.945	3.59766e-07
4.95	3.59291e-07
4.955	3.58814e-07
4.96	3.58335e-07
4.965	3.57853e-07
4.97	3.57368e-07
4.975	3.56886e-07
4.98	3.56405e-07
4.985	3.55921e-07
4.99	3.55434e-07
4.995	3.54945e-07
5	3.54452e-07
5.005	3.53954e-07
5.01	9.98787e-07
5.015	3.83313e-07
5.02	9.80883e-07
5.025	3.79906e-07
5.03	9.78413e-07
5.035	3.78799e-07
5.04	9.73381e-07
5.045	9.95581e-07
5.05	9.89985e-07
5.055	9.8265e-07
5.06	9.79748e-07
5.065	9.77957e-07
5.07	9.75133e-07
5.075	9.73967e-07
5.08	9.71251e-07
5.085	9.69459e-07
5.09	9.67276e-07
5.095	9.64915e-07
5.1	9.62615e-07
5.105	9.60324e-07
5.11	9.5804e-07
5.115	9.5575e-07
5.12	9.53449e-07
5.125	9.51137e-07
5.13	9.48816e-07
5.135	9.4654e-07
5.14	9.44272e-07
5.145	9.41992e-07
5.15	9.39699e-07
5.155	9.3741e-07
5.16	9.35111e-07
5.165	9.32799e-07
5.17	9.30474e-07
5.175	9.28163e-07
5.18	9.25843e-07
5.185	9.2351e-07
5.19	9.21163e-07
5.195	9.18802e-07
5.2	9.16429e-07
5.205	9.14042e-07
5.21	9.11643e-07
5.215	9.09231e-07
5.22	9.0681e-07
5.225	9.04382e-07
5.23	9.01941e-07
5.235	8.99489e-07
5.24	8.96993e-07
5.245	8.94531e-07
5.25	8.92059e-07
5.255	8.89575e-07
5.26	8.8708e-07
5.265	8.84578e-07
5.27	8.8207e-07
5.275	8.66336e-07
5.28	8.55992e-07
5.285	8.62389e-07
5.29	8.64358e-07
5.295	8.62611e-07
5.3	8.60143e-07
5.305	8.57626e-07
5.31	8.55075e-07
5.315	8.52487e-07
5.32	8.49871e-07
5.325	8.47235e-07
5.33	8.44597e-07
5.335	8.41942e-07
5.34	8.39253e-07
5.345	8.36535e-07
5.35	8.3382e-07
5.355	8.31096e-07
5.36	8.28357e-07
5.365	8.25621e-07
5.37	8.22872e-07
5.375	8.20112e-07
5.38	8.1734e-07
5.385	8.14557e-07
5.39	8.11761e-07
5.395	8.08953e-07
5.4	8.0614e-07
5.405	8.03319e-07
5.41	8.00488e-07
5.415	7.97177e-07
5.42	8.08256e-07
5.425	7.8052e-07
5.43	7.70129e-07
5.435	7.80923e-07
5.44	7.82452e-07
5.445	7.79546e-07
5.45	7.76493e-07
5.455	7.73678e-07
5.46	7.70896e-07
5.465	7.68091e-07
5.47	7.65269e-07
5.475	7.62434e-07
5.48	7.59586e-07
5.485	7.56726e-07
5.49	7.53852e-07
5.495	7.50966e-07
5.5	7.48072e-07
5.505	7.45172e-07
5.51	7.42262e-07
5.515	7.39341e-07
5.52	7.36412e-07
5.525	7.33478e-07
5.53	7.30536e-07
5.535	7.27586e-07
5.54	7.24629e-07
5.545	7.21665e-07
5.55	7.18694e-07
5.555	7.15721e-07
5.56	7.12744e-07
5.565	7.09761e-07
5.57	7.06774e-07
5.575	7.03782e-07
5.58	7.00786e-07
5.585	6.97785e-07
5.59	6.94781e-07
5.595	6.91774e-07
5.6	6.88764e-07
5.605	6.85755e-07
5.61	6.82747e-07
5.615	6.79736e-07
5.62	6.76723e-07
5.625	6.73708e-07
5.63	6.70691e-07
5.635	6.67673e-07
5.64	6.64654e-07
5.645	6.61633e-07
5.65	6.58612e-07
5.655	6.55591e-07
5.66	6.52575e-07
5.665	6.49567e-07
5.67	6.46561e-07
5.675	6.43556e-07
5.68	6.40551e-07
5.685	6.37547e-07
5.69	6.34544e-07
5.695	6.31544e-07
5.7	6.28548e-07
5.705	6.25559e-07
5.71	6.22571e-07
5.715	6.19588e-07
5.72	6.1661e-07
5.725	6.13635e-07
5.73	6.10663e-07
5.735	6.07693e-07
5.74	6.04726e-07
5.745	6.01763e-07
5.75	5.98803e-07
5.755	5.95846e-07
5.76	5.92893e-07
5.765	5.89944e-07
5.77	5.87e-07
5.775	5.84063e-07
5.78	5.8114e-07
5.785	5.78229e-07
5.79	5.75324e-07
5.795	5.72424e-07
5.8	5.6953e-07
5.805	5.6664e-07
5.81	5.63756e-07
5.815	5.60878e-07
5.82	5.58006e-07
5.825	5.55142e-07
5.83	5.52286e-07
5.835	5.49436e-07
5.84	5.46592e-07
5.845	5.43755e-07
5.85	5.40924e-07
5.855	5.38101e-07
5.86	5.35284e-07
5.865	5.32474e-07
5.87	5.29672e-07
5.875	5.26877e-07
5.88	5.24089e-07
5.885	5.21309e-07
5.89	5.18537e-07
5.895	5.15778e-07
5.9	5.13034e-07
5.905	5.10298e-07
5.91	5.07571e-07
5.915	5.04852e-07
5.92	5.02142e-07
5.925	4.99442e-07
5.93	4.96751e-07
5.935	4.94069e-07
5.94	4.91396e-07
5.945	4.88732e-07
5.95	4.86077e-07
5.955	4.8343e-07
5.96	4.80793e-07
5.965	4.78165e-07
5.97	4.75548e-07
5.975	4.72941e-07
5.98	4.70344e-07
5.985	4.67756e-07
5.99	4.65178e-07
5.995	4.6261e-07
6	4.60052e-07
6.005	4.57504e-07
6.01	4.54966e-07
6.015	4.52438e-07
6.02	4.49921e-07
6.025	4.47413e-07
6.03	4.44916e-07
6.035	4.4243e-07
6.04	4.39954e-07
6.045	4.37489e-07
6.05	4.35038e-07
6.055	4.32598e-07
6.06	4.30168e-07
6.065	4.2775e-07
6.07	4.25343e-07
6.075	4.22947e-07
6.08	4.20562e-07
6.085	4.1819e-07
6.09	4.15835e-07
6.095	4.12388e-07
6.1	4.10106e-07
6.105	4.08616e-07
6.11	4.06542e-07
6.115	4.04273e-07
6.12	4.01985e-07
6.125	3.99698e-07
6.13	3.9742e-07
6.135	3.95157e-07
6.14	3.92907e-07
6.145	3.9067e-07
6.15	3.88446e-07
6.155	3.86234e-07
6.16	3.84035e-07
6.165	3.81848e-07
6.17	3.79673e-07
6.175	3.77513e-07
6.18	3.75367e-07
6.185	3.73233e-07
6.19	3.71111e-07
6.195	3.69e-07
6.2	3.66923e-07
6.205	3.68261e-07
6.21	3.66083e-07
6.215	3.63047e-07
6.22	3.60818e-07
6.225	3.58756e-07
6.23	3.56732e-07
6.235	3.54735e-07
6.24	3.52753e-07
6.245	3.50784e-07
6.25	4.16995e-07
6.255	3.98506e-07
6.26	4.0401e-07
6.265	4.02887e-07
6.27	4.00733e-07
6.275	3.9873e-07
6.28	3.96776e-07
6.285	3.9483e-07
6.29	3.92893e-07
6.295	3.90968e-07
6.3	3.89053e-07
6.305	3.87151e-07
6.31	3.85259e-07
6.315	3.83378e-07
6.32	3.81506e-07
6.325	6.47433e-07
6.33	5.79877e-07
6.335	5.77551e-07
6.34	5.83605e-07
6.345	5.8156e-07
6.35	5.78571e-07
6.355	5.76031e-07
6.36	5.73612e-07
6.365	5.71188e-07
6.37	5.68761e-07
6.375	5.6634e-07
6.38	5.63923e-07
6.385	5.61523e-07
6.39	5.59133e-07
6.395	5.56753e-07
6.4	5.54387e-07
6.405	5.52036e-07
6.41	5.4969e-07
6.415	5.47348e-07
6.42	5.4501e-07
6.425	5.42678e-07
6.43	5.40352e-07
6.435	5.38031e-07
6.44	5.35724e-07
6.445	5.33427e-07
6.45	5.31138e-07
6.455	5.28856e-07
6.46	5.26585e-07
6.465	5.24326e-07
6.47	5.22086e-07
6.475	5.19858e-07
6.48	5.17646e-07
6.485	5.15456e-07
6.49	5.13284e-07
6.495	5.11122e-07
6.5	5.08972e-07
6.505	5.06833e-07
6.51	5.04706e-07
6.515	5.02591e-07
6.52	5.00488e-07
6.525	4.98397e-07
6.53	4.96318e-07
6.535	4.94254e-07
6.54	4.92203e-07
6.545	4.90165e-07
6.55	4.88138e-07
6.555	4.86124e-07
6.56	4.84121e-07
6.565	4.82131e-07
6.57	4.80156e-07
6.575	4.78195e-07
6.58	4.76245e-07
6.585	4.74306e-07
6.59	4.72378e-07
6.595	4.7046e-07
6.6	4.68554e-07
6.605	4.66658e-07
6.61	4.64773e-07
6.615	4.62901e-07
6.62	4.6104e-07
6.625	4.59191e-07
6.63	4.57352e-07
6.635	4.55521e-07
6.64	4.53699e-07
6.645	4.51886e-07
6.65	4.50081e-07
6.655	4.48285e-07
6.66	4.46496e-07
6.665	4.44715e-07
6.67	4.42942e-07
6.675	4.41176e-07
6.68	4.39417e-07
6.685	4.37666e-07
6.69	4.35921e-07
6.695	4.34183e-07
6.7	4.32451e-07
6.705	4.30728e-07
6.71	4.29015e-07
6.715	4.27308e-07
6.72	4.25606e-07
6.725	4.23911e-07
6.73	4.22221e-07
6.735	4.20536e-07
6.74	4.18857e-07
6.745	4.17183e-07
6.75	4.15515e-07
6.755	4.13851e-07
6.76	4.12193e-07
6.765	4.1054e-07
6.77	4.08891e-07
6.775	4.07247e-07
6.78	4.05608e-07
6.785	4.03974e-07
6.79	4.02344e-07
6.795	4.00719e-07
6.8	3.99099e-07
6.805	3.97483e-07
6.81	3.95871e-07
6.815	3.94264e-07
6.82	3.92662e-07
6.825	3.91064e-07
6.83	4.38285e-07
6.835	3.84208e-07
6.84	4.34067e-07
6.845	3.81782e-07
6.85	4.3022e-07
6.855	4.24829e-07
6.86	4.19239e-07
6.865	4.1903e-07
6.87	4.17906e-07
6.875	4.1596e-07
6.88	4.14081e-07
6.885	4.12314e-07
6.89	4.10563e-07
6.895	4.08812e-07
6.9	4.07066e-07
6.905	4.05327e-07
6.91	4.03594e-07
6.915	4.01869e-07
6.92	4.00151e-07
6.925	3.9844e-07
6.93	3.96736e-07
6.935	3.95039e-07
6.94	3.93349e-07
6.945	3.91665e-07
6.95	3.89989e-07
6.955	3.88321e-07
6.96	3.86659e-07
6.965	3.85004e-07
6.97	3.83356e-07
6.975	3.81714e-07
6.98	3.80079e-07
6.985	3.78452e-07
6.99	3.76831e-07
6.995	3.75216e-07
7	3.73609e-07
7.005	3.72009e-07
7.01	3.70415e-07
7.015	3.68829e-07
7.02	3.67248e-07
7.025	3.65675e-07
7.03	3.64108e-07
7.035	3.62548e-07
7.04	3.60995e-07
7.045	3.59448e-07
7.05	3.57909e-07
7.055	3.56375e-07
7.06	3.5485e-07
7.065	3.53332e-07
7.07	3.51822e-07
7.075	3.50317e-07
7.08	3.4882e-07
7.085	3.47329e-07
7.09	3.45844e-07
7.095	3.44367e-07
7.1	3.42897e-07
7.105	3.41435e-07
7.11	3.39978e-07
7.115	3.38528e-07
7.12	3.37085e-07
7.125	3.35648e-07
7.13	3.34218e-07
7.135	9.97266e-07
7.14	9.20107e-07
7.145	3.34586e-07
7.15	9.24044e-07
7.155	9.11819e-07
7.16	3.34047e-07
7.165	9.09918e-07
7.17	8.9884e-07
7.175	3.30227e-07
7.18	8.98692e-07
7.185	8.87293e-07
7.19	9.91918e-07
7.195	9.96188e-07
7.2	9.63082e-07
7.205	9.53875e-07
7.21	9.59102e-07
7.215	9.60777e-07
7.22	9.56662e-07
7.225	9.50913e-07
7.23	9.45921e-07
7.235	9.41773e-07
7.24	9.37935e-07
7.245	9.34089e-07
7.25	9.30166e-07
7.255	9.26198e-07
7.26	9.22228e-07
7.265	9.18284e-07
7.27	9.1437e-07
7.275	9.1048e-07
7.28	9.06607e-07
7.285	9.0275e-07
7.29	8.98908e-07
7.295	8.95082e-07
7.3	8.91274e-07
7.305	8.87483e-07
7.31	8.83709e-07
7.315	8.79951e-07
7.32	8.76214e-07
7.325	8.72499e-07
7.33	8.68799e-07
7.335	8.65117e-07
7.34	8.6145e-07
7.345	8.57799e-07
7.35	8.54164e-07
7.355	8.50546e-07
7.36	8.46943e-07
7.365	8.43356e-07
7.37	8.39784e-07
7.375	8.36229e-07
7.38	8.32688e-07
7.385	8.29164e-07
7.39	8.25655e-07
7.395	8.22161e-07
7.4	8.18682e-07
7.405	8.15219e-07
7.41	8.11771e-07
7.415	8.08338e-07
7.42	8.0492e-07
7.425	8.01516e-07
7.43	7.98128e-07
7.435	7.94755e-07
7.44	7.91401e-07
7.445	7.88066e-07
7.45	7.84745e-07
7.455	7.81439e-07
7.46	7.78147e-07
7.465	7.7487e-07
7.47	7.71606e-07
7.475	7.68358e-07
7.48	7.65126e-07
7.485	7.61908e-07
7.49	7.58704e-07
7.495	7.55513e-07
7.5	7.52337e-07
7.505	7.49174e-07
7.51	7.46025e-07
7.515	7.42896e-07
7.52	7.39781e-07
7.525	7.36679e-07
7.53	7.3359e-07
7.535	7.30514e-07
7.54	7.27451e-07
7.545	7.24401e-07
7.55	7.21363e-07
7.555	7.18339e-07
7.56	7.1533e-07
7.565	7.12334e-07
7.57	7.0935e-07
7.575	7.06379e-07
7.58	7.03421e-07
7.585	7.00476e-07
7.59	6.97544e-07
7.595	6.94625e-07
7.6	6.91718e-07
7.605	6.88823e-07
7.61	6.8594e-07
7.615	6.8307e-07
7.62	6.80211e-07
7.625	6.77365e-07
7.63	6.74531e-07
7.635	6.71708e-07
7.64	6.68897e-07
7.645	6.66098e-07
7.65	6.63315e-07
7.655	6.60543e-07
7.66	6.57783e-07
7.665	6.55034e-07
7.67	6.52296e-07
7.675	6.4957e-07
7.68	6.46854e-07
7.685	6.4415e-07
7.69	6.41456e-07
7.695	6.38774e-07
7.7	6.36102e-07
7.705	6.33441e-07
7.71	6.30791e-07
7.715	6.28151e-07
7.72	6.25523e-07
7.725	6.22904e-07
7.73	6.20297e-07
7.735	6.177e-07
7.74	6.15113e-07
7.745	6.12537e-07
7.75	6.09971e-07
7.755	6.07416e-07
7.76	6.04872e-07
7.765	6.02338e-07
7.77	5.99814e-07
7.775	5.973e-07
7.78	5.94796e-07
7.785	5.92303e-07
7.79	5.89821e-07
7.795	5.87348e-07
7.8	5.84885e-07
7.805	5.82432e-07
7.81	5.79989e-07
7.815	5.77556e-07
7.82	5.75133e-07
7.825	5.72719e-07
7.83	5.70315e-07
7.835	5.6792e-07
7.84	5.65535e-07
7.845	5.63159e-07
7.85	5.60793e-07
7.855	5.58436e-07
7.86	5.56088e-07
7.865	5.53751e-07
7.87	5.51422e-07
7.875	5.49103e-07
7.88	5.46793e-07
7.885	5.44493e-07
7.89	5.42201e-07
7.895	5.39918e-07
7.9	5.37644e-07
7.905	5.35379e-07
7.91	5.33123e-07
7.915	5.30876e-07
7.92	5.28638e-07
7.925	5.26409e-07
7.93	5.24188e-07
7.935	5.21976e-07
7.94	5.19773e-07
7.945	5.17579e-07
7.95	5.15394e-07
7.955	5.13217e-07
7.96	5.1105e-07
7.965	5.08891e-07
7.97	5.0674e-07
7.975	5.04598e-07
7.98	5.02465e-07
7.985	5.0034e-07
7.99	4.98223e-07
7.995	4.96115e-07
8	4.94015e-07
8.005	4.91924e-07
8.01	4.89841e-07
8.015	4.87766e-07
8.02	4.85699e-07
8.025	4.83641e-07
8.03	4.81591e-07
8.035	4.79549e-07
8.04	4.77515e-07
8.045	4.75489e-07
8.05	4.73472e-07
8.055	4.71462e-07
8.06	4.6946e-07
8.065	4.67467e-07
8.07	4.65481e-07
8.075	4.63504e-07
8.08	4.61535e-07
8.085	4.59574e-07
8.09	4.5762e-07
8.095	4.55675e-07
8.1	4.53737e-07
8.105	4.51808e-07
8.11	4.49886e-07
8.115	4.47972e-07
8.12	4.46065e-07
8.125	4.44166e-07
8.13	4.42275e-07
8.135	4.40392e-07
8.14	4.38516e-07
8.145	4.36648e-07
8.15	4.34787e-07
8.155	4.32934e-07
8.16	4.31088e-07
8.165	4.2925e-07
8.17	4.27419e-07
8.175	4.25596e-07
8.18	4.2378e-07
8.185	4.21972e-07
8.19	4.20171e-07
8.195	4.18377e-07
8.2	4.16591e-07
8.205	4.14812e-07
8.21	4.1304e-07
8.215	4.11275e-07
8.22	4.09518e-07
8.225	4.07768e-07
8.23	4.06025e-07
8.235	4.04289e-07
8.24	4.02562e-07
8.245	4.00841e-07
8.25	3.99128e-07
8.255	3.97421e-07
8.26	3.95722e-07
8.265	3.9403e-07
8.27	3.92344e-07
8.275	3.90666e-07
8.28	3.88994e-07
8.285	3.8733e-07
8.29	3.85672e-07
8.295	3.84022e-07
8.3	3.82378e-07
8.305	3.80741e-07
8.31	3.7911e-07
8.315	3.77487e-07
8.32	3.7587e-07
8.325	3.74261e-07
8.33	3.72658e-07
8.335	3.71061e-07
8.34	3.69471e-07
8.345	3.67888e-07
8.35	3.66312e-07
8.355	3.64742e-07
8.36	3.63179e-07
8.365	3.61622e-07
8.37	3.60071e-07
8.375	3.58528e-07
8.38	3.5699e-07
8.385	3.55459e-07
8.39	3.53935e-07
8.395	3.52417e-07
8.4	3.50905e-07
8.405	3.494e-07
8.41	3.47901e-07
8.415	3.46408e-07
8.42	3.44922e-07
8.425	3.43441e-07
8.43	3.41967e-07
8.435	3.405e-07
8.44	3.39038e-07
8.445	3.37583e-07
8.45	3.36134e-07
8.455	3.34691e-07
8.46	3.33254e-07
8.465	3.31823e-07
8.47	3.30398e-07
8.475	3.28979e-07
8.48	3.27567e-07
8.485	3.2616e-07
8.49	3.24759e-07
8.495	3.23365e-07
8.5	3.21976e-07
8.505	3.20593e-07
8.51	3.19216e-07
8.515	3.17845e-07
8.52	3.16482e-07
8.525	3.15124e-07
8.53	3.13772e-07
8.535	3.12426e-07
8.54	3.11086e-07
8.545	3.09751e-07
8.55	3.08423e-07
8.555	3.07101e-07
8.56	3.05784e-07
8.565	3.04474e-07
8.57	3.0317e-07
8.575	3.01872e-07
8.58	3.00579e-07
8.585	2.99293e-07
8.59	2.98012e-07
8.595	2.96737e-07
8.6	2.95467e-07
8.605	2.94203e-07
8.61	2.92945e-07
8.615	2.91692e-07
8.62	2.90445e-07
8.625	2.89203e-07
8.63	2.87966e-07
8.635	2.86735e-07
8.64	2.85509e-07
8.645	2.84288e-07
8.65	2.83072e-07
8.655	2.81862e-07
8.66	2.80657e-07
8.665	9.97978e-07
8.67	3.84244e-07
8.675	8.61312e-07
8.68	3.51294e-07
8.685	8.85871e-07
8.69	3.45046e-07
8.695	8.5856e-07
8.7	3.58504e-07
8.705	8.73113e-07
8.71	3.37251e-07
8.715	8.42088e-07
8.72	3.51443e-07
8.725	8.58622e-07
8.73	3.32072e-07
8.735	8.27867e-07
8.74	3.45436e-07
8.745	8.43947e-07
8.75	3.26408e-07
8.755	8.13816e-07
8.76	3.39588e-07
8.765	8.29555e-07
8.77	3.20876e-07
8.775	7.99994e-07
8.78	3.33833e-07
8.785	8.1541e-07
8.79	3.15427e-07
8.795	7.86391e-07
8.8	3.28173e-07
8.805	8.01499e-07
8.81	3.10071e-07
8.815	7.73012e-07
8.82	3.22605e-07
8.825	7.87821e-07
8.83	3.04802e-07
8.835	7.59857e-07
8.84	3.17129e-07
8.845	7.74375e-07
8.85	2.99621e-07
8.855	7.46924e-07
8.86	3.11744e-07
8.865	7.61162e-07
8.87	2.94528e-07
8.875	7.34215e-07
8.88	3.06451e-07
8.885	7.48179e-07
8.89	2.89523e-07
8.895	7.21726e-07
8.9	9.96001e-07
8.905	3.18497e-07
8.91	6.59473e-07
8.915	9.32621e-07
8.92	3.09981e-07
8.925	6.62988e-07
8.93	9.32898e-07
8.935	3.06227e-07
8.94	9.29111e-07
8.945	9.68503e-07
8.95	3.01128e-07
8.955	8.24875e-07
8.96	9.21154e-07
8.965	3.20408e-07
8.97	9.02334e-07
8.975	9.46763e-07
8.98	9.61742e-07
8.985	8.96227e-07
8.99	8.71759e-07
8.995	8.7847e-07
9	8.84038e-07
9.005	8.50235e-07
9.01	8.40731e-07
9.015	8.66586e-07
9.02	8.38465e-07
9.025	8.36161e-07
9.03	8.6042e-07
9.035	8.61922e-07
9.04	8.06133e-07
9.045	8.03963e-07
9.05	8.40542e-07
9.055	8.49455e-07
9.06	8.0338e-07
9.065	7.97898e-07
9.07	8.27179e-07
9.075	8.32756e-07
9.08	7.83733e-07
9.085	7.81156e-07
9.09	8.13331e-07
9.095	8.20163e-07
9.1	7.74043e-07
9.105	7.69708e-07
9.11	7.99418e-07
9.115	8.05391e-07
9.12	7.58761e-07
9.125	7.55624e-07
9.13	7.8603e-07
9.135	7.92344e-07
9.14	7.47403e-07
9.145	7.43584e-07
9.15	7.72689e-07
9.155	7.78576e-07
9.16	7.33832e-07
9.165	7.30549e-07
9.17	7.5968e-07
9.175	7.65654e-07
9.18	7.22079e-07
9.185	7.18528e-07
9.19	7.4682e-07
9.195	7.52555e-07
9.2	7.09472e-07
9.205	7.06182e-07
9.21	7.34223e-07
9.215	7.39945e-07
9.22	6.97775e-07
9.225	4.2598e-07
9.23	2.91706e-07
9.235	9.44528e-07
9.24	8.71604e-07
9.245	8.23737e-07
9.25	6.82937e-07
9.255	3.66439e-07
9.26	9.33667e-07
9.265	8.24607e-07
9.27	7.67901e-07
9.275	4.25989e-07
9.28	9.38832e-07
9.285	8.08357e-07
9.29	7.29741e-07
9.295	3.97297e-07
9.3	9.30345e-07
9.305	7.97236e-07
9.31	7.3219e-07
9.315	4.01433e-07
9.32	9.13932e-07
9.325	7.82358e-07
9.33	7.09968e-07
9.335	3.86991e-07
9.34	9.04948e-07
9.345	7.70944e-07
9.35	7.06799e-07
9.355	3.8692e-07
9.36	8.88157e-07
9.365	7.56914e-07
9.37	6.88105e-07
9.375	3.75139e-07
9.38	8.76538e-07
9.385	7.45183e-07
9.39	6.82365e-07
9.395	3.7328e-07
9.4	8.60592e-07
9.405	7.31997e-07
9.41	6.66237e-07
9.415	3.63354e-07
9.42	8.47927e-07
9.425	7.20258e-07
9.43	6.58881e-07
9.435	3.60263e-07
9.44	8.3282e-07
9.445	7.0774e-07
9.45	6.44677e-07
9.455	3.51742e-07
9.46	8.19896e-07
9.465	6.96192e-07
9.47	6.36362e-07
9.475	3.47844e-07
9.48	8.05541e-07
9.485	6.8423e-07
9.49	6.23577e-07
9.495	3.40357e-07
9.5	7.92683e-07
9.505	6.72952e-07
9.51	6.14742e-07
9.515	3.35971e-07
9.52	7.78987e-07
9.525	6.61473e-07
9.53	6.03015e-07
9.535	3.2924e-07
9.54	7.66347e-07
9.545	6.505e-07
9.55	5.93947e-07
9.555	3.24589e-07
9.56	7.53236e-07
9.565	6.39455e-07
9.57	5.83029e-07
9.575	3.18418e-07
9.58	7.4089e-07
9.585	6.28806e-07
9.59	5.73916e-07
9.595	3.13649e-07
9.6	7.28302e-07
9.605	6.18163e-07
9.61	3.7207e-07
9.615	6.92113e-07
9.62	6.09378e-07
9.625	3.34464e-07
9.63	6.65027e-07
9.635	5.78761e-07
9.64	5.32363e-07
9.645	3.00148e-07
9.65	7.34802e-07
9.655	6.06659e-07
9.66	3.74207e-07
9.665	7.06585e-07
9.67	5.90407e-07
9.675	3.16887e-07
9.68	6.46656e-07
9.685	5.36021e-07
9.69	3.50772e-07
9.695	7.83372e-07
9.7	5.9648e-07
9.705	3.49336e-07
9.71	7.38383e-07
9.715	5.65192e-07
9.72	4.93985e-07
9.725	2.7544e-07
9.73	7.65036e-07
9.735	5.76056e-07
9.74	5.47218e-07
9.745	2.94233e-07
9.75	6.74649e-07
9.755	5.3864e-07
9.76	3.07884e-07
9.765	6.42242e-07
9.77	5.12051e-07
9.775	3.24598e-07
9.78	7.3564e-07
9.785	5.57264e-07
9.79	3.34959e-07
9.795	7.32953e-07
9.8	5.19457e-07
9.805	2.90736e-07
9.81	7.18899e-07
9.815	5.02411e-07
9.82	5.25992e-07
9.825	3.21068e-07
9.83	7.91944e-07
9.835	5.43925e-07
9.84	4.79539e-07
9.845	2.63117e-07
9.85	6.78629e-07
9.855	5.08365e-07
9.86	3.09301e-07
9.865	6.61135e-07
9.87	4.96624e-07
9.875	2.75682e-07
9.88	6.4774e-07
9.885	4.70026e-07
9.89	3.16729e-07
9.895	7.97142e-07
9.9	5.06778e-07
9.905	3.10621e-07
9.91	7.93691e-07
9.915	5.00326e-07
9.92	4.70624e-07
9.925	2.95434e-07
9.93	8.44629e-07
9.935	5.18952e-07
9.94	4.81796e-07
9.945	2.67868e-07
9.95	6.64265e-07
9.955	4.6576e-07
9.96	2.72327e-07
9.965	6.39625e-07
9.97	4.4604e-07
9.975	2.68875e-07
9.98	6.85307e-07
9.985	4.65724e-07
9.99	2.96077e-07
9.995	7.67241e-07
10	4.49071e-07
