0.005	12
0.01	6
0.015	6
0.02	7
0.025	7
0.03	7
0.035	7
0.04	7
0.045	8
0.05	8
0.055	8
0.06	8
0.065	8
0.07	8
0.075	8
0.08	8
0.085	8
0.09	8
0.095	8
0.1	8
0.105	8
0.11	8
0.115	8
0.12	8
0.125	8
0.13	8
0.135	8
0.14	8
0.145	8
0.15	8
0.155	8
0.16	8
0.165	7
0.17	8
0.175	7
0.18	7
0.185	8
0.19	8
0.195	8
0.2	8
0.205	8
0.21	8
0.215	8
0.22	8
0.225	8
0.23	8
0.235	8
0.24	8
0.245	8
0.25	8
0.255	8
0.26	8
0.265	8
0.27	8
0.275	8
0.28	8
0.285	8
0.29	8
0.295	8
0.3	8
0.305	8
0.31	8
0.315	8
0.32	8
0.325	8
0.33	8
0.335	8
0.34	8
0.345	8
0.35	8
0.355	8
0.36	8
0.365	8
0.37	8
0.375	8
0.38	8
0.385	7
0.39	8
0.395	8
0.4	8
0.405	7
0.41	7
0.415	7
0.42	7
0.425	7
0.43	7
0.435	7
0.44	7
0.445	7
0.45	7
0.455	7
0.46	7
0.465	7
0.47	7
0.475	7
0.48	7
0.485	6
0.49	7
0.495	7
0.5	7
0.505	7
0.51	6
0.515	7
0.52	7
0.525	7
0.53	7
0.535	6
0.54	7
0.545	6
0.55	6
0.555	7
0.56	6
0.565	6
0.57	6
0.575	7
0.58	6
0.585	6
0.59	6
0.595	6
0.6	6
0.605	6
0.61	6
0.615	6
0.62	6
0.625	5
0.63	5
0.635	5
0.64	5
0.645	6
0.65	6
0.655	5
0.66	6
0.665	6
0.67	6
0.675	6
0.68	5
0.685	5
0.69	5
0.695	5
0.7	7
0.705	5
0.71	5
0.715	7
0.72	7
0.725	7
0.73	7
0.735	7
0.74	5
0.745	7
0.75	5
0.755	7
0.76	7
0.765	5
0.77	5
0.775	5
0.78	5
0.785	6
0.79	5
0.795	5
0.8	5
0.805	5
0.81	5
0.815	6
0.82	5
0.825	6
0.83	6
0.835	5
0.84	7
0.845	7
0.85	7
0.855	7
0.86	7
0.865	7
0.87	7
0.875	6
0.88	6
0.885	6
0.89	6
0.895	6
0.9	7
0.905	7
0.91	7
0.915	6
0.92	7
0.925	5
0.93	6
0.935	5
0.94	6
0.945	6
0.95	6
0.955	6
0.96	6
0.965	7
0.97	6
0.975	6
0.98	6
0.985	7
0.99	7
0.995	5
1	5
1.005	6
1.01	7
1.015	7
1.02	7
1.025	6
1.03	5
1.035	6
1.04	6
1.045	6
1.05	5
1.055	6
1.06	6
1.065	6
1.07	6
1.075	6
1.08	5
1.085	5
1.09	6
1.095	5
1.1	5
1.105	5
1.11	5
1.115	5
1.12	6
1.125	5
1.13	5
1.135	5
1.14	6
1.145	5
1.15	6
1.155	6
1.16	5
1.165	6
1.17	6
1.175	5
1.18	5
1.185	6
1.19	5
1.195	6
1.2	5
1.205	4
1.21	6
1.215	6
1.22	6
1.225	6
1.23	6
1.235	6
1.24	6
1.245	6
1.25	6
1.255	5
1.26	6
1.265	4
1.27	6
1.275	6
1.28	6
1.285	6
1.29	6
1.295	6
1.3	4
1.305	5
1.31	5
1.315	6
1.32	6
1.325	6
1.33	6
1.335	6
1.34	6
1.345	4
1.35	5
1.355	5
1.36	5
1.365	5
1.37	5
1.375	5
1.38	5
1.385	5
1.39	5
1.395	5
1.4	5
1.405	5
1.41	5
1.415	5
1.42	5
1.425	5
1.43	5
1.435	5
1.44	5
1.445	5
1.45	5
1.455	5
1.46	5
1.465	5
1.47	5
1.475	5
1.48	5
1.485	5
1.49	5
1.495	4
1.5	5
1.505	4
1.51	4
1.515	4
1.52	4
1.525	4
1.53	4
1.535	4
1.54	4
1.545	4
1.55	4
1.555	4
1.56	4
1.565	4
1.57	4
1.575	4
1.58	4
1.585	4
1.59	4
1.595	4
1.6	4
1.605	4
1.61	4
1.615	4
1.62	4
1.625	4
1.63	4
1.635	4
1.64	4
1.645	4
1.65	4
1.655	3
1.66	3
1.665	3
1.67	5
1.675	5
1.68	4
1.685	4
1.69	3
1.695	3
1.7	4
1.705	5
1.71	4
1.715	3
1.72	4
1.725	3
1.73	3
1.735	3
1.74	3
1.745	3
1.75	3
1.755	4
1.76	3
1.765	3
1.77	3
1.775	3
1.78	3
1.785	3
1.79	3
1.795	3
1.8	3
1.805	3
1.81	3
1.815	3
1.82	3
1.825	3
1.83	3
1.835	3
1.84	3
1.845	3
1.85	3
1.855	3
1.86	3
1.865	3
1.87	3
1.875	3
1.88	3
1.885	3
1.89	3
1.895	3
1.9	3
1.905	3
1.91	3
1.915	3
1.92	3
1.925	3
1.93	3
1.935	3
1.94	3
1.945	3
1.95	3
1.955	3
1.96	3
1.965	3
1.97	3
1.975	3
1.98	3
1.985	3
1.99	3
1.995	3
2	3
2.005	3
2.01	3
2.015	3
2.02	3
2.025	3
2.03	3
2.035	3
2.04	3
2.045	3
2.05	3
2.055	3
2.06	3
2.065	3
2.07	3
2.075	3
2.08	3
2.085	4
2.09	3
2.095	3
2.1	4
2.105	4
2.11	3
2.115	3
2.12	3
2.125	3
2.13	3
2.135	3
2.14	4
2.145	3
2.15	3
2.155	3
2.16	3
2.165	3
2.17	3
2.175	3
2.18	3
2.185	3
2.19	4
2.195	3
2.2	4
2.205	4
2.21	3
2.215	3
2.22	3
2.225	3
2.23	3
2.235	3
2.24	3
2.245	3
2.25	3
2.255	4
2.26	3
2.265	3
2.27	3
2.275	3
2.28	3
2.285	3
2.29	3
2.295	3
2.3	3
2.305	4
2.31	4
2.315	4
2.32	3
2.325	4
2.33	4
2.335	4
2.34	4
2.345	4
2.35	4
2.355	4
2.36	4
2.365	4
2.37	4
2.375	4
2.38	4
2.385	4
2.39	4
2.395	4
2.4	4
2.405	4
2.41	4
2.415	4
2.42	4
2.425	4
2.43	4
2.435	4
2.44	4
2.445	4
2.45	4
2.455	4
2.46	4
2.465	4
2.47	4
2.475	4
2.48	4
2.485	4
2.49	4
2.495	4
2.5	4
2.505	4
2.51	4
2.515	4
2.52	4
2.525	4
2.53	4
2.535	4
2.54	4
2.545	4
2.55	4
2.555	4
2.56	4
2.565	4
2.57	4
2.575	4
2.58	4
2.585	4
2.59	4
2.595	4
2.6	4
2.605	4
2.61	4
2.615	4
2.62	4
2.625	4
2.63	4
2.635	4
2.64	4
2.645	4
2.65	4
2.655	4
2.66	4
2.665	4
2.67	4
2.675	4
2.68	4
2.685	4
2.69	4
2.695	4
2.7	4
2.705	4
2.71	4
2.715	4
2.72	4
2.725	4
2.73	4
2.735	4
2.74	4
2.745	4
2.75	4
2.755	4
2.76	3
2.765	4
2.77	4
2.775	4
2.78	4
2.785	4
2.79	4
2.795	4
2.8	4
2.805	4
2.81	4
2.815	4
2.82	4
2.825	4
2.83	4
2.835	4
2.84	4
2.845	4
2.85	4
2.855	4
2.86	4
2.865	4
2.87	4
2.875	4
2.88	4
2.885	4
2.89	4
2.895	4
2.9	4
2.905	4
2.91	4
2.915	4
2.92	4
2.925	4
2.93	4
2.935	4
2.94	4
2.945	4
2.95	4
2.955	4
2.96	4
2.965	3
2.97	3
2.975	3
2.98	3
2.985	3
2.99	3
2.995	3
3	3
3.005	3
3.01	3
3.015	3
3.02	3
3.025	3
3.03	3
3.035	3
3.04	3
3.045	3
3.05	3
3.055	3
3.06	3
3.065	3
3.07	3
3.075	3
3.08	3
3.085	3
3.09	3
3.095	3
3.1	3
3.105	3
3.11	3
3.115	3
3.12	3
3.125	3
3.13	3
3.135	3
3.14	3
3.145	3
3.15	3
3.155	3
3.16	3
3.165	3
3.17	3
3.175	3
3.18	3
3.185	3
3.19	3
3.195	3
3.2	3
3.205	4
3.21	4
3.215	4
3.22	4
3.225	4
3.23	4
3.235	4
3.24	4
3.245	4
3.25	4
3.255	4
3.26	4
3.265	4
3.27	4
3.275	4
3.28	4
3.285	4
3.29	4
3.295	4
3.3	4
3.305	4
3.31	4
3.315	4
3.32	4
3.325	4
3.33	4
3.335	4
3.34	4
3.345	4
3.35	4
3.355	4
3.36	4
3.365	4
3.37	4
3.375	4
3.38	4
3.385	4
3.39	4
3.395	4
3.4	4
3.405	4
3.41	4
3.415	4
3.42	4
3.425	4
3.43	4
3.435	4
3.44	4
3.445	4
3.45	3
3.455	4
3.46	3
3.465	3
3.47	3
3.475	3
3.48	3
3.485	3
3.49	3
3.495	3
3.5	3
3.505	3
3.51	3
3.515	3
3.52	3
3.525	3
3.53	3
3.535	3
3.54	3
3.545	3
3.55	3
3.555	3
3.56	3
3.565	3
3.57	3
3.575	3
3.58	3
3.585	3
3.59	3
3.595	3
3.6	3
3.605	3
3.61	3
3.615	3
3.62	3
3.625	3
3.63	3
3.635	3
3.64	3
3.645	3
3.65	3
3.655	3
3.66	3
3.665	3
3.67	3
3.675	3
3.68	3
3.685	3
3.69	3
3.695	3
3.7	3
3.705	3
3.71	3
3.715	3
3.72	3
3.725	3
3.73	3
3.735	3
3.74	3
3.745	3
3.75	3
3.755	3
3.76	3
3.765	3
3.77	3
3.775	3
3.78	3
3.785	3
3.79	3
3.795	3
3.8	3
3.805	3
3.81	3
3.815	3
3.82	3
3.825	3
3.83	3
3.835	3
3.84	3
3.845	3
3.85	3
3.855	3
3.86	3
3.865	3
3.87	3
3.875	3
3.88	3
3.885	3
3.89	3
3.895	3
3.9	3
3.905	3
3.91	3
3.915	3
3.92	3
3.925	2
3.93	3
3.935	2
3.94	3
3.945	2
3.95	2
3.955	2
3.96	2
3.965	2
3.97	2
3.975	2
3.98	2
3.985	2
3.99	2
3.995	2
4	2
4.005	2
4.01	2
4.015	2
4.02	2
4.025	2
4.03	2
4.035	2
4.04	2
4.045	2
4.05	2
4.055	2
4.06	2
4.065	2
4.07	2
4.075	2
4.08	2
4.085	2
4.09	2
4.095	2
4.1	2
4.105	2
4.11	2
4.115	2
4.12	2
4.125	2
4.13	2
4.135	2
4.14	2
4.145	2
4.15	2
4.155	2
4.16	2
4.165	2
4.17	2
4.175	2
4.18	2
4.185	2
4.19	2
4.195	2
4.2	2
4.205	2
4.21	2
4.215	2
4.22	2
4.225	2
4.23	2
4.235	2
4.24	2
4.245	2
4.25	2
4.255	2
4.26	2
4.265	2
4.27	2
4.275	2
4.28	2
4.285	2
4.29	2
4.295	2
4.3	2
4.305	2
4.31	2
4.315	2
4.32	2
4.325	2
4.33	2
4.335	2
4.34	2
4.345	2
4.35	2
4.355	2
4.36	2
4.365	2
4.37	2
4.375	2
4.38	2
4.385	2
4.39	2
4.395	2
4.4	2
4.405	2
4.41	2
4.415	2
4.42	2
4.425	2
4.43	2
4.435	2
4.44	2
4.445	2
4.45	2
4.455	2
4.46	2
4.465	2
4.47	2
4.475	2
4.48	2
4.485	2
4.49	2
4.495	2
4.5	2
4.505	2
4.51	2
4.515	2
4.52	2
4.525	2
4.53	2
4.535	2
4.54	2
4.545	2
4.55	2
4.555	2
4.56	2
4.565	2
4.57	2
4.575	2
4.58	2
4.585	2
4.59	2
4.595	2
4.6	2
4.605	2
4.61	2
4.615	2
4.62	2
4.625	2
4.63	2
4.635	2
4.64	2
4.645	2
4.65	2
4.655	2
4.66	2
4.665	2
4.67	2
4.675	2
4.68	2
4.685	2
4.69	2
4.695	2
4.7	2
4.705	2
4.71	2
4.715	2
4.72	2
4.725	2
4.73	2
4.735	2
4.74	2
4.745	2
4.75	2
4.755	2
4.76	2
4.765	2
4.77	2
4.775	2
4.78	2
4.785	2
4.79	2
4.795	2
4.8	2
4.805	2
4.81	2
4.815	2
4.82	2
4.825	2
4.83	2
4.835	2
4.84	2
4.845	2
4.85	2
4.855	2
4.86	2
4.865	2
4.87	2
4.875	2
4.88	2
4.885	2
4.89	2
4.895	2
4.9	2
4.905	2
4.91	2
4.915	2
4.92	2
4.925	2
4.93	2
4.935	2
4.94	2
4.945	2
4.95	2
4.955	2
4.96	2
4.965	2
4.97	2
4.975	2
4.98	2
4.985	2
4.99	2
4.995	2
5	2
5.005	2
5.01	1
5.015	2
5.02	1
5.025	2
5.03	1
5.035	2
5.04	1
5.045	1
5.05	1
5.055	1
5.06	1
5.065	1
5.07	1
5.075	1
5.08	1
5.085	1
5.09	1
5.095	1
5.1	1
5.105	1
5.11	1
5.115	1
5.12	1
5.125	1
5.13	1
5.135	1
5.14	1
5.145	1
5.15	1
5.155	1
5.16	1
5.165	1
5.17	1
5.175	1
5.18	1
5.185	1
5.19	1
5.195	1
5.2	1
5.205	1
5.21	1
5.215	1
5.22	1
5.225	1
5.23	1
5.235	1
5.24	1
5.245	1
5.25	1
5.255	1
5.26	1
5.265	1
5.27	1
5.275	1
5.28	1
5.285	1
5.29	1
5.295	1
5.3	1
5.305	1
5.31	1
5.315	1
5.32	1
5.325	1
5.33	1
5.335	1
5.34	1
5.345	1
5.35	1
5.355	1
5.36	1
5.365	1
5.37	1
5.375	1
5.38	1
5.385	1
5.39	1
5.395	1
5.4	1
5.405	1
5.41	1
5.415	1
5.42	1
5.425	1
5.43	1
5.435	1
5.44	1
5.445	1
5.45	1
5.455	1
5.46	1
5.465	1
5.47	1
5.475	1
5.48	1
5.485	1
5.49	1
5.495	1
5.5	1
5.505	1
5.51	1
5.515	1
5.52	1
5.525	1
5.53	1
5.535	1
5.54	1
5.545	1
5.55	1
5.555	1
5.56	1
5.565	1
5.57	1
5.575	1
5.58	1
5.585	1
5.59	1
5.595	1
5.6	1
5.605	1
5.61	1
5.615	1
5.62	1
5.625	1
5.63	1
5.635	1
5.64	1
5.645	1
5.65	1
5.655	1
5.66	1
5.665	1
5.67	1
5.675	1
5.68	1
5.685	1
5.69	1
5.695	1
5.7	1
5.705	1
5.71	1
5.715	1
5.72	1
5.725	1
5.73	1
5.735	1
5.74	1
5.745	1
5.75	1
5.755	1
5.76	1
5.765	1
5.77	1
5.775	1
5.78	1
5.785	1
5.79	1
5.795	1
5.8	1
5.805	1
5.81	1
5.815	1
5.82	1
5.825	1
5.83	1
5.835	1
5.84	1
5.845	1
5.85	1
5.855	1
5.86	1
5.865	1
5.87	1
5.875	1
5.88	1
5.885	1
5.89	1
5.895	1
5.9	1
5.905	1
5.91	1
5.915	1
5.92	1
5.925	1
5.93	1
5.935	1
5.94	1
5.945	1
5.95	1
5.955	1
5.96	1
5.965	1
5.97	1
5.975	1
5.98	1
5.985	1
5.99	1
5.995	1
6	1
6.005	1
6.01	1
6.015	1
6.02	1
6.025	1
6.03	1
6.035	1
6.04	1
6.045	1
6.05	1
6.055	1
6.06	1
6.065	1
6.07	1
6.075	1
6.08	1
6.085	1
6.09	1
6.095	1
6.1	1
6.105	1
6.11	1
6.115	1
6.12	1
6.125	1
6.13	1
6.135	1
6.14	1
6.145	1
6.15	1
6.155	1
6.16	1
6.165	1
6.17	1
6.175	1
6.18	1
6.185	1
6.19	1
6.195	1
6.2	1
6.205	1
6.21	1
6.215	1
6.22	1
6.225	1
6.23	1
6.235	1
6.24	1
6.245	1
6.25	3
6.255	3
6.26	3
6.265	3
6.27	3
6.275	3
6.28	3
6.285	3
6.29	3
6.295	3
6.3	3
6.305	3
6.31	3
6.315	3
6.32	3
6.325	2
6.33	2
6.335	2
6.34	2
6.345	2
6.35	2
6.355	2
6.36	2
6.365	2
6.37	2
6.375	2
6.38	2
6.385	2
6.39	2
6.395	2
6.4	2
6.405	2
6.41	2
6.415	2
6.42	2
6.425	2
6.43	2
6.435	2
6.44	2
6.445	2
6.45	2
6.455	2
6.46	2
6.465	2
6.47	2
6.475	2
6.48	2
6.485	2
6.49	2
6.495	2
6.5	2
6.505	2
6.51	2
6.515	2
6.52	2
6.525	2
6.53	2
6.535	2
6.54	2
6.545	2
6.55	2
6.555	2
6.56	2
6.565	2
6.57	2
6.575	2
6.58	2
6.585	2
6.59	2
6.595	2
6.6	2
6.605	2
6.61	2
6.615	2
6.62	2
6.625	2
6.63	2
6.635	2
6.64	2
6.645	2
6.65	2
6.655	2
6.66	2
6.665	2
6.67	2
6.675	2
6.68	2
6.685	2
6.69	2
6.695	2
6.7	2
6.705	2
6.71	2
6.715	2
6.72	2
6.725	2
6.73	2
6.735	2
6.74	2
6.745	2
6.75	2
6.755	2
6.76	2
6.765	2
6.77	2
6.775	2
6.78	2
6.785	2
6.79	2
6.795	2
6.8	2
6.805	2
6.81	2
6.815	2
6.82	2
6.825	2
6.83	2
6.835	2
6.84	2
6.845	2
6.85	2
6.855	2
6.86	2
6.865	2
6.87	2
6.875	2
6.88	2
6.885	2
6.89	2
6.895	2
6.9	2
6.905	2
6.91	2
6.915	2
6.92	2
6.925	2
6.93	2
6.935	2
6.94	2
6.945	2
6.95	2
6.955	2
6.96	2
6.965	2
6.97	2
6.975	2
6.98	2
6.985	2
6.99	2
6.995	2
7	2
7.005	2
7.01	2
7.015	2
7.02	2
7.025	2
7.03	2
7.035	2
7.04	2
7.045	2
7.05	2
7.055	2
7.06	2
7.065	2
7.07	2
7.075	2
7.08	2
7.085	2
7.09	2
7.095	2
7.1	2
7.105	2
7.11	2
7.115	2
7.12	2
7.125	2
7.13	2
7.135	1
7.14	1
7.145	2
7.15	1
7.155	1
7.16	2
7.165	1
7.17	1
7.175	2
7.18	1
7.185	1
7.19	1
7.195	1
7.2	1
7.205	1
7.21	1
7.215	1
7.22	1
7.225	1
7.23	1
7.235	1
7.24	1
7.245	1
7.25	1
7.255	1
7.26	1
7.265	1
7.27	1
7.275	1
7.28	1
7.285	1
7.29	1
7.295	1
7.3	1
7.305	1
7.31	1
7.315	1
7.32	1
7.325	1
7.33	1
7.335	1
7.34	1
7.345	1
7.35	1
7.355	1
7.36	1
7.365	1
7.37	1
7.375	1
7.38	1
7.385	1
7.39	1
7.395	1
7.4	1
7.405	1
7.41	1
7.415	1
7.42	1
7.425	1
7.43	1
7.435	1
7.44	1
7.445	1
7.45	1
7.455	1
7.46	1
7.465	1
7.47	1
7.475	1
7.48	1
7.485	1
7.49	1
7.495	1
7.5	1
7.505	1
7.51	1
7.515	1
7.52	1
7.525	1
7.53	1
7.535	1
7.54	1
7.545	1
7.55	1
7.555	1
7.56	1
7.565	1
7.57	1
7.575	1
7.58	1
7.585	1
7.59	1
7.595	1
7.6	1
7.605	1
7.61	1
7.615	1
7.62	1
7.625	1
7.63	1
7.635	1
7.64	1
7.645	1
7.65	1
7.655	1
7.66	1
7.665	1
7.67	1
7.675	1
7.68	1
7.685	1
7.69	1
7.695	1
7.7	1
7.705	1
7.71	1
7.715	1
7.72	1
7.725	1
7.73	1
7.735	1
7.74	1
7.745	1
7.75	1
7.755	1
7.76	1
7.765	1
7.77	1
7.775	1
7.78	1
7.785	1
7.79	1
7.795	1
7.8	1
7.805	1
7.81	1
7.815	1
7.82	1
7.825	1
7.83	1
7.835	1
7.84	1
7.845	1
7.85	1
7.855	1
7.86	1
7.865	1
7.87	1
7.875	1
7.88	1
7.885	1
7.89	1
7.895	1
7.9	1
7.905	1
7.91	1
7.915	1
7.92	1
7.925	1
7.93	1
7.935	1
7.94	1
7.945	1
7.95	1
7.955	1
7.96	1
7.965	1
7.97	1
7.975	1
7.98	1
7.985	1
7.99	1
7.995	1
8	1
8.005	1
8.01	1
8.015	1
8.02	1
8.025	1
8.03	1
8.035	1
8.04	1
8.045	1
8.05	1
8.055	1
8.06	1
8.065	1
8.07	1
8.075	1
8.08	1
8.085	1
8.09	1
8.095	1
8.1	1
8.105	1
8.11	1
8.115	1
8.12	1
8.125	1
8.13	1
8.135	1
8.14	1
8.145	1
8.15	1
8.155	1
8.16	1
8.165	1
8.17	1
8.175	1
8.18	1
8.185	1
8.19	1
8.195	1
8.2	1
8.205	1
8.21	1
8.215	1
8.22	1
8.225	1
8.23	1
8.235	1
8.24	1
8.245	1
8.25	1
8.255	1
8.26	1
8.265	1
8.27	1
8.275	1
8.28	1
8.285	1
8.29	1
8.295	1
8.3	1
8.305	1
8.31	1
8.315	1
8.32	1
8.325	1
8.33	1
8.335	1
8.34	1
8.345	1
8.35	1
8.355	1
8.36	1
8.365	1
8.37	1
8.375	1
8.38	1
8.385	1
8.39	1
8.395	1
8.4	1
8.405	1
8.41	1
8.415	1
8.42	1
8.425	1
8.43	1
8.435	1
8.44	1
8.445	1
8.45	1
8.455	1
8.46	1
8.465	1
8.47	1
8.475	1
8.48	1
8.485	1
8.49	1
8.495	1
8.5	1
8.505	1
8.51	1
8.515	1
8.52	1
8.525	1
8.53	1
8.535	1
8.54	1
8.545	1
8.55	1
8.555	1
8.56	1
8.565	1
8.57	1
8.575	1
8.58	1
8.585	1
8.59	1
8.595	1
8.6	1
8.605	1
8.61	1
8.615	1
8.62	1
8.625	1
8.63	1
8.635	1
8.64	1
8.645	1
8.65	1
8.655	1
8.66	1
8.665	0
8.67	1
8.675	0
8.68	1
8.685	0
8.69	1
8.695	0
8.7	1
8.705	0
8.71	1
8.715	0
8.72	1
8.725	0
8.73	1
8.735	0
8.74	1
8.745	0
8.75	1
8.755	0
8.76	1
8.765	0
8.77	1
8.775	0
8.78	1
8.785	0
8.79	1
8.795	0
8.8	1
8.805	0
8.81	1
8.815	0
8.82	1
8.825	0
8.83	1
8.835	0
8.84	1
8.845	0
8.85	1
8.855	0
8.86	1
8.865	0
8.87	1
8.875	0
8.88	1
8.885	0
8.89	1
8.895	0
8.9	0
8.905	1
8.91	0
8.915	0
8.92	1
8.925	0
8.93	0
8.935	1
8.94	0
8.945	0
8.95	1
8.955	0
8.96	0
8.965	1
8.97	0
8.975	0
8.98	0
8.985	0
8.99	0
8.995	0
9	0
9.005	0
9.01	0
9.015	0
9.02	0
9.025	0
9.03	0
9.035	0
9.04	0
9.045	0
9.05	0
9.055	0
9.06	0
9.065	0
9.07	0
9.075	0
9.08	0
9.085	0
9.09	0
9.095	0
9.1	0
9.105	0
9.11	0
9.115	0
9.12	0
9.125	0
9.13	0
9.135	0
9.14	0
9.145	0
9.15	0
9.155	0
9.16	0
9.165	0
9.17	0
9.175	0
9.18	0
9.185	0
9.19	0
9.195	0
9.2	0
9.205	0
9.21	0
9.215	0
9.22	0
9.225	1
9.23	1
9.235	0
9.24	0
9.245	0
9.25	0
9.255	1
9.26	0
9.265	0
9.27	0
9.275	1
9.28	0
9.285	0
9.29	0
9.295	1
9.3	0
9.305	0
9.31	0
9.315	1
9.32	0
9.325	0
9.33	0
9.335	1
9.34	0
9.345	0
9.35	0
9.355	1
9.36	0
9.365	0
9.37	0
9.375	1
9.38	0
9.385	0
9.39	0
9.395	1
9.4	0
9.405	0
9.41	0
9.415	1
9.42	0
9.425	0
9.43	0
9.435	1
9.44	0
9.445	0
9.45	0
9.455	1
9.46	0
9.465	0
9.47	0
9.475	1
9.48	0
9.485	0
9.49	0
9.495	1
9.5	0
9.505	0
9.51	0
9.515	1
9.52	0
9.525	0
9.53	0
9.535	1
9.54	0
9.545	0
9.55	0
9.555	1
9.56	0
9.565	0
9.57	0
9.575	1
9.58	0
9.585	0
9.59	0
9.595	1
9.6	0
9.605	0
9.61	1
9.615	0
9.62	0
9.625	1
9.63	0
9.635	0
9.64	0
9.645	1
9.65	0
9.655	0
9.66	1
9.665	0
9.67	0
9.675	1
9.68	0
9.685	0
9.69	1
9.695	0
9.7	0
9.705	1
9.71	0
9.715	0
9.72	0
9.725	1
9.73	0
9.735	0
9.74	0
9.745	1
9.75	0
9.755	0
9.76	1
9.765	0
9.77	0
9.775	1
9.78	0
9.785	0
9.79	1
9.795	0
9.8	0
9.805	1
9.81	0
9.815	0
9.82	0
9.825	1
9.83	0
9.835	0
9.84	0
9.845	1
9.85	0
9.855	0
9.86	1
9.865	0
9.87	0
9.875	1
9.88	0
9.885	0
9.89	1
9.895	0
9.9	0
9.905	1
9.91	0
9.915	0
9.92	0
9.925	1
9.93	0
9.935	0
9.94	0
9.945	1
9.95	0
9.955	0
9.96	1
9.965	0
9.97	0
9.975	1
9.98	0
9.985	0
9.99	1
9.995	0
10	0
