0.005	3
0.01	2
0.015	2
0.02	2
0.025	2
0.03	2
0.035	2
0.04	2
0.045	2
0.05	2
0.055	2
0.06	2
0.065	2
0.07	2
0.075	2
0.08	2
0.085	2
0.09	2
0.095	2
0.1	2
0.105	2
0.11	2
0.115	2
0.12	2
0.125	2
0.13	2
0.135	2
0.14	2
0.145	2
0.15	2
0.155	2
0.16	2
0.165	2
0.17	2
0.175	2
0.18	2
0.185	2
0.19	2
0.195	2
0.2	2
0.205	2
0.21	2
0.215	2
0.22	2
0.225	2
0.23	2
0.235	2
0.24	2
0.245	2
0.25	2
0.255	2
0.26	2
0.265	2
0.27	2
0.275	2
0.28	2
0.285	2
0.29	2
0.295	2
0.3	2
0.305	2
0.31	2
0.315	2
0.32	2
0.325	2
0.33	2
0.335	2
0.34	2
0.345	2
0.35	2
0.355	2
0.36	2
0.365	2
0.37	2
0.375	2
0.38	2
0.385	2
0.39	2
0.395	2
0.4	2
0.405	2
0.41	2
0.415	2
0.42	2
0.425	2
0.43	2
0.435	2
0.44	2
0.445	2
0.45	2
0.455	2
0.46	2
0.465	2
0.47	2
0.475	2
0.48	2
0.485	2
0.49	2
0.495	2
0.5	2
0.505	2
0.51	3
0.515	2
0.52	2
0.525	2
0.53	2
0.535	2
0.54	2
0.545	3
0.55	2
0.555	2
0.56	2
0.565	2
0.57	2
0.575	2
0.58	2
0.585	2
0.59	2
0.595	2
0.6	2
0.605	2
0.61	2
0.615	2
0.62	2
0.625	3
0.63	3
0.635	3
0.64	3
0.645	2
0.65	2
0.655	3
0.66	2
0.665	2
0.67	2
0.675	2
0.68	3
0.685	3
0.69	3
0.695	3
0.7	2
0.705	3
0.71	3
0.715	2
0.72	2
0.725	2
0.73	2
0.735	2
0.74	3
0.745	2
0.75	3
0.755	2
0.76	2
0.765	3
0.77	3
0.775	3
0.78	3
0.785	3
0.79	3
0.795	3
0.8	3
0.805	3
0.81	3
0.815	2
0.82	3
0.825	3
0.83	3
0.835	3
0.84	2
0.845	2
0.85	2
0.855	2
0.86	2
0.865	2
0.87	2
0.875	3
0.88	3
0.885	3
0.89	2
0.895	3
0.9	2
0.905	2
0.91	2
0.915	3
0.92	2
0.925	3
0.93	2
0.935	3
0.94	3
0.945	3
0.95	3
0.955	3
0.96	3
0.965	2
0.97	2
0.975	3
0.98	3
0.985	2
0.99	2
0.995	3
1	3
1.005	3
1.01	2
1.015	2
1.02	2
1.025	3
1.03	3
1.035	3
1.04	3
1.045	3
1.05	3
1.055	3
1.06	3
1.065	3
1.07	3
1.075	3
1.08	3
1.085	3
1.09	2
1.095	3
1.1	3
1.105	3
1.11	3
1.115	3
1.12	2
1.125	3
1.13	3
1.135	3
1.14	2
1.145	3
1.15	2
1.155	2
1.16	3
1.165	2
1.17	2
1.175	3
1.18	3
1.185	2
1.19	3
1.195	2
1.2	3
1.205	3
1.21	2
1.215	2
1.22	2
1.225	2
1.23	2
1.235	2
1.24	2
1.245	2
1.25	2
1.255	2
1.26	2
1.265	3
1.27	2
1.275	2
1.28	2
1.285	2
1.29	2
1.295	2
1.3	2
1.305	2
1.31	2
1.315	2
1.32	2
1.325	2
1.33	2
1.335	2
1.34	2
1.345	2
1.35	2
1.355	2
1.36	2
1.365	2
1.37	2
1.375	2
1.38	2
1.385	2
1.39	2
1.395	2
1.4	2
1.405	2
1.41	2
1.415	2
1.42	2
1.425	2
1.43	2
1.435	2
1.44	2
1.445	2
1.45	2
1.455	2
1.46	2
1.465	2
1.47	2
1.475	2
1.48	2
1.485	2
1.49	2
1.495	2
1.5	2
1.505	2
1.51	2
1.515	2
1.52	2
1.525	2
1.53	2
1.535	2
1.54	2
1.545	2
1.55	2
1.555	2
1.56	2
1.565	2
1.57	2
1.575	2
1.58	2
1.585	2
1.59	2
1.595	2
1.6	2
1.605	2
1.61	2
1.615	2
1.62	2
1.625	2
1.63	2
1.635	2
1.64	2
1.645	2
1.65	2
1.655	2
1.66	2
1.665	2
1.67	2
1.675	2
1.68	2
1.685	2
1.69	2
1.695	2
1.7	2
1.705	2
1.71	2
1.715	2
1.72	2
1.725	2
1.73	2
1.735	2
1.74	2
1.745	2
1.75	2
1.755	2
1.76	2
1.765	2
1.77	2
1.775	2
1.78	2
1.785	2
1.79	2
1.795	2
1.8	2
1.805	2
1.81	2
1.815	2
1.82	2
1.825	2
1.83	2
1.835	2
1.84	2
1.845	2
1.85	2
1.855	2
1.86	2
1.865	2
1.87	2
1.875	2
1.88	2
1.885	2
1.89	2
1.895	2
1.9	2
1.905	2
1.91	2
1.915	2
1.92	2
1.925	2
1.93	2
1.935	2
1.94	2
1.945	2
1.95	2
1.955	2
1.96	2
1.965	2
1.97	2
1.975	2
1.98	2
1.985	2
1.99	2
1.995	2
2	2
2.005	2
2.01	2
2.015	2
2.02	2
2.025	2
2.03	2
2.035	2
2.04	2
2.045	2
2.05	2
2.055	2
2.06	2
2.065	2
2.07	2
2.075	2
2.08	2
2.085	2
2.09	2
2.095	2
2.1	2
2.105	2
2.11	2
2.115	2
2.12	2
2.125	2
2.13	2
2.135	2
2.14	2
2.145	2
2.15	2
2.155	2
2.16	2
2.165	2
2.17	2
2.175	2
2.18	2
2.185	2
2.19	2
2.195	2
2.2	2
2.205	2
2.21	2
2.215	2
2.22	2
2.225	2
2.23	2
2.235	2
2.24	2
2.245	2
2.25	2
2.255	2
2.26	2
2.265	2
2.27	2
2.275	2
2.28	2
2.285	2
2.29	2
2.295	2
2.3	2
2.305	2
2.31	2
2.315	2
2.32	2
2.325	2
2.33	2
2.335	2
2.34	2
2.345	2
2.35	2
2.355	2
2.36	2
2.365	2
2.37	2
2.375	2
2.38	2
2.385	2
2.39	2
2.395	2
2.4	2
2.405	2
2.41	2
2.415	2
2.42	2
2.425	2
2.43	2
2.435	2
2.44	2
2.445	2
2.45	2
2.455	2
2.46	2
2.465	2
2.47	2
2.475	2
2.48	2
2.485	2
2.49	2
2.495	2
2.5	2
2.505	2
2.51	2
2.515	2
2.52	2
2.525	2
2.53	2
2.535	2
2.54	2
2.545	2
2.55	2
2.555	2
2.56	2
2.565	2
2.57	2
2.575	2
2.58	2
2.585	2
2.59	2
2.595	2
2.6	2
2.605	2
2.61	2
2.615	2
2.62	2
2.625	2
2.63	2
2.635	2
2.64	2
2.645	2
2.65	2
2.655	2
2.66	2
2.665	2
2.67	2
2.675	2
2.68	2
2.685	2
2.69	2
2.695	2
2.7	2
2.705	2
2.71	2
2.715	2
2.72	2
2.725	2
2.73	2
2.735	2
2.74	2
2.745	2
2.75	2
2.755	2
2.76	2
2.765	2
2.77	2
2.775	2
2.78	2
2.785	2
2.79	2
2.795	2
2.8	2
2.805	2
2.81	2
2.815	2
2.82	2
2.825	2
2.83	2
2.835	2
2.84	2
2.845	2
2.85	2
2.855	2
2.86	2
2.865	2
2.87	2
2.875	2
2.88	2
2.885	2
2.89	2
2.895	2
2.9	2
2.905	2
2.91	2
2.915	2
2.92	2
2.925	2
2.93	2
2.935	2
2.94	2
2.945	2
2.95	2
2.955	2
2.96	2
2.965	2
2.97	2
2.975	2
2.98	2
2.985	2
2.99	2
2.995	2
3	2
3.005	2
3.01	2
3.015	2
3.02	2
3.025	2
3.03	2
3.035	2
3.04	2
3.045	2
3.05	2
3.055	2
3.06	2
3.065	2
3.07	2
3.075	2
3.08	2
3.085	2
3.09	2
3.095	2
3.1	2
3.105	2
3.11	2
3.115	2
3.12	2
3.125	2
3.13	2
3.135	2
3.14	2
3.145	2
3.15	2
3.155	2
3.16	2
3.165	2
3.17	2
3.175	2
3.18	2
3.185	2
3.19	2
3.195	2
3.2	2
3.205	2
3.21	2
3.215	2
3.22	2
3.225	2
3.23	2
3.235	2
3.24	2
3.245	2
3.25	2
3.255	2
3.26	2
3.265	2
3.27	2
3.275	2
3.28	2
3.285	2
3.29	2
3.295	2
3.3	2
3.305	2
3.31	2
3.315	2
3.32	2
3.325	2
3.33	2
3.335	2
3.34	2
3.345	2
3.35	2
3.355	2
3.36	2
3.365	2
3.37	2
3.375	2
3.38	2
3.385	2
3.39	2
3.395	2
3.4	2
3.405	2
3.41	2
3.415	2
3.42	2
3.425	2
3.43	2
3.435	2
3.44	2
3.445	2
3.45	2
3.455	2
3.46	2
3.465	2
3.47	2
3.475	2
3.48	2
3.485	2
3.49	2
3.495	2
3.5	2
3.505	2
3.51	2
3.515	2
3.52	2
3.525	2
3.53	2
3.535	2
3.54	2
3.545	2
3.55	2
3.555	2
3.56	2
3.565	2
3.57	2
3.575	2
3.58	2
3.585	2
3.59	2
3.595	2
3.6	2
3.605	2
3.61	2
3.615	2
3.62	2
3.625	2
3.63	2
3.635	2
3.64	2
3.645	2
3.65	2
3.655	2
3.66	2
3.665	2
3.67	2
3.675	2
3.68	2
3.685	2
3.69	2
3.695	2
3.7	2
3.705	2
3.71	2
3.715	2
3.72	2
3.725	2
3.73	2
3.735	2
3.74	2
3.745	2
3.75	2
3.755	2
3.76	2
3.765	2
3.77	2
3.775	2
3.78	2
3.785	2
3.79	2
3.795	2
3.8	2
3.805	2
3.81	2
3.815	2
3.82	2
3.825	2
3.83	2
3.835	2
3.84	2
3.845	2
3.85	2
3.855	2
3.86	2
3.865	2
3.87	2
3.875	2
3.88	2
3.885	2
3.89	2
3.895	2
3.9	2
3.905	2
3.91	2
3.915	2
3.92	2
3.925	2
3.93	2
3.935	2
3.94	2
3.945	2
3.95	2
3.955	2
3.96	2
3.965	2
3.97	2
3.975	2
3.98	2
3.985	2
3.99	2
3.995	2
4	2
4.005	2
4.01	2
4.015	2
4.02	2
4.025	2
4.03	2
4.035	2
4.04	2
4.045	2
4.05	2
4.055	2
4.06	2
4.065	2
4.07	2
4.075	2
4.08	2
4.085	2
4.09	2
4.095	2
4.1	2
4.105	2
4.11	2
4.115	2
4.12	2
4.125	2
4.13	2
4.135	2
4.14	2
4.145	2
4.15	2
4.155	2
4.16	2
4.165	2
4.17	2
4.175	2
4.18	2
4.185	2
4.19	2
4.195	2
4.2	2
4.205	2
4.21	2
4.215	2
4.22	2
4.225	2
4.23	2
4.235	2
4.24	2
4.245	2
4.25	2
4.255	2
4.26	2
4.265	2
4.27	2
4.275	2
4.28	2
4.285	2
4.29	2
4.295	2
4.3	2
4.305	2
4.31	2
4.315	2
4.32	2
4.325	2
4.33	2
4.335	2
4.34	2
4.345	2
4.35	2
4.355	2
4.36	2
4.365	2
4.37	2
4.375	2
4.38	2
4.385	2
4.39	2
4.395	2
4.4	2
4.405	2
4.41	2
4.415	2
4.42	2
4.425	2
4.43	2
4.435	2
4.44	2
4.445	2
4.45	2
4.455	2
4.46	2
4.465	2
4.47	2
4.475	2
4.48	2
4.485	2
4.49	2
4.495	2
4.5	2
4.505	2
4.51	2
4.515	2
4.52	2
4.525	2
4.53	2
4.535	2
4.54	2
4.545	2
4.55	2
4.555	2
4.56	2
4.565	2
4.57	2
4.575	2
4.58	2
4.585	2
4.59	2
4.595	2
4.6	2
4.605	2
4.61	2
4.615	2
4.62	2
4.625	2
4.63	2
4.635	2
4.64	2
4.645	2
4.65	2
4.655	2
4.66	2
4.665	2
4.67	2
4.675	2
4.68	2
4.685	2
4.69	2
4.695	2
4.7	2
4.705	2
4.71	2
4.715	2
4.72	2
4.725	2
4.73	2
4.735	2
4.74	2
4.745	2
4.75	2
4.755	2
4.76	2
4.765	2
4.77	2
4.775	2
4.78	2
4.785	2
4.79	2
4.795	2
4.8	2
4.805	2
4.81	2
4.815	2
4.82	2
4.825	2
4.83	2
4.835	2
4.84	2
4.845	2
4.85	2
4.855	2
4.86	2
4.865	2
4.87	2
4.875	2
4.88	2
4.885	2
4.89	2
4.895	2
4.9	2
4.905	2
4.91	2
4.915	2
4.92	2
4.925	2
4.93	2
4.935	2
4.94	2
4.945	2
4.95	2
4.955	2
4.96	2
4.965	2
4.97	2
4.975	2
4.98	2
4.985	2
4.99	2
4.995	2
5	2
5.005	2
5.01	2
5.015	2
5.02	2
5.025	2
5.03	2
5.035	2
5.04	2
5.045	2
5.05	2
5.055	2
5.06	2
5.065	2
5.07	2
5.075	2
5.08	2
5.085	2
5.09	2
5.095	2
5.1	2
5.105	2
5.11	2
5.115	2
5.12	2
5.125	2
5.13	2
5.135	2
5.14	2
5.145	2
5.15	2
5.155	2
5.16	2
5.165	2
5.17	2
5.175	2
5.18	2
5.185	2
5.19	2
5.195	2
5.2	2
5.205	2
5.21	2
5.215	2
5.22	2
5.225	2
5.23	2
5.235	2
5.24	2
5.245	2
5.25	2
5.255	2
5.26	2
5.265	2
5.27	2
5.275	2
5.28	2
5.285	2
5.29	2
5.295	2
5.3	2
5.305	2
5.31	2
5.315	2
5.32	2
5.325	2
5.33	2
5.335	2
5.34	2
5.345	2
5.35	2
5.355	2
5.36	2
5.365	2
5.37	2
5.375	2
5.38	2
5.385	2
5.39	2
5.395	2
5.4	2
5.405	2
5.41	2
5.415	2
5.42	2
5.425	2
5.43	2
5.435	2
5.44	2
5.445	2
5.45	2
5.455	2
5.46	2
5.465	2
5.47	2
5.475	2
5.48	2
5.485	2
5.49	2
5.495	2
5.5	2
5.505	2
5.51	2
5.515	2
5.52	2
5.525	2
5.53	2
5.535	2
5.54	2
5.545	2
5.55	2
5.555	2
5.56	2
5.565	2
5.57	2
5.575	2
5.58	2
5.585	2
5.59	2
5.595	2
5.6	2
5.605	2
5.61	2
5.615	2
5.62	2
5.625	2
5.63	2
5.635	2
5.64	2
5.645	2
5.65	2
5.655	2
5.66	2
5.665	2
5.67	2
5.675	2
5.68	2
5.685	2
5.69	2
5.695	2
5.7	2
5.705	2
5.71	2
5.715	2
5.72	2
5.725	2
5.73	2
5.735	2
5.74	2
5.745	2
5.75	2
5.755	2
5.76	2
5.765	2
5.77	2
5.775	2
5.78	2
5.785	2
5.79	2
5.795	2
5.8	2
5.805	2
5.81	2
5.815	2
5.82	2
5.825	2
5.83	2
5.835	2
5.84	2
5.845	2
5.85	2
5.855	2
5.86	2
5.865	2
5.87	2
5.875	2
5.88	2
5.885	2
5.89	2
5.895	2
5.9	2
5.905	2
5.91	2
5.915	2
5.92	2
5.925	2
5.93	2
5.935	2
5.94	2
5.945	2
5.95	2
5.955	2
5.96	2
5.965	2
5.97	2
5.975	2
5.98	2
5.985	2
5.99	2
5.995	2
6	2
6.005	2
6.01	2
6.015	2
6.02	2
6.025	2
6.03	2
6.035	2
6.04	2
6.045	2
6.05	2
6.055	2
6.06	2
6.065	2
6.07	2
6.075	2
6.08	2
6.085	2
6.09	2
6.095	2
6.1	2
6.105	2
6.11	2
6.115	2
6.12	2
6.125	2
6.13	2
6.135	2
6.14	2
6.145	2
6.15	2
6.155	2
6.16	2
6.165	2
6.17	2
6.175	2
6.18	2
6.185	2
6.19	2
6.195	2
6.2	2
6.205	2
6.21	2
6.215	2
6.22	2
6.225	2
6.23	2
6.235	2
6.24	2
6.245	2
6.25	2
6.255	2
6.26	2
6.265	2
6.27	2
6.275	2
6.28	2
6.285	2
6.29	2
6.295	2
6.3	2
6.305	2
6.31	2
6.315	2
6.32	2
6.325	2
6.33	2
6.335	2
6.34	2
6.345	2
6.35	2
6.355	2
6.36	2
6.365	2
6.37	2
6.375	2
6.38	2
6.385	2
6.39	2
6.395	2
6.4	2
6.405	2
6.41	2
6.415	2
6.42	2
6.425	2
6.43	2
6.435	2
6.44	2
6.445	2
6.45	2
6.455	2
6.46	2
6.465	2
6.47	2
6.475	2
6.48	2
6.485	2
6.49	2
6.495	2
6.5	2
6.505	2
6.51	2
6.515	2
6.52	2
6.525	2
6.53	2
6.535	2
6.54	2
6.545	2
6.55	2
6.555	2
6.56	2
6.565	2
6.57	2
6.575	2
6.58	2
6.585	2
6.59	2
6.595	2
6.6	2
6.605	2
6.61	2
6.615	2
6.62	2
6.625	2
6.63	2
6.635	2
6.64	2
6.645	2
6.65	2
6.655	2
6.66	2
6.665	2
6.67	2
6.675	2
6.68	2
6.685	2
6.69	2
6.695	2
6.7	2
6.705	2
6.71	2
6.715	2
6.72	2
6.725	2
6.73	2
6.735	2
6.74	2
6.745	2
6.75	2
6.755	2
6.76	2
6.765	2
6.77	2
6.775	2
6.78	2
6.785	2
6.79	2
6.795	2
6.8	2
6.805	2
6.81	2
6.815	2
6.82	2
6.825	2
6.83	1
6.835	2
6.84	1
6.845	2
6.85	1
6.855	1
6.86	1
6.865	1
6.87	1
6.875	1
6.88	1
6.885	1
6.89	1
6.895	1
6.9	1
6.905	1
6.91	1
6.915	1
6.92	1
6.925	1
6.93	1
6.935	1
6.94	1
6.945	1
6.95	1
6.955	1
6.96	1
6.965	1
6.97	1
6.975	1
6.98	1
6.985	1
6.99	1
6.995	1
7	1
7.005	1
7.01	1
7.015	1
7.02	1
7.025	1
7.03	1
7.035	1
7.04	1
7.045	1
7.05	1
7.055	1
7.06	1
7.065	1
7.07	1
7.075	1
7.08	1
7.085	1
7.09	1
7.095	1
7.1	1
7.105	1
7.11	1
7.115	1
7.12	1
7.125	1
7.13	1
7.135	1
7.14	2
7.145	1
7.15	1
7.155	2
7.16	1
7.165	1
7.17	2
7.175	1
7.18	1
7.185	2
7.19	1
7.195	1
7.2	1
7.205	1
7.21	1
7.215	1
7.22	1
7.225	1
7.23	1
7.235	1
7.24	1
7.245	1
7.25	1
7.255	1
7.26	1
7.265	1
7.27	1
7.275	1
7.28	1
7.285	1
7.29	1
7.295	1
7.3	1
7.305	1
7.31	1
7.315	1
7.32	1
7.325	1
7.33	1
7.335	1
7.34	1
7.345	1
7.35	1
7.355	1
7.36	1
7.365	1
7.37	1
7.375	1
7.38	1
7.385	1
7.39	1
7.395	1
7.4	1
7.405	1
7.41	1
7.415	1
7.42	1
7.425	1
7.43	1
7.435	1
7.44	1
7.445	1
7.45	1
7.455	1
7.46	1
7.465	1
7.47	1
7.475	1
7.48	1
7.485	1
7.49	1
7.495	1
7.5	1
7.505	1
7.51	1
7.515	1
7.52	1
7.525	1
7.53	1
7.535	1
7.54	1
7.545	1
7.55	1
7.555	1
7.56	1
7.565	1
7.57	1
7.575	1
7.58	1
7.585	1
7.59	1
7.595	1
7.6	1
7.605	1
7.61	1
7.615	1
7.62	1
7.625	1
7.63	1
7.635	1
7.64	1
7.645	1
7.65	1
7.655	1
7.66	1
7.665	1
7.67	1
7.675	1
7.68	1
7.685	1
7.69	1
7.695	1
7.7	1
7.705	1
7.71	1
7.715	1
7.72	1
7.725	1
7.73	1
7.735	1
7.74	1
7.745	1
7.75	1
7.755	1
7.76	1
7.765	1
7.77	1
7.775	1
7.78	1
7.785	1
7.79	1
7.795	1
7.8	1
7.805	1
7.81	1
7.815	1
7.82	1
7.825	1
7.83	1
7.835	1
7.84	1
7.845	1
7.85	1
7.855	1
7.86	1
7.865	1
7.87	1
7.875	1
7.88	1
7.885	1
7.89	1
7.895	1
7.9	1
7.905	1
7.91	1
7.915	1
7.92	1
7.925	1
7.93	1
7.935	1
7.94	1
7.945	1
7.95	1
7.955	1
7.96	1
7.965	1
7.97	1
7.975	1
7.98	1
7.985	1
7.99	1
7.995	1
8	1
8.005	1
8.01	1
8.015	1
8.02	1
8.025	1
8.03	1
8.035	1
8.04	1
8.045	1
8.05	1
8.055	1
8.06	1
8.065	1
8.07	1
8.075	1
8.08	1
8.085	1
8.09	1
8.095	1
8.1	1
8.105	1
8.11	1
8.115	1
8.12	1
8.125	1
8.13	1
8.135	1
8.14	1
8.145	1
8.15	1
8.155	1
8.16	1
8.165	1
8.17	1
8.175	1
8.18	1
8.185	1
8.19	1
8.195	1
8.2	1
8.205	1
8.21	1
8.215	1
8.22	1
8.225	1
8.23	1
8.235	1
8.24	1
8.245	1
8.25	1
8.255	1
8.26	1
8.265	1
8.27	1
8.275	1
8.28	1
8.285	1
8.29	1
8.295	1
8.3	1
8.305	1
8.31	1
8.315	1
8.32	1
8.325	1
8.33	1
8.335	1
8.34	1
8.345	1
8.35	1
8.355	1
8.36	1
8.365	1
8.37	1
8.375	1
8.38	1
8.385	1
8.39	1
8.395	1
8.4	1
8.405	1
8.41	1
8.415	1
8.42	1
8.425	1
8.43	1
8.435	1
8.44	1
8.445	1
8.45	1
8.455	1
8.46	1
8.465	1
8.47	1
8.475	1
8.48	1
8.485	1
8.49	1
8.495	1
8.5	1
8.505	1
8.51	1
8.515	1
8.52	1
8.525	1
8.53	1
8.535	1
8.54	1
8.545	1
8.55	1
8.555	1
8.56	1
8.565	1
8.57	1
8.575	1
8.58	1
8.585	1
8.59	1
8.595	1
8.6	1
8.605	1
8.61	1
8.615	1
8.62	1
8.625	1
8.63	1
8.635	1
8.64	1
8.645	1
8.65	1
8.655	1
8.66	1
8.665	1
8.67	1
8.675	1
8.68	1
8.685	1
8.69	1
8.695	1
8.7	1
8.705	1
8.71	1
8.715	1
8.72	1
8.725	1
8.73	1
8.735	1
8.74	1
8.745	1
8.75	1
8.755	1
8.76	1
8.765	1
8.77	1
8.775	1
8.78	1
8.785	1
8.79	1
8.795	1
8.8	1
8.805	1
8.81	1
8.815	1
8.82	1
8.825	1
8.83	1
8.835	1
8.84	1
8.845	1
8.85	1
8.855	1
8.86	1
8.865	1
8.87	1
8.875	1
8.88	1
8.885	1
8.89	1
8.895	1
8.9	1
8.905	1
8.91	1
8.915	1
8.92	1
8.925	1
8.93	1
8.935	1
8.94	0
8.945	1
8.95	1
8.955	0
8.96	1
8.965	1
8.97	0
8.975	1
8.98	1
8.985	1
8.99	1
8.995	1
9	1
9.005	1
9.01	1
9.015	1
9.02	1
9.025	1
9.03	1
9.035	1
9.04	1
9.045	1
9.05	1
9.055	1
9.06	1
9.065	1
9.07	1
9.075	1
9.08	1
9.085	1
9.09	1
9.095	1
9.1	1
9.105	1
9.11	1
9.115	1
9.12	1
9.125	1
9.13	1
9.135	1
9.14	1
9.145	1
9.15	1
9.155	1
9.16	1
9.165	1
9.17	1
9.175	1
9.18	1
9.185	1
9.19	1
9.195	1
9.2	1
9.205	1
9.21	1
9.215	1
9.22	1
9.225	0
9.23	0
9.235	0
9.24	1
9.245	1
9.25	1
9.255	0
9.26	0
9.265	1
9.27	1
9.275	0
9.28	0
9.285	1
9.29	1
9.295	0
9.3	0
9.305	1
9.31	1
9.315	0
9.32	0
9.325	1
9.33	1
9.335	0
9.34	0
9.345	1
9.35	1
9.355	0
9.36	0
9.365	1
9.37	1
9.375	0
9.38	0
9.385	1
9.39	1
9.395	0
9.4	0
9.405	1
9.41	1
9.415	0
9.42	0
9.425	1
9.43	1
9.435	0
9.44	0
9.445	1
9.45	1
9.455	0
9.46	0
9.465	1
9.47	1
9.475	0
9.48	0
9.485	1
9.49	1
9.495	0
9.5	0
9.505	1
9.51	1
9.515	0
9.52	0
9.525	1
9.53	1
9.535	0
9.54	0
9.545	1
9.55	1
9.555	0
9.56	0
9.565	1
9.57	1
9.575	0
9.58	0
9.585	1
9.59	1
9.595	0
9.6	0
9.605	1
9.61	0
9.615	0
9.62	1
9.625	0
9.63	0
9.635	1
9.64	1
9.645	0
9.65	0
9.655	1
9.66	0
9.665	0
9.67	1
9.675	0
9.68	0
9.685	1
9.69	0
9.695	0
9.7	1
9.705	0
9.71	0
9.715	1
9.72	1
9.725	0
9.73	0
9.735	1
9.74	1
9.745	0
9.75	0
9.755	1
9.76	0
9.765	0
9.77	1
9.775	0
9.78	0
9.785	1
9.79	0
9.795	0
9.8	1
9.805	0
9.81	0
9.815	1
9.82	1
9.825	0
9.83	0
9.835	1
9.84	1
9.845	0
9.85	0
9.855	1
9.86	0
9.865	0
9.87	1
9.875	0
9.88	0
9.885	1
9.89	0
9.895	0
9.9	1
9.905	0
9.91	0
9.915	1
9.92	1
9.925	0
9.93	0
9.935	1
9.94	1
9.945	0
9.95	0
9.955	1
9.96	0
9.965	0
9.97	1
9.975	0
9.98	0
9.985	1
9.99	0
9.995	0
10	1
