0.005	1
0.01	0.324457
0.015	0.192251
0.02	0.135899
0.025	0.104638
0.03	0.0847382
0.035	0.0709521
0.04	0.0609257
0.045	0.0532417
0.05	0.0471582
0.055	0.0422164
0.06	0.038117
0.065	0.0346579
0.07	0.0316963
0.075	0.0291305
0.08	0.0269158
0.085	0.0249853
0.09	0.0233084
0.095	0.0218243
0.1	0.0205131
0.105	0.019329
0.11	0.0182662
0.115	0.0173045
0.12	0.0164605
0.125	0.0157019
0.13	0.0150029
0.135	0.0143407
0.14	0.0137145
0.145	0.0131223
0.15	0.0125683
0.155	0.0120439
0.16	0.0115087
0.165	0.0110532
0.17	0.0105971
0.175	0.0101486
0.18	0.00970977
0.185	0.00930683
0.19	0.00894455
0.195	0.00858418
0.2	0.00823253
0.205	0.00788819
0.21	0.0075604
0.215	0.00724657
0.22	0.00697915
0.225	0.00673263
0.23	0.00650646
0.235	0.00628829
0.24	0.00607819
0.245	0.00587638
0.25	0.00568618
0.255	0.00550208
0.26	0.0053391
0.265	0.00519897
0.27	0.00506881
0.275	0.00495113
0.28	0.00484539
0.285	0.00475241
0.29	0.00466345
0.295	0.00458306
0.3	0.00452511
0.305	0.00445886
0.31	0.00438785
0.315	0.00432079
0.32	0.00427377
0.325	0.00423114
0.33	0.00418909
0.335	0.0041594
0.34	0.00412363
0.345	0.00408169
0.35	0.00404781
0.355	0.00400788
0.36	0.00400508
0.365	0.00396797
0.37	0.00394424
0.375	0.00391592
0.38	0.00389086
0.385	0.00386813
0.39	0.00384525
0.395	0.00383332
0.4	0.00382231
0.405	0.00380886
0.41	0.00379679
0.415	0.00378238
0.42	0.00376756
0.425	0.00375303
0.43	0.00374094
0.435	0.0037316
0.44	0.00371857
0.445	0.0037053
0.45	0.00369064
0.455	0.00367714
0.46	0.00366459
0.465	0.0036503
0.47	0.00364132
0.475	0.00363273
0.48	0.00362869
0.485	0.003618
0.49	0.00361774
0.495	0.00361322
0.5	0.00360436
0.505	0.0035871
0.51	0.00357309
0.515	0.00355987
0.52	0.0035432
0.525	0.00351948
0.53	0.00350796
0.535	0.0034949
0.54	0.00349088
0.545	0.00348178
0.55	0.00347177
0.555	0.00346466
0.56	0.00346481
0.565	0.00345555
0.57	0.00344725
0.575	0.00343504
0.58	0.00342767
0.585	0.00341141
0.59	0.00340081
0.595	0.00338874
0.6	0.00337063
0.605	0.00335285
0.61	0.00333384
0.615	0.00331538
0.62	0.00331026
0.625	0.00330186
0.63	0.00328597
0.635	0.00327382
0.64	0.0032616
0.645	0.00324861
0.65	0.00323534
0.655	0.00322457
0.66	0.00321272
0.665	0.00320237
0.67	0.0031902
0.675	0.00317843
0.68	0.00316365
0.685	0.00315125
0.69	0.00314009
0.695	0.0031289
0.7	0.00311728
0.705	0.00310344
0.71	0.00309284
0.715	0.00308269
0.72	0.00307027
0.725	0.00305849
0.73	0.0030443
0.735	0.00302804
0.74	0.00301392
0.745	0.00300336
0.75	0.00299001
0.755	0.002981
0.76	0.00297275
0.765	0.00296492
0.77	0.00295107
0.775	0.00294011
0.78	0.00292982
0.785	0.00291861
0.79	0.00290346
0.795	0.00289227
0.8	0.00288083
0.805	0.00286878
0.81	0.00285731
0.815	0.00284465
0.82	0.00283628
0.825	0.00282419
0.83	0.00280853
0.835	0.00279863
0.84	0.00278852
0.845	0.00277932
0.85	0.00276213
0.855	0.00274936
0.86	0.00273535
0.865	0.00272083
0.87	0.00270487
0.875	0.00269369
0.88	0.00268232
0.885	0.00266946
0.89	0.00265662
0.895	0.00264824
0.9	0.00263644
0.905	0.0026238
0.91	0.00261634
0.915	0.00260766
0.92	0.00259541
0.925	0.00258326
0.93	0.00257367
0.935	0.00256368
0.94	0.00255412
0.945	0.00254429
0.95	0.00253292
0.955	0.00252119
0.96	0.002509
0.965	0.00249567
0.97	0.00248548
0.975	0.00247933
0.98	0.00246882
0.985	0.0024584
0.99	0.00244552
0.995	0.00242987
1	0.00241718
1.005	0.00240439
1.01	0.0023927
1.015	0.00238247
1.02	0.00236835
1.025	0.00235435
1.03	0.00234304
1.035	0.00233198
1.04	0.00232026
1.045	0.0023087
1.05	0.00229706
1.055	0.00228639
1.06	0.00227549
1.065	0.00226447
1.07	0.00225305
1.075	0.0022416
1.08	0.00222952
1.085	0.00221943
1.09	0.00220954
1.095	0.00220052
1.1	0.00218975
1.105	0.00217876
1.11	0.00216889
1.115	0.00215832
1.12	0.00214733
1.125	0.00213671
1.13	0.00212601
1.135	0.00211513
1.14	0.00210473
1.145	0.00209414
1.15	0.00208374
1.155	0.0020716
1.16	0.00205884
1.165	0.00204817
1.17	0.00203777
1.175	0.00202587
1.18	0.00201422
1.185	0.00200295
1.19	0.00199222
1.195	0.00198057
1.2	0.00196878
1.205	0.00195788
1.21	0.00194757
1.215	0.00193663
1.22	0.00192752
1.225	0.00191601
1.23	0.00190639
1.235	0.00189358
1.24	0.00188441
1.245	0.0018726
1.25	0.00186107
1.255	0.00185144
1.26	0.0018417
1.265	0.00182925
1.27	0.00181968
1.275	0.00180966
1.28	0.00180017
1.285	0.0017889
1.29	0.00177839
1.295	0.00176811
1.3	0.00175837
1.305	0.00175037
1.31	0.00174
1.315	0.00172875
1.32	0.00172092
1.325	0.00171329
1.33	0.00170355
1.335	0.0016936
1.34	0.00168307
1.345	0.00167278
1.35	0.00166419
1.355	0.00165113
1.36	0.00164081
1.365	0.00163263
1.37	0.00162281
1.375	0.00161258
1.38	0.00160244
1.385	0.00159279
1.39	0.00158325
1.395	0.00157306
1.4	0.00156216
1.405	0.00155236
1.41	0.00154256
1.415	0.00153279
1.42	0.001523
1.425	0.00151304
1.43	0.00150404
1.435	0.00149543
1.44	0.00148585
1.445	0.00147598
1.45	0.00146581
1.455	0.0014566
1.46	0.00144758
1.465	0.0014378
1.47	0.00142842
1.475	0.00141901
1.48	0.00140966
1.485	0.00140067
1.49	0.00139141
1.495	0.0013823
1.5	0.00137318
1.505	0.00136383
1.51	0.00135584
1.515	0.00134708
1.52	0.00133829
1.525	0.00132939
1.53	0.00132109
1.535	0.00131255
1.54	0.00130393
1.545	0.00129558
1.55	0.00128706
1.555	0.00127882
1.56	0.0012704
1.565	0.001262
1.57	0.00125351
1.575	0.00124511
1.58	0.00123683
1.585	0.00122933
1.59	0.00122108
1.595	0.00121317
1.6	0.0012051
1.605	0.00119708
1.61	0.00118907
1.615	0.00118113
1.62	0.00117339
1.625	0.00116546
1.63	0.00115775
1.635	0.00114984
1.64	0.00114199
1.645	0.00113481
1.65	0.00112728
1.655	0.0011195
1.66	0.0011125
1.665	0.00110524
1.67	0.00109869
1.675	0.00108962
1.68	0.00108016
1.685	0.00107347
1.69	0.00106513
1.695	0.00105822
1.7	0.0010515
1.705	0.00104341
1.71	0.00103543
1.715	0.00103022
1.72	0.00102463
1.725	0.00101777
1.73	0.00101
1.735	0.00100212
1.74	0.000995037
1.745	0.000987962
1.75	0.000980782
1.755	0.000973455
1.76	0.000967884
1.765	0.00096141
1.77	0.000954542
1.775	0.000947911
1.78	0.000940681
1.785	0.000933537
1.79	0.000926902
1.795	0.000920272
1.8	0.000913692
1.805	0.000907416
1.81	0.000900966
1.815	0.000895122
1.82	0.000888872
1.825	0.000882665
1.83	0.000876482
1.835	0.000870195
1.84	0.000864493
1.845	0.000858986
1.85	0.000853139
1.855	0.000847377
1.86	0.000841291
1.865	0.000835276
1.87	0.000829603
1.875	0.000824287
1.88	0.000818779
1.885	0.000813358
1.89	0.000807521
1.895	0.000802368
1.9	0.000797217
1.905	0.000792022
1.91	0.000786861
1.915	0.000781697
1.92	0.000776562
1.925	0.000771404
1.93	0.000766376
1.935	0.000761397
1.94	0.000756457
1.945	0.000751569
1.95	0.000746747
1.955	0.000742007
1.96	0.000737353
1.965	0.000732779
1.97	0.000728226
1.975	0.000723681
1.98	0.000719118
1.985	0.000714955
1.99	0.00071069
1.995	0.00070641
2	0.00070214
2.005	0.000698004
2.01	0.000693946
2.015	0.000690003
2.02	0.0006861
2.025	0.000682327
2.03	0.000678533
2.035	0.000674857
2.04	0.000671211
2.045	0.00066764
2.05	0.000664092
2.055	0.000660597
2.06	0.000657174
2.065	0.000653756
2.07	0.000650318
2.075	0.000646998
2.08	0.000643655
2.085	0.000639576
2.09	0.000638103
2.095	0.000635592
2.1	0.000631797
2.105	0.000630995
2.11	0.000629635
2.115	0.000626504
2.12	0.000623864
2.125	0.000621387
2.13	0.000618977
2.135	0.000616126
2.14	0.000613608
2.145	0.000612861
2.15	0.000610883
2.155	0.000607723
2.16	0.00060535
2.165	0.000603003
2.17	0.000600654
2.175	0.00059835
2.18	0.000595972
2.185	0.000593572
2.19	0.000591266
2.195	0.000589072
2.2	0.000586746
2.205	0.000584341
2.21	0.000581905
2.215	0.000580172
2.22	0.000578118
2.225	0.000575928
2.23	0.000573739
2.235	0.000571523
2.24	0.000569331
2.245	0.000567162
2.25	0.000565073
2.255	0.000562841
2.26	0.000560485
2.265	0.00055838
2.27	0.000556265
2.275	0.00055421
2.28	0.000552139
2.285	0.000550042
2.29	0.00054802
2.295	0.000545964
2.3	0.000544065
2.305	0.000542156
2.31	0.000539871
2.315	0.000537571
2.32	0.000535323
2.325	0.000533231
2.33	0.000531849
2.335	0.000529961
2.34	0.000527987
2.345	0.000526015
2.35	0.000524067
2.355	0.000522145
2.36	0.000520207
2.365	0.000518246
2.37	0.000516236
2.375	0.000514375
2.38	0.000512746
2.385	0.000510917
2.39	0.000509036
2.395	0.000507158
2.4	0.000505296
2.405	0.000503399
2.41	0.000501368
2.415	0.000499245
2.42	0.000497342
2.425	0.000495701
2.43	0.00049381
2.435	0.000491921
2.44	0.000490056
2.445	0.000487841
2.45	0.000485838
2.455	0.000483888
2.46	0.000481976
2.465	0.000479995
2.47	0.000478562
2.475	0.000476741
2.48	0.000474917
2.485	0.000473072
2.49	0.00047119
2.495	0.000469318
2.5	0.000467705
2.505	0.000465906
2.51	0.00046402
2.515	0.000462352
2.52	0.000460639
2.525	0.000458815
2.53	0.000456893
2.535	0.000455134
2.54	0.000453142
2.545	0.000451211
2.55	0.000449479
2.555	0.000447722
2.56	0.000445914
2.565	0.000444092
2.57	0.00044228
2.575	0.000440472
2.58	0.000438656
2.585	0.000436858
2.59	0.000435183
2.595	0.000433439
2.6	0.00043158
2.605	0.000429729
2.61	0.000427874
2.615	0.000426007
2.62	0.000424114
2.625	0.000422129
2.63	0.000420452
2.635	0.000418896
2.64	0.000417086
2.645	0.000415232
2.65	0.000413437
2.655	0.000411677
2.66	0.000409929
2.665	0.000408183
2.67	0.000406432
2.675	0.00040468
2.68	0.000402927
2.685	0.000401085
2.69	0.000399281
2.695	0.000397494
2.7	0.000395723
2.705	0.000393944
2.71	0.000392355
2.715	0.000390754
2.72	0.000389027
2.725	0.000387267
2.73	0.000385505
2.735	0.000383739
2.74	0.000381965
2.745	0.000380171
2.75	0.000378384
2.755	0.000376759
2.76	0.000375011
2.765	0.00037317
2.77	0.000371486
2.775	0.000369782
2.78	0.000367902
2.785	0.000366257
2.79	0.000364497
2.795	0.000362786
2.8	0.000361058
2.805	0.00035934
2.81	0.000357628
2.815	0.000355924
2.82	0.000354213
2.825	0.000352496
2.83	0.000350772
2.835	0.00034904
2.84	0.000347298
2.845	0.000345536
2.85	0.000343843
2.855	0.000342188
2.86	0.000340545
2.865	0.0003388
2.87	0.000337091
2.875	0.000335363
2.88	0.000333644
2.885	0.000331932
2.89	0.000330224
2.895	0.000328515
2.9	0.000326804
2.905	0.00032509
2.91	0.000323374
2.915	0.000321657
2.92	0.00031994
2.925	0.000318224
2.93	0.000316525
2.935	0.000314824
2.94	0.000313124
2.945	0.000311432
2.95	0.000309699
2.955	0.000307971
2.96	0.000306228
2.965	0.000304514
2.97	0.000302839
2.975	0.000301126
2.98	0.000299423
2.985	0.000297718
2.99	0.000296013
2.995	0.000294311
3	0.000292604
3.005	0.000290895
3.01	0.000289199
3.015	0.000287503
3.02	0.000285812
3.025	0.000284122
3.03	0.000282432
3.035	0.000280811
3.04	0.000279117
3.045	0.000277451
3.05	0.000275766
3.055	0.000274095
3.06	0.000272421
3.065	0.000270763
3.07	0.000269099
3.075	0.00026744
3.08	0.000265783
3.085	0.000264129
3.09	0.000262474
3.095	0.000260824
3.1	0.000259174
3.105	0.000257526
3.11	0.000255875
3.115	0.00025423
3.12	0.000252587
3.125	0.000250946
3.13	0.000249314
3.135	0.000247684
3.14	0.000246059
3.145	0.000244436
3.15	0.000242816
3.155	0.000241199
3.16	0.000239584
3.165	0.000237972
3.17	0.000236371
3.175	0.000234772
3.18	0.000233175
3.185	0.000231581
3.19	0.000229989
3.195	0.000228475
3.2	0.000226908
3.205	0.000225335
3.21	0.000223718
3.215	0.000222166
3.22	0.000220614
3.225	0.000219071
3.23	0.000217536
3.235	0.00021611
3.24	0.000214603
3.245	0.000213071
3.25	0.000211549
3.255	0.000210034
3.26	0.000208525
3.265	0.000207022
3.27	0.000205496
3.275	0.000203946
3.28	0.000202461
3.285	0.000200987
3.29	0.000199521
3.295	0.000198062
3.3	0.000196608
3.305	0.000195161
3.31	0.000193719
3.315	0.000192283
3.32	0.000190853
3.325	0.000189429
3.33	0.000188011
3.335	0.000186603
3.34	0.000185202
3.345	0.000183808
3.35	0.000182419
3.355	0.000181036
3.36	0.000179658
3.365	0.000178286
3.37	0.000176919
3.375	0.000175558
3.38	0.000174203
3.385	0.000172854
3.39	0.00017151
3.395	0.000170172
3.4	0.000168849
3.405	0.000167533
3.41	0.000166222
3.415	0.00016492
3.42	0.000163629
3.425	0.000162345
3.43	0.000161067
3.435	0.000159796
3.44	0.000158536
3.445	0.000157287
3.45	0.000156044
3.455	0.000154817
3.46	0.00015357
3.465	0.000152365
3.47	0.000151142
3.475	0.00014994
3.48	0.000148745
3.485	0.000147557
3.49	0.000146376
3.495	0.000145204
3.5	0.000144043
3.505	0.00014289
3.51	0.000141744
3.515	0.000140605
3.52	0.000139473
3.525	0.000138349
3.53	0.000137235
3.535	0.00013613
3.54	0.000135037
3.545	0.000133951
3.55	0.000132875
3.555	0.000131807
3.56	0.000130755
3.565	0.000129714
3.57	0.000128692
3.575	0.000127682
3.58	0.000126685
3.585	0.000125701
3.59	0.00012473
3.595	0.000123759
3.6	0.000122783
3.605	0.000121837
3.61	0.000120904
3.615	0.000119983
3.62	0.000119073
3.625	0.000118169
3.63	0.000117272
3.635	0.000116385
3.64	0.000115511
3.645	0.000114645
3.65	0.000113785
3.655	0.000112931
3.66	0.000112088
3.665	0.000111252
3.67	0.000110426
3.675	0.000109607
3.68	0.000108801
3.685	0.000108009
3.69	0.000107232
3.695	0.000106476
3.7	0.000105737
3.705	0.000105004
3.71	0.000104277
3.715	0.000103519
3.72	0.000102859
3.725	0.000102138
3.73	0.000101485
3.735	0.000100812
3.74	0.000100191
3.745	9.95501e-05
3.75	9.89352e-05
3.755	9.83306e-05
3.76	9.77668e-05
3.765	9.72254e-05
3.77	9.67068e-05
3.775	9.61932e-05
3.78	9.57053e-05
3.785	9.52426e-05
3.79	9.4794e-05
3.795	9.43698e-05
3.8	9.3947e-05
3.805	9.35301e-05
3.81	9.31223e-05
3.815	9.27924e-05
3.82	9.24286e-05
3.825	9.20507e-05
3.83	9.16814e-05
3.835	9.13158e-05
3.84	9.09603e-05
3.845	9.06164e-05
3.85	9.0276e-05
3.855	8.99296e-05
3.86	8.95884e-05
3.865	8.92583e-05
3.87	8.89309e-05
3.875	8.8604e-05
3.88	8.82805e-05
3.885	8.79608e-05
3.89	8.76416e-05
3.895	8.73244e-05
3.9	8.7007e-05
3.905	8.66896e-05
3.91	8.63716e-05
3.915	8.60535e-05
3.92	8.57354e-05
3.925	8.54207e-05
3.93	8.51063e-05
3.935	8.47996e-05
3.94	8.44833e-05
3.945	8.41725e-05
3.95	8.38616e-05
3.955	8.35564e-05
3.96	8.32516e-05
3.965	8.29458e-05
3.97	8.2637e-05
3.975	8.23196e-05
3.98	8.20128e-05
3.985	8.1707e-05
3.99	8.13995e-05
3.995	8.10898e-05
4	8.07773e-05
4.005	8.05123e-05
4.01	8.02655e-05
4.015	7.99777e-05
4.02	7.96788e-05
4.025	7.93869e-05
4.03	7.9144e-05
4.035	7.87945e-05
4.04	7.85247e-05
4.045	7.82001e-05
4.05	7.79135e-05
4.055	7.76016e-05
4.06	7.73052e-05
4.065	7.69991e-05
4.07	7.66983e-05
4.075	7.63951e-05
4.08	7.61797e-05
4.085	7.58276e-05
4.09	7.55514e-05
4.095	7.52327e-05
4.1	7.4936e-05
4.105	7.4629e-05
4.11	7.43265e-05
4.115	7.40236e-05
4.12	7.37217e-05
4.125	7.34197e-05
4.13	7.31179e-05
4.135	7.28245e-05
4.14	7.25206e-05
4.145	7.22205e-05
4.15	7.19178e-05
4.155	7.1617e-05
4.16	7.13148e-05
4.165	7.10136e-05
4.17	7.07121e-05
4.175	7.0411e-05
4.18	7.01103e-05
4.185	6.98097e-05
4.19	6.95094e-05
4.195	6.92092e-05
4.2	6.8909e-05
4.205	6.86089e-05
4.21	6.83091e-05
4.215	6.801e-05
4.22	6.77112e-05
4.225	6.74124e-05
4.23	6.71144e-05
4.235	6.68179e-05
4.24	6.65216e-05
4.245	6.62255e-05
4.25	6.59297e-05
4.255	6.56341e-05
4.26	6.53387e-05
4.265	6.50436e-05
4.27	6.47488e-05
4.275	6.44544e-05
4.28	6.41605e-05
4.285	6.3867e-05
4.29	6.35746e-05
4.295	6.32843e-05
4.3	6.29944e-05
4.305	6.27048e-05
4.31	6.24155e-05
4.315	6.21267e-05
4.32	6.18383e-05
4.325	6.15502e-05
4.33	6.12626e-05
4.335	6.09755e-05
4.34	6.0689e-05
4.345	6.04059e-05
4.35	6.01232e-05
4.355	5.98417e-05
4.36	5.95625e-05
4.365	5.92838e-05
4.37	5.90057e-05
4.375	5.87292e-05
4.38	5.84534e-05
4.385	5.81782e-05
4.39	5.79036e-05
4.395	5.76306e-05
4.4	5.73603e-05
4.405	5.70906e-05
4.41	5.68215e-05
4.415	5.65531e-05
4.42	5.62852e-05
4.425	5.60181e-05
4.43	5.57515e-05
4.435	5.54857e-05
4.44	5.52205e-05
4.445	5.49572e-05
4.45	5.46951e-05
4.455	5.44337e-05
4.46	5.41731e-05
4.465	5.39131e-05
4.47	5.36539e-05
4.475	5.33954e-05
4.48	5.31377e-05
4.485	5.28807e-05
4.49	5.26244e-05
4.495	5.23689e-05
4.5	5.21141e-05
4.505	5.18602e-05
4.51	5.1607e-05
4.515	5.13558e-05
4.52	5.11076e-05
4.525	5.08586e-05
4.53	5.0612e-05
4.535	5.03689e-05
4.54	5.0129e-05
4.545	4.98919e-05
4.55	4.96611e-05
4.555	4.94341e-05
4.56	4.92078e-05
4.565	4.8983e-05
4.57	4.8762e-05
4.575	4.85472e-05
4.58	4.83329e-05
4.585	4.81194e-05
4.59	4.79065e-05
4.595	4.76943e-05
4.6	4.74829e-05
4.605	4.72733e-05
4.61	4.70643e-05
4.615	4.68572e-05
4.62	4.66517e-05
4.625	4.64468e-05
4.63	4.62431e-05
4.635	4.60401e-05
4.64	4.58377e-05
4.645	4.5636e-05
4.65	4.54349e-05
4.655	4.52375e-05
4.66	4.50422e-05
4.665	4.48477e-05
4.67	4.46537e-05
4.675	4.44635e-05
4.68	4.42771e-05
4.685	4.40911e-05
4.69	4.39077e-05
4.695	4.37279e-05
4.7	4.35498e-05
4.705	4.33744e-05
4.71	4.32017e-05
4.715	4.303e-05
4.72	4.28587e-05
4.725	4.26879e-05
4.73	4.25181e-05
4.735	4.23493e-05
4.74	4.21831e-05
4.745	4.20175e-05
4.75	4.18523e-05
4.755	4.16876e-05
4.76	4.15233e-05
4.765	4.13614e-05
4.77	4.12016e-05
4.775	4.10436e-05
4.78	4.08862e-05
4.785	4.07292e-05
4.79	4.05729e-05
4.795	4.04183e-05
4.8	4.0264e-05
4.805	4.01098e-05
4.81	3.9956e-05
4.815	3.98024e-05
4.82	3.96491e-05
4.825	3.94967e-05
4.83	3.93446e-05
4.835	3.91929e-05
4.84	3.90413e-05
4.845	3.889e-05
4.85	3.87392e-05
4.855	3.85889e-05
4.86	3.84387e-05
4.865	3.829e-05
4.87	3.81417e-05
4.875	3.79943e-05
4.88	3.78486e-05
4.885	3.77031e-05
4.89	3.75578e-05
4.895	3.74126e-05
4.9	3.72677e-05
4.905	3.71229e-05
4.91	3.69794e-05
4.915	3.68369e-05
4.92	3.66946e-05
4.925	3.65524e-05
4.93	3.64104e-05
4.935	3.62685e-05
4.94	3.61268e-05
4.945	3.59852e-05
4.95	3.58439e-05
4.955	3.57036e-05
4.96	3.55635e-05
4.965	3.54235e-05
4.97	3.52837e-05
4.975	3.5144e-05
4.98	3.50044e-05
4.985	3.48653e-05
4.99	3.47275e-05
4.995	3.459e-05
5	3.44526e-05
5.005	3.43154e-05
5.01	3.41783e-05
5.015	3.40487e-05
5.02	3.38974e-05
5.025	3.37768e-05
5.03	3.3622e-05
5.035	3.35045e-05
5.04	3.33508e-05
5.045	3.32329e-05
5.05	3.3089e-05
5.055	3.2953e-05
5.06	3.28191e-05
5.065	3.2685e-05
5.07	3.25508e-05
5.075	3.24151e-05
5.08	3.22771e-05
5.085	3.21426e-05
5.09	3.20103e-05
5.095	3.18781e-05
5.1	3.17459e-05
5.105	3.16139e-05
5.11	3.14819e-05
5.115	3.135e-05
5.12	3.12183e-05
5.125	3.10867e-05
5.13	3.09552e-05
5.135	3.08239e-05
5.14	3.06927e-05
5.145	3.05617e-05
5.15	3.04309e-05
5.155	3.03002e-05
5.16	3.01698e-05
5.165	3.00395e-05
5.17	2.99093e-05
5.175	2.97794e-05
5.18	2.965e-05
5.185	2.95209e-05
5.19	2.93921e-05
5.195	2.92634e-05
5.2	2.91349e-05
5.205	2.90067e-05
5.21	2.88786e-05
5.215	2.87508e-05
5.22	2.86236e-05
5.225	2.84969e-05
5.23	2.83704e-05
5.235	2.82441e-05
5.24	2.8118e-05
5.245	2.7992e-05
5.25	2.78663e-05
5.255	2.77407e-05
5.26	2.76155e-05
5.265	2.74904e-05
5.27	2.73656e-05
5.275	2.72411e-05
5.28	2.71179e-05
5.285	2.69951e-05
5.29	2.68717e-05
5.295	2.67488e-05
5.3	2.66259e-05
5.305	2.65032e-05
5.31	2.63808e-05
5.315	2.62587e-05
5.32	2.61369e-05
5.325	2.60154e-05
5.33	2.58942e-05
5.335	2.57733e-05
5.34	2.56526e-05
5.345	2.55323e-05
5.35	2.54126e-05
5.355	2.52932e-05
5.36	2.51741e-05
5.365	2.50553e-05
5.37	2.49369e-05
5.375	2.4819e-05
5.38	2.47013e-05
5.385	2.4584e-05
5.39	2.44671e-05
5.395	2.43505e-05
5.4	2.42344e-05
5.405	2.41188e-05
5.41	2.40035e-05
5.415	2.38885e-05
5.42	2.3773e-05
5.425	2.36498e-05
5.43	2.35359e-05
5.435	2.34249e-05
5.44	2.33124e-05
5.445	2.32003e-05
5.45	2.30882e-05
5.455	2.29765e-05
5.46	2.28649e-05
5.465	2.27537e-05
5.47	2.26428e-05
5.475	2.25322e-05
5.48	2.24219e-05
5.485	2.23119e-05
5.49	2.22023e-05
5.495	2.2093e-05
5.5	2.19841e-05
5.505	2.18755e-05
5.51	2.17673e-05
5.515	2.16594e-05
5.52	2.15519e-05
5.525	2.14448e-05
5.53	2.13381e-05
5.535	2.12318e-05
5.54	2.11258e-05
5.545	2.10204e-05
5.55	2.09154e-05
5.555	2.08108e-05
5.56	2.07068e-05
5.565	2.06031e-05
5.57	2.04998e-05
5.575	2.03969e-05
5.58	2.02945e-05
5.585	2.01924e-05
5.59	2.00908e-05
5.595	1.99896e-05
5.6	1.98888e-05
5.605	1.97885e-05
5.61	1.96886e-05
5.615	1.95891e-05
5.62	1.949e-05
5.625	1.93913e-05
5.63	1.92931e-05
5.635	1.91953e-05
5.64	1.9098e-05
5.645	1.90011e-05
5.65	1.89046e-05
5.655	1.88085e-05
5.66	1.87129e-05
5.665	1.86178e-05
5.67	1.8523e-05
5.675	1.84287e-05
5.68	1.83349e-05
5.685	1.82415e-05
5.69	1.81485e-05
5.695	1.80559e-05
5.7	1.79639e-05
5.705	1.78722e-05
5.71	1.7781e-05
5.715	1.76903e-05
5.72	1.76e-05
5.725	1.75102e-05
5.73	1.74208e-05
5.735	1.73318e-05
5.74	1.72433e-05
5.745	1.71552e-05
5.75	1.70676e-05
5.755	1.69804e-05
5.76	1.68936e-05
5.765	1.68073e-05
5.77	1.67215e-05
5.775	1.66361e-05
5.78	1.65511e-05
5.785	1.64666e-05
5.79	1.63825e-05
5.795	1.62989e-05
5.8	1.62157e-05
5.805	1.61329e-05
5.81	1.60506e-05
5.815	1.59687e-05
5.82	1.58876e-05
5.825	1.58071e-05
5.83	1.57274e-05
5.835	1.56483e-05
5.84	1.55697e-05
5.845	1.54915e-05
5.85	1.54137e-05
5.855	1.53368e-05
5.86	1.52604e-05
5.865	1.51845e-05
5.87	1.5109e-05
5.875	1.5034e-05
5.88	1.49593e-05
5.885	1.48851e-05
5.89	1.48112e-05
5.895	1.47381e-05
5.9	1.46657e-05
5.905	1.45941e-05
5.91	1.45229e-05
5.915	1.4452e-05
5.92	1.43817e-05
5.925	1.43118e-05
5.93	1.42427e-05
5.935	1.41739e-05
5.94	1.41055e-05
5.945	1.40377e-05
5.95	1.39708e-05
5.955	1.39051e-05
5.96	1.38398e-05
5.965	1.3775e-05
5.97	1.37105e-05
5.975	1.36463e-05
5.98	1.35826e-05
5.985	1.35191e-05
5.99	1.34562e-05
5.995	1.33937e-05
6	1.33315e-05
6.005	1.32697e-05
6.01	1.32082e-05
6.015	1.31471e-05
6.02	1.30863e-05
6.025	1.30258e-05
6.03	1.29657e-05
6.035	1.29059e-05
6.04	1.28464e-05
6.045	1.27873e-05
6.05	1.27285e-05
6.055	1.267e-05
6.06	1.26118e-05
6.065	1.2554e-05
6.07	1.24965e-05
6.075	1.24393e-05
6.08	1.23824e-05
6.085	1.23259e-05
6.09	1.22696e-05
6.095	1.22137e-05
6.1	1.21579e-05
6.105	1.21026e-05
6.11	1.20476e-05
6.115	1.19929e-05
6.12	1.19385e-05
6.125	1.18844e-05
6.13	1.18306e-05
6.135	1.17771e-05
6.14	1.17239e-05
6.145	1.1671e-05
6.15	1.16184e-05
6.155	1.1566e-05
6.16	1.1514e-05
6.165	1.14625e-05
6.17	1.14116e-05
6.175	1.1361e-05
6.18	1.13111e-05
6.185	1.12615e-05
6.19	1.12123e-05
6.195	1.11632e-05
6.2	1.11146e-05
6.205	1.10663e-05
6.21	1.1018e-05
6.215	1.09701e-05
6.22	1.09225e-05
6.225	1.08751e-05
6.23	1.08282e-05
6.235	1.07815e-05
6.24	1.07351e-05
6.245	1.06888e-05
6.25	1.06429e-05
6.255	1.05666e-05
6.26	1.05404e-05
6.265	1.04952e-05
6.27	1.04506e-05
6.275	1.04064e-05
6.28	1.03625e-05
6.285	1.03188e-05
6.29	1.02754e-05
6.295	1.02321e-05
6.3	1.01891e-05
6.305	1.01462e-05
6.31	1.01036e-05
6.315	1.00611e-05
6.32	1.00189e-05
6.325	9.97678e-06
6.33	9.96834e-06
6.335	9.90893e-06
6.34	9.86455e-06
6.345	9.82382e-06
6.35	9.78299e-06
6.355	9.74219e-06
6.36	9.70154e-06
6.365	9.66107e-06
6.37	9.62078e-06
6.375	9.58066e-06
6.38	9.5407e-06
6.385	9.50091e-06
6.39	9.46128e-06
6.395	9.42182e-06
6.4	9.38251e-06
6.405	9.34337e-06
6.41	9.3044e-06
6.415	9.26558e-06
6.42	9.22692e-06
6.425	9.18842e-06
6.43	9.15009e-06
6.435	9.11192e-06
6.44	9.07389e-06
6.445	9.03603e-06
6.45	8.99833e-06
6.455	8.96079e-06
6.46	8.92339e-06
6.465	8.88615e-06
6.47	8.84906e-06
6.475	8.81213e-06
6.48	8.77535e-06
6.485	8.73874e-06
6.49	8.70228e-06
6.495	8.66597e-06
6.5	8.62981e-06
6.505	8.59381e-06
6.51	8.55796e-06
6.515	8.52226e-06
6.52	8.48671e-06
6.525	8.45131e-06
6.53	8.41606e-06
6.535	8.38096e-06
6.54	8.34601e-06
6.545	8.31121e-06
6.55	8.27655e-06
6.555	8.24204e-06
6.56	8.20767e-06
6.565	8.17345e-06
6.57	8.13937e-06
6.575	8.10544e-06
6.58	8.07164e-06
6.585	8.03799e-06
6.59	8.00448e-06
6.595	7.9711e-06
6.6	7.93786e-06
6.605	7.90476e-06
6.61	7.8718e-06
6.615	7.83897e-06
6.62	7.80628e-06
6.625	7.77371e-06
6.63	7.74128e-06
6.635	7.70898e-06
6.64	7.67681e-06
6.645	7.64477e-06
6.65	7.61286e-06
6.655	7.58107e-06
6.66	7.54941e-06
6.665	7.51788e-06
6.67	7.48647e-06
6.675	7.45518e-06
6.68	7.42402e-06
6.685	7.39298e-06
6.69	7.36206e-06
6.695	7.33126e-06
6.7	7.30057e-06
6.705	7.27001e-06
6.71	7.23957e-06
6.715	7.20924e-06
6.72	7.17903e-06
6.725	7.14894e-06
6.73	7.11896e-06
6.735	7.0891e-06
6.74	7.05935e-06
6.745	7.02972e-06
6.75	7.0002e-06
6.755	6.97079e-06
6.76	6.94153e-06
6.765	6.91246e-06
6.77	6.8835e-06
6.775	6.8547e-06
6.78	6.82608e-06
6.785	6.79756e-06
6.79	6.76916e-06
6.795	6.74091e-06
6.8	6.71295e-06
6.805	6.6851e-06
6.81	6.65735e-06
6.815	6.62974e-06
6.82	6.60224e-06
6.825	6.57484e-06
6.83	6.54755e-06
6.835	6.52079e-06
6.84	6.49314e-06
6.845	6.46687e-06
6.85	6.43963e-06
6.855	6.4135e-06
6.86	6.3868e-06
6.865	6.36013e-06
6.87	6.3338e-06
6.875	6.30768e-06
6.88	6.28163e-06
6.885	6.25568e-06
6.89	6.22983e-06
6.895	6.20408e-06
6.9	6.17843e-06
6.905	6.15288e-06
6.91	6.12743e-06
6.915	6.10208e-06
6.92	6.07682e-06
6.925	6.05167e-06
6.93	6.02661e-06
6.935	6.00164e-06
6.94	5.97678e-06
6.945	5.95201e-06
6.95	5.92733e-06
6.955	5.90275e-06
6.96	5.87827e-06
6.965	5.85388e-06
6.97	5.82958e-06
6.975	5.80538e-06
6.98	5.78127e-06
6.985	5.75726e-06
6.99	5.73339e-06
6.995	5.70961e-06
7	5.68592e-06
7.005	5.66232e-06
7.01	5.63881e-06
7.015	5.61539e-06
7.02	5.59206e-06
7.025	5.56882e-06
7.03	5.54567e-06
7.035	5.5226e-06
7.04	5.49963e-06
7.045	5.47674e-06
7.05	5.45394e-06
7.055	5.43123e-06
7.06	5.4086e-06
7.065	5.38606e-06
7.07	5.36361e-06
7.075	5.34124e-06
7.08	5.31895e-06
7.085	5.29676e-06
7.09	5.27464e-06
7.095	5.25261e-06
7.1	5.23066e-06
7.105	5.2088e-06
7.11	5.18702e-06
7.115	5.16532e-06
7.12	5.14371e-06
7.125	5.12218e-06
7.13	5.10073e-06
7.135	5.07936e-06
7.14	5.06085e-06
7.145	5.03743e-06
7.15	5.01294e-06
7.155	4.99608e-06
7.16	4.97528e-06
7.165	4.95064e-06
7.17	4.93371e-06
7.175	4.91291e-06
7.18	4.88867e-06
7.185	4.87193e-06
7.19	4.85139e-06
7.195	4.83108e-06
7.2	4.81051e-06
7.205	4.7894e-06
7.21	4.76872e-06
7.215	4.74865e-06
7.22	4.72886e-06
7.225	4.70909e-06
7.23	4.68929e-06
7.235	4.66955e-06
7.24	4.64988e-06
7.245	4.63029e-06
7.25	4.61079e-06
7.255	4.59136e-06
7.26	4.57201e-06
7.265	4.55273e-06
7.27	4.53353e-06
7.275	4.51439e-06
7.28	4.49533e-06
7.285	4.47635e-06
7.29	4.45743e-06
7.295	4.43858e-06
7.3	4.41981e-06
7.305	4.4011e-06
7.31	4.38247e-06
7.315	4.36391e-06
7.32	4.34541e-06
7.325	4.32699e-06
7.33	4.30864e-06
7.335	4.29035e-06
7.34	4.27214e-06
7.345	4.25401e-06
7.35	4.23596e-06
7.355	4.21797e-06
7.36	4.20005e-06
7.365	4.18221e-06
7.37	4.16442e-06
7.375	4.14671e-06
7.38	4.12906e-06
7.385	4.11149e-06
7.39	4.09397e-06
7.395	4.07653e-06
7.4	4.05915e-06
7.405	4.04184e-06
7.41	4.02459e-06
7.415	4.00742e-06
7.42	3.9903e-06
7.425	3.97326e-06
7.43	3.95627e-06
7.435	3.93936e-06
7.44	3.92251e-06
7.445	3.90572e-06
7.45	3.889e-06
7.455	3.87234e-06
7.46	3.85575e-06
7.465	3.83922e-06
7.47	3.82276e-06
7.475	3.80636e-06
7.48	3.79003e-06
7.485	3.77376e-06
7.49	3.75755e-06
7.495	3.7414e-06
7.5	3.72532e-06
7.505	3.7093e-06
7.51	3.69335e-06
7.515	3.67745e-06
7.52	3.66162e-06
7.525	3.64585e-06
7.53	3.63015e-06
7.535	3.6145e-06
7.54	3.59892e-06
7.545	3.5834e-06
7.55	3.56794e-06
7.555	3.55254e-06
7.56	3.53721e-06
7.565	3.52193e-06
7.57	3.50671e-06
7.575	3.49156e-06
7.58	3.47647e-06
7.585	3.46143e-06
7.59	3.44646e-06
7.595	3.43154e-06
7.6	3.41669e-06
7.605	3.4019e-06
7.61	3.38716e-06
7.615	3.37248e-06
7.62	3.35787e-06
7.625	3.34331e-06
7.63	3.32881e-06
7.635	3.31437e-06
7.64	3.29999e-06
7.645	3.28567e-06
7.65	3.2714e-06
7.655	3.2572e-06
7.66	3.24305e-06
7.665	3.22897e-06
7.67	3.21494e-06
7.675	3.20097e-06
7.68	3.18706e-06
7.685	3.17321e-06
7.69	3.15941e-06
7.695	3.14567e-06
7.7	3.13198e-06
7.705	3.11835e-06
7.71	3.10478e-06
7.715	3.09126e-06
7.72	3.0778e-06
7.725	3.06439e-06
7.73	3.05104e-06
7.735	3.03775e-06
7.74	3.02451e-06
7.745	3.01132e-06
7.75	2.99819e-06
7.755	2.98512e-06
7.76	2.9721e-06
7.765	2.95913e-06
7.77	2.94622e-06
7.775	2.93336e-06
7.78	2.92056e-06
7.785	2.90781e-06
7.79	2.89511e-06
7.795	2.88246e-06
7.8	2.86987e-06
7.805	2.85734e-06
7.81	2.84485e-06
7.815	2.83242e-06
7.82	2.82004e-06
7.825	2.80772e-06
7.83	2.79544e-06
7.835	2.78322e-06
7.84	2.77105e-06
7.845	2.75893e-06
7.85	2.74686e-06
7.855	2.73485e-06
7.86	2.72289e-06
7.865	2.71097e-06
7.87	2.69911e-06
7.875	2.6873e-06
7.88	2.67554e-06
7.885	2.66383e-06
7.89	2.65218e-06
7.895	2.64057e-06
7.9	2.62901e-06
7.905	2.6175e-06
7.91	2.60604e-06
7.915	2.59464e-06
7.92	2.58328e-06
7.925	2.57197e-06
7.93	2.56071e-06
7.935	2.54949e-06
7.94	2.53833e-06
7.945	2.52722e-06
7.95	2.51615e-06
7.955	2.50514e-06
7.96	2.49417e-06
7.965	2.48325e-06
7.97	2.47237e-06
7.975	2.46155e-06
7.98	2.45077e-06
7.985	2.44004e-06
7.99	2.42936e-06
7.995	2.41872e-06
8	2.40813e-06
8.005	2.39759e-06
8.01	2.38709e-06
8.015	2.37664e-06
8.02	2.36624e-06
8.025	2.35588e-06
8.03	2.34557e-06
8.035	2.33531e-06
8.04	2.32509e-06
8.045	2.31491e-06
8.05	2.30479e-06
8.055	2.2947e-06
8.06	2.28466e-06
8.065	2.27467e-06
8.07	2.26472e-06
8.075	2.25482e-06
8.08	2.24496e-06
8.085	2.23514e-06
8.09	2.22537e-06
8.095	2.21565e-06
8.1	2.20596e-06
8.105	2.19633e-06
8.11	2.18673e-06
8.115	2.17718e-06
8.12	2.16767e-06
8.125	2.1582e-06
8.13	2.14878e-06
8.135	2.13941e-06
8.14	2.13008e-06
8.145	2.1208e-06
8.15	2.11155e-06
8.155	2.10235e-06
8.16	2.09319e-06
8.165	2.08407e-06
8.17	2.07499e-06
8.175	2.06595e-06
8.18	2.05696e-06
8.185	2.048e-06
8.19	2.03909e-06
8.195	2.03021e-06
8.2	2.02138e-06
8.205	2.01258e-06
8.21	2.00383e-06
8.215	1.99512e-06
8.22	1.98644e-06
8.225	1.9778e-06
8.23	1.96921e-06
8.235	1.96065e-06
8.24	1.95213e-06
8.245	1.94365e-06
8.25	1.93521e-06
8.255	1.92681e-06
8.26	1.91844e-06
8.265	1.91011e-06
8.27	1.90183e-06
8.275	1.89357e-06
8.28	1.88536e-06
8.285	1.87718e-06
8.29	1.86904e-06
8.295	1.86094e-06
8.3	1.85288e-06
8.305	1.84485e-06
8.31	1.83686e-06
8.315	1.82891e-06
8.32	1.821e-06
8.325	1.81312e-06
8.33	1.80527e-06
8.335	1.79746e-06
8.34	1.78969e-06
8.345	1.78196e-06
8.35	1.77425e-06
8.355	1.76659e-06
8.36	1.75896e-06
8.365	1.75136e-06
8.37	1.7438e-06
8.375	1.73627e-06
8.38	1.72878e-06
8.385	1.72132e-06
8.39	1.71389e-06
8.395	1.7065e-06
8.4	1.69914e-06
8.405	1.69182e-06
8.41	1.68453e-06
8.415	1.67727e-06
8.42	1.67004e-06
8.425	1.66285e-06
8.43	1.65569e-06
8.435	1.64856e-06
8.44	1.64147e-06
8.445	1.63441e-06
8.45	1.62738e-06
8.455	1.62038e-06
8.46	1.61341e-06
8.465	1.60648e-06
8.47	1.59958e-06
8.475	1.59271e-06
8.48	1.58587e-06
8.485	1.57906e-06
8.49	1.57228e-06
8.495	1.56553e-06
8.5	1.55881e-06
8.505	1.55213e-06
8.51	1.54547e-06
8.515	1.53884e-06
8.52	1.53225e-06
8.525	1.52568e-06
8.53	1.51914e-06
8.535	1.51264e-06
8.54	1.50616e-06
8.545	1.49971e-06
8.55	1.49329e-06
8.555	1.4869e-06
8.56	1.48054e-06
8.565	1.47421e-06
8.57	1.4679e-06
8.575	1.46163e-06
8.58	1.45538e-06
8.585	1.44916e-06
8.59	1.44297e-06
8.595	1.4368e-06
8.6	1.43067e-06
8.605	1.42456e-06
8.61	1.41848e-06
8.615	1.41243e-06
8.62	1.40641e-06
8.625	1.40041e-06
8.63	1.39444e-06
8.635	1.3885e-06
8.64	1.38259e-06
8.645	1.3767e-06
8.65	1.37083e-06
8.655	1.36499e-06
8.66	1.35918e-06
8.665	1.3534e-06
8.67	1.3475e-06
8.675	1.34333e-06
8.68	1.33403e-06
8.685	1.3315e-06
8.69	1.32418e-06
8.695	1.32013e-06
8.7	1.31147e-06
8.705	1.30915e-06
8.71	1.30196e-06
8.715	1.29788e-06
8.72	1.2893e-06
8.725	1.28704e-06
8.73	1.27996e-06
8.735	1.27599e-06
8.74	1.26755e-06
8.745	1.26533e-06
8.75	1.25837e-06
8.755	1.25448e-06
8.76	1.24617e-06
8.765	1.24399e-06
8.77	1.23716e-06
8.775	1.23334e-06
8.78	1.22517e-06
8.785	1.22304e-06
8.79	1.21631e-06
8.795	1.21257e-06
8.8	1.20454e-06
8.805	1.20245e-06
8.81	1.19583e-06
8.815	1.19216e-06
8.82	1.18426e-06
8.825	1.18222e-06
8.83	1.1757e-06
8.835	1.1721e-06
8.84	1.16434e-06
8.845	1.16233e-06
8.85	1.15593e-06
8.855	1.15239e-06
8.86	1.14476e-06
8.865	1.14279e-06
8.87	1.1365e-06
8.875	1.13302e-06
8.88	1.12552e-06
8.885	1.12358e-06
8.89	1.1174e-06
8.895	1.11398e-06
8.9	1.10661e-06
8.905	1.10467e-06
8.91	1.09974e-06
8.915	1.09223e-06
8.92	1.09053e-06
8.925	1.08599e-06
8.93	1.07861e-06
8.935	1.07682e-06
8.94	1.07224e-06
8.945	1.06931e-06
8.95	1.06004e-06
8.955	1.05754e-06
8.96	1.05456e-06
8.965	1.04569e-06
8.97	1.04618e-06
8.975	1.04329e-06
8.98	1.03381e-06
8.985	1.03151e-06
8.99	1.0256e-06
8.995	1.02105e-06
9	1.01812e-06
9.005	1.0151e-06
9.01	1.00977e-06
9.015	1.00487e-06
9.02	1.00186e-06
9.025	9.96456e-07
9.03	9.91947e-07
9.035	9.89057e-07
9.04	9.8573e-07
9.045	9.79608e-07
9.05	9.74859e-07
9.055	9.72086e-07
9.06	9.68934e-07
9.065	9.63305e-07
9.07	9.58726e-07
9.075	9.55966e-07
9.08	9.5281e-07
9.085	9.47071e-07
9.09	9.42534e-07
9.095	9.39842e-07
9.1	9.36774e-07
9.105	9.31256e-07
9.11	9.26813e-07
9.115	9.24153e-07
9.12	9.21113e-07
9.125	9.15606e-07
9.13	9.11226e-07
9.135	9.0862e-07
9.14	9.05645e-07
9.145	9.00284e-07
9.15	8.95984e-07
9.155	8.93415e-07
9.16	8.9048e-07
9.165	8.85172e-07
9.17	8.80939e-07
9.175	8.78417e-07
9.18	8.75537e-07
9.185	8.70341e-07
9.19	8.66182e-07
9.195	8.63699e-07
9.2	8.60862e-07
9.205	8.55737e-07
9.21	8.51644e-07
9.215	8.49205e-07
9.22	8.46417e-07
9.225	8.41387e-07
9.23	8.37845e-07
9.235	8.33296e-07
9.24	8.31036e-07
9.245	8.27429e-07
9.25	8.26979e-07
9.255	8.20579e-07
9.26	8.16304e-07
9.265	8.14089e-07
9.27	8.08723e-07
9.275	8.07699e-07
9.28	8.03641e-07
9.285	8.01467e-07
9.29	7.94974e-07
9.295	7.93616e-07
9.3	7.89729e-07
9.305	7.8755e-07
9.31	7.81616e-07
9.315	7.80616e-07
9.32	7.76757e-07
9.325	7.74631e-07
9.33	7.68602e-07
9.335	7.67333e-07
9.34	7.63464e-07
9.345	7.6134e-07
9.35	7.55622e-07
9.355	7.54595e-07
9.36	7.50835e-07
9.365	7.48763e-07
9.37	7.43024e-07
9.375	7.41816e-07
9.38	7.38053e-07
9.385	7.35993e-07
9.39	7.30474e-07
9.395	7.29437e-07
9.4	7.25784e-07
9.405	7.23771e-07
9.41	7.18262e-07
9.415	7.17106e-07
9.42	7.13472e-07
9.425	7.11477e-07
9.43	7.06138e-07
9.435	7.05102e-07
9.44	7.01564e-07
9.445	6.99611e-07
9.45	6.94303e-07
9.455	6.93193e-07
9.46	6.89687e-07
9.465	6.87757e-07
9.47	6.82588e-07
9.475	6.81561e-07
9.48	6.7814e-07
9.485	6.76248e-07
9.49	6.71125e-07
9.495	6.70054e-07
9.5	6.66673e-07
9.505	6.64806e-07
9.51	6.59801e-07
9.515	6.58789e-07
9.52	6.55483e-07
9.525	6.53651e-07
9.53	6.48702e-07
9.535	6.47665e-07
9.54	6.44405e-07
9.545	6.42599e-07
9.55	6.37753e-07
9.555	6.36759e-07
9.56	6.33567e-07
9.565	6.31794e-07
9.57	6.27009e-07
9.575	6.26003e-07
9.58	6.22859e-07
9.585	6.21113e-07
9.59	6.1642e-07
9.595	6.15447e-07
9.6	6.12365e-07
9.605	6.10651e-07
9.61	6.06023e-07
9.615	6.05724e-07
9.62	6.04055e-07
9.625	5.9852e-07
9.63	5.96912e-07
9.635	5.952e-07
9.64	5.90593e-07
9.645	5.89235e-07
9.65	5.8621e-07
9.655	5.84533e-07
9.66	5.80763e-07
9.665	5.80883e-07
9.67	5.79288e-07
9.675	5.73841e-07
9.68	5.72087e-07
9.685	5.70434e-07
9.69	5.64513e-07
9.695	5.65267e-07
9.7	5.63724e-07
9.705	5.58608e-07
9.71	5.58526e-07
9.715	5.56939e-07
9.72	5.52429e-07
9.725	5.50758e-07
9.73	5.47139e-07
9.735	5.45569e-07
9.74	5.42538e-07
9.745	5.42683e-07
9.75	5.3937e-07
9.755	5.37841e-07
9.76	5.33645e-07
9.765	5.32509e-07
9.77	5.31018e-07
9.775	5.24713e-07
9.78	5.25007e-07
9.785	5.23515e-07
9.79	5.19972e-07
9.795	5.20256e-07
9.8	5.18866e-07
9.805	5.13356e-07
9.81	5.11701e-07
9.815	5.10218e-07
9.82	5.05423e-07
9.825	5.06437e-07
9.83	5.0306e-07
9.835	5.01669e-07
9.84	4.98624e-07
9.845	4.97496e-07
9.85	4.9447e-07
9.855	4.93068e-07
9.86	4.89811e-07
9.865	4.89515e-07
9.87	4.8818e-07
9.875	4.83424e-07
9.88	4.81893e-07
9.885	4.80503e-07
9.89	4.76117e-07
9.895	4.76825e-07
9.9	4.75578e-07
9.905	4.70951e-07
9.91	4.70323e-07
9.915	4.68989e-07
9.92	4.65947e-07
9.925	4.6488e-07
9.93	4.60978e-07
9.935	4.59711e-07
9.94	4.57583e-07
9.945	4.57652e-07
9.95	4.54199e-07
9.955	4.5294e-07
9.96	4.49841e-07
9.965	4.48922e-07
9.97	4.47682e-07
9.975	4.43384e-07
9.98	4.42205e-07
9.985	4.40943e-07
9.99	4.38328e-07
9.995	4.38061e-07
10	4.36907e-07
