0.005	8.82129e-07
0.01	2.88524e-07
0.015	2.16906e-07
0.02	1.93501e-07
0.025	1.8693e-07
0.03	1.87927e-07
0.035	1.93333e-07
0.04	2.02067e-07
0.045	2.12782e-07
0.05	2.25039e-07
0.055	2.38621e-07
0.06	2.53671e-07
0.065	2.69554e-07
0.07	2.8622e-07
0.075	3.03515e-07
0.08	3.21306e-07
0.085	3.39536e-07
0.09	3.58473e-07
0.095	3.79512e-07
0.1	4.01761e-07
0.105	4.2464e-07
0.11	4.47799e-07
0.115	4.70744e-07
0.12	4.92282e-07
0.125	5.27751e-07
0.13	5.69454e-07
0.135	6.06421e-07
0.14	6.42806e-07
0.145	6.79542e-07
0.15	7.13945e-07
0.155	7.75384e-07
0.16	8.12503e-07
0.165	8.63495e-07
0.17	9.19966e-07
0.175	9.71587e-07
0.18	1.02424e-06
0.185	1.07566e-06
0.19	1.12721e-06
0.195	1.1751e-06
0.2	1.22397e-06
0.205	1.27147e-06
0.21	1.31678e-06
0.215	1.36089e-06
0.22	1.39888e-06
0.225	1.43619e-06
0.23	1.47011e-06
0.235	1.50394e-06
0.24	1.53485e-06
0.245	1.56873e-06
0.25	1.59905e-06
0.255	1.62884e-06
0.26	1.65057e-06
0.265	1.66932e-06
0.27	1.68323e-06
0.275	1.69177e-06
0.28	1.69378e-06
0.285	1.68941e-06
0.29	1.67941e-06
0.295	1.65815e-06
0.3	1.72536e-06
0.305	1.75733e-06
0.31	1.77431e-06
0.315	1.78168e-06
0.32	1.78204e-06
0.325	1.77486e-06
0.33	1.76049e-06
0.335	1.74289e-06
0.34	1.70291e-06
0.345	1.66743e-06
0.35	1.64677e-06
0.355	1.59369e-06
0.36	1.72784e-06
0.365	1.66103e-06
0.37	1.67844e-06
0.375	1.64621e-06
0.38	1.62907e-06
0.385	1.59967e-06
0.39	1.56946e-06
0.395	1.53826e-06
0.4	1.50518e-06
0.405	1.47177e-06
0.41	1.4405e-06
0.415	1.41307e-06
0.42	1.38574e-06
0.425	1.35985e-06
0.43	1.33276e-06
0.435	1.30532e-06
0.44	1.2781e-06
0.445	1.25082e-06
0.45	1.22533e-06
0.455	1.19923e-06
0.46	1.17213e-06
0.465	1.14637e-06
0.47	1.1244e-06
0.475	1.10113e-06
0.48	1.1457e-06
0.485	1.17455e-06
0.49	1.18167e-06
0.495	1.16062e-06
0.5	1.14935e-06
0.505	1.13233e-06
0.51	1.12378e-06
0.515	1.12347e-06
0.52	1.1181e-06
0.525	1.08725e-06
0.53	1.09578e-06
0.535	1.0988e-06
0.54	1.09432e-06
0.545	1.08693e-06
0.55	1.07851e-06
0.555	1.08552e-06
0.56	1.1162e-06
0.565	1.08867e-06
0.57	1.08978e-06
0.575	1.07602e-06
0.58	1.07223e-06
0.585	1.06003e-06
0.59	1.04964e-06
0.595	1.03741e-06
0.6	1.02952e-06
0.605	1.02334e-06
0.61	1.01937e-06
0.615	1.01257e-06
0.62	1.00166e-06
0.625	9.86247e-07
0.63	9.74253e-07
0.635	9.67644e-07
0.64	9.61746e-07
0.645	9.55206e-07
0.65	9.47713e-07
0.655	9.40582e-07
0.66	9.97956e-06
0.665	9.92657e-06
0.67	9.87158e-06
0.675	9.79197e-06
0.68	9.63218e-06
0.685	9.58936e-06
0.69	9.56669e-06
0.695	9.52998e-06
0.7	9.48747e-06
0.705	9.36204e-06
0.71	9.33454e-06
0.715	9.31797e-06
0.72	9.32004e-06
0.725	9.40279e-06
0.73	9.4195e-06
0.735	9.41328e-06
0.74	9.39741e-06
0.745	9.37021e-06
0.75	9.32729e-06
0.755	9.29782e-06
0.76	9.27681e-06
0.765	9.24462e-06
0.77	9.18477e-06
0.775	9.14691e-06
0.78	9.11387e-06
0.785	9.08051e-06
0.79	9.04745e-06
0.795	9.00673e-06
0.8	8.97035e-06
0.805	8.93521e-06
0.81	8.89736e-06
0.815	8.85754e-06
0.82	8.81648e-06
0.825	8.78018e-06
0.83	8.74444e-06
0.835	8.70882e-06
0.84	8.66988e-06
0.845	8.61624e-06
0.85	8.60522e-06
0.855	8.57698e-06
0.86	8.53277e-06
0.865	8.50902e-06
0.87	8.4922e-06
0.875	8.47013e-06
0.88	8.44246e-06
0.885	8.39849e-06
0.89	8.33541e-06
0.895	8.33004e-06
0.9	8.30407e-06
0.905	8.2732e-06
0.91	8.2882e-06
0.915	8.2914e-06
0.92	8.26456e-06
0.925	8.23162e-06
0.93	8.20183e-06
0.935	8.15424e-06
0.94	8.158e-06
0.945	8.1403e-06
0.95	8.11883e-06
0.955	8.09385e-06
0.96	8.06961e-06
0.965	8.04693e-06
0.97	8.03537e-06
0.975	8.02461e-06
0.98	7.99922e-06
0.985	7.96594e-06
0.99	7.93945e-06
0.995	7.92761e-06
1	7.89976e-06
1.005	7.86854e-06
1.01	7.83856e-06
1.015	7.81011e-06
1.02	7.78709e-06
1.025	7.76948e-06
1.03	7.7506e-06
1.035	7.72761e-06
1.04	7.70281e-06
1.045	7.67675e-06
1.05	7.64993e-06
1.055	7.62262e-06
1.06	7.59607e-06
1.065	7.56828e-06
1.07	7.53823e-06
1.075	7.50517e-06
1.08	7.4664e-06
1.085	7.45856e-06
1.09	7.44885e-06
1.095	7.44965e-06
1.1	7.41336e-06
1.105	7.38856e-06
1.11	7.36425e-06
1.115	7.34123e-06
1.12	7.31698e-06
1.125	7.28675e-06
1.13	7.26051e-06
1.135	7.23432e-06
1.14	7.20873e-06
1.145	7.17959e-06
1.15	7.15405e-06
1.155	7.13687e-06
1.16	7.11827e-06
1.165	7.09299e-06
1.17	7.06334e-06
1.175	7.03947e-06
1.18	7.01752e-06
1.185	6.99202e-06
1.19	6.96483e-06
1.195	6.93041e-06
1.2	6.90012e-06
1.205	6.87803e-06
1.21	6.85351e-06
1.215	6.83128e-06
1.22	6.79731e-06
1.225	6.78009e-06
1.23	6.75002e-06
1.235	6.72757e-06
1.24	6.70053e-06
1.245	6.67441e-06
1.25	6.64781e-06
1.255	6.62025e-06
1.26	6.59268e-06
1.265	6.56269e-06
1.27	6.53761e-06
1.275	6.51128e-06
1.28	6.48695e-06
1.285	6.45564e-06
1.29	6.42769e-06
1.295	6.39741e-06
1.3	6.36806e-06
1.305	6.35006e-06
1.31	6.32053e-06
1.315	6.28343e-06
1.32	6.26908e-06
1.325	6.26165e-06
1.33	6.23946e-06
1.335	6.2129e-06
1.34	6.17439e-06
1.345	6.13238e-06
1.35	6.10983e-06
1.355	6.09259e-06
1.36	6.06244e-06
1.365	6.02524e-06
1.37	5.99453e-06
1.375	5.96523e-06
1.38	5.93369e-06
1.385	5.90127e-06
1.39	5.86766e-06
1.395	5.83528e-06
1.4	5.80636e-06
1.405	5.77414e-06
1.41	5.74163e-06
1.415	5.70876e-06
1.42	5.6754e-06
1.425	5.64031e-06
1.43	5.60808e-06
1.435	5.57753e-06
1.44	5.54525e-06
1.445	5.50877e-06
1.45	5.47216e-06
1.455	5.43792e-06
1.46	5.40479e-06
1.465	5.37209e-06
1.47	5.33881e-06
1.475	5.30502e-06
1.48	5.27081e-06
1.485	5.2358e-06
1.49	5.20155e-06
1.495	5.16692e-06
1.5	5.13207e-06
1.505	5.09711e-06
1.51	5.06109e-06
1.515	5.02525e-06
1.52	4.9892e-06
1.525	4.95303e-06
1.53	4.91655e-06
1.535	4.87994e-06
1.54	4.84316e-06
1.545	4.80702e-06
1.55	4.77231e-06
1.555	4.73681e-06
1.56	4.70151e-06
1.565	4.6668e-06
1.57	4.63251e-06
1.575	4.59802e-06
1.58	4.56345e-06
1.585	4.52806e-06
1.59	4.49289e-06
1.595	4.45751e-06
1.6	4.42214e-06
1.605	4.38674e-06
1.61	4.3518e-06
1.615	4.31679e-06
1.62	4.28166e-06
1.625	4.2466e-06
1.63	4.21097e-06
1.635	4.17544e-06
1.64	4.13988e-06
1.645	4.10409e-06
1.65	4.06824e-06
1.655	4.03247e-06
1.66	3.99638e-06
1.665	3.96152e-06
1.67	3.92818e-06
1.675	3.88973e-06
1.68	3.8511e-06
1.685	3.82422e-06
1.69	3.78496e-06
1.695	3.76216e-06
1.7	3.73677e-06
1.705	3.70066e-06
1.71	3.65616e-06
1.715	3.62702e-06
1.72	3.59982e-06
1.725	3.57872e-06
1.73	3.54698e-06
1.735	3.51471e-06
1.74	3.4803e-06
1.745	3.44631e-06
1.75	3.4122e-06
1.755	3.37711e-06
1.76	3.35056e-06
1.765	3.31914e-06
1.77	3.28603e-06
1.775	3.25191e-06
1.78	3.2211e-06
1.785	3.19745e-06
1.79	3.16872e-06
1.795	3.13722e-06
1.8	3.10602e-06
1.805	3.07466e-06
1.81	3.04401e-06
1.815	3.0136e-06
1.82	2.98341e-06
1.825	2.95336e-06
1.83	2.92347e-06
1.835	2.89376e-06
1.84	2.86382e-06
1.845	2.83657e-06
1.85	2.80768e-06
1.855	2.7785e-06
1.86	2.75133e-06
1.865	2.72446e-06
1.87	2.69765e-06
1.875	2.67048e-06
1.88	2.6444e-06
1.885	2.61815e-06
1.89	2.59175e-06
1.895	2.56531e-06
1.9	2.54246e-06
1.905	2.51888e-06
1.91	2.49645e-06
1.915	2.47103e-06
1.92	2.44638e-06
1.925	2.42209e-06
1.93	2.39807e-06
1.935	2.37453e-06
1.94	2.3512e-06
1.945	2.32803e-06
1.95	2.30504e-06
1.955	2.28231e-06
1.96	2.25974e-06
1.965	2.23733e-06
1.97	2.21527e-06
1.975	2.19341e-06
1.98	2.17168e-06
1.985	2.15016e-06
1.99	2.12939e-06
1.995	2.10795e-06
2	2.08735e-06
2.005	2.06746e-06
2.01	2.04796e-06
2.015	2.02842e-06
2.02	2.00899e-06
2.025	1.98975e-06
2.03	1.97077e-06
2.035	1.95201e-06
2.04	1.93352e-06
2.045	1.91538e-06
2.05	1.89742e-06
2.055	1.87978e-06
2.06	1.86226e-06
2.065	1.84504e-06
2.07	1.82789e-06
2.075	1.81095e-06
2.08	1.79354e-06
2.085	1.77282e-06
2.09	1.76247e-06
2.095	1.75013e-06
2.1	1.73192e-06
2.105	1.72214e-06
2.11	1.71213e-06
2.115	1.69552e-06
2.12	1.6806e-06
2.125	1.6661e-06
2.13	1.65172e-06
2.135	1.63737e-06
2.14	1.62414e-06
2.145	1.61464e-06
2.15	1.60431e-06
2.155	1.58429e-06
2.16	1.57152e-06
2.165	1.55894e-06
2.17	1.54649e-06
2.175	1.53441e-06
2.18	1.52232e-06
2.185	1.51007e-06
2.19	1.4983e-06
2.195	1.48811e-06
2.2	1.47693e-06
2.205	1.46668e-06
2.21	1.45534e-06
2.215	1.4382e-06
2.22	1.42634e-06
2.225	1.41526e-06
2.23	1.4049e-06
2.235	1.39417e-06
2.24	1.38391e-06
2.245	1.37318e-06
2.25	1.36288e-06
2.255	1.35196e-06
2.26	1.3402e-06
2.265	1.32979e-06
2.27	1.31951e-06
2.275	1.30928e-06
2.28	1.29902e-06
2.285	1.28859e-06
2.29	1.27919e-06
2.295	1.2696e-06
2.3	1.26072e-06
2.305	1.25143e-06
2.31	1.24041e-06
2.315	1.23038e-06
2.32	1.22062e-06
2.325	1.21067e-06
2.33	1.19975e-06
2.335	1.19048e-06
2.34	1.18164e-06
2.345	1.17283e-06
2.35	1.16404e-06
2.355	1.15528e-06
2.36	1.14653e-06
2.365	1.13792e-06
2.37	1.12922e-06
2.375	1.12123e-06
2.38	1.11401e-06
2.385	1.106e-06
2.39	1.09787e-06
2.395	1.08978e-06
2.4	1.08174e-06
2.405	1.07373e-06
2.41	1.06636e-06
2.415	1.05879e-06
2.42	1.05256e-06
2.425	1.04585e-06
2.43	1.03846e-06
2.435	1.03121e-06
2.44	1.02395e-06
2.445	1.0172e-06
2.45	1.01088e-06
2.455	1.00432e-06
2.46	9.97858e-07
2.465	9.91536e-07
2.47	9.85262e-07
2.475	9.79227e-07
2.48	9.73269e-07
2.485	9.67446e-07
2.49	9.61745e-07
2.495	9.56068e-07
2.5	9.50496e-07
2.505	9.44998e-07
2.51	9.39446e-07
2.515	9.35072e-07
2.52	9.3012e-07
2.525	9.24083e-07
2.53	9.18817e-07
2.535	9.1532e-07
2.54	9.09747e-07
2.545	9.0489e-07
2.55	9.00018e-07
2.555	8.95281e-07
2.56	8.90637e-07
2.565	8.86096e-07
2.57	8.81627e-07
2.575	8.77217e-07
2.58	8.72861e-07
2.585	8.68557e-07
2.59	8.64205e-07
2.595	8.59808e-07
2.6	8.55687e-07
2.605	8.51729e-07
2.61	8.47888e-07
2.615	8.44189e-07
2.62	8.40536e-07
2.625	8.36952e-07
2.63	8.33298e-07
2.635	8.29798e-07
2.64	8.26444e-07
2.645	8.2322e-07
2.65	8.20134e-07
2.655	8.17126e-07
2.66	8.14289e-07
2.665	8.11486e-07
2.67	8.08716e-07
2.675	8.05991e-07
2.68	8.03293e-07
2.685	7.99742e-07
2.69	7.96815e-07
2.695	7.94241e-07
2.7	7.91702e-07
2.705	7.89099e-07
2.71	7.88018e-07
2.715	7.86769e-07
2.72	7.84633e-07
2.725	7.8232e-07
2.73	7.79987e-07
2.735	7.77693e-07
2.74	7.75426e-07
2.745	7.73268e-07
2.75	7.71142e-07
2.755	7.6842e-07
2.76	7.66639e-07
2.765	7.64986e-07
2.77	7.63406e-07
2.775	7.60772e-07
2.78	7.5787e-07
2.785	7.56915e-07
2.79	7.55036e-07
2.795	7.53501e-07
2.8	7.51903e-07
2.805	7.50335e-07
2.81	7.48756e-07
2.815	7.47187e-07
2.82	7.45628e-07
2.825	7.44085e-07
2.83	7.42556e-07
2.835	7.4106e-07
2.84	7.39602e-07
2.845	7.38272e-07
2.85	7.36738e-07
2.855	7.35082e-07
2.86	7.33249e-07
2.865	7.31907e-07
2.87	7.30653e-07
2.875	7.29404e-07
2.88	7.28166e-07
2.885	7.26939e-07
2.89	7.25723e-07
2.895	7.24518e-07
2.9	7.23327e-07
2.905	7.22148e-07
2.91	7.2098e-07
2.915	7.19826e-07
2.92	7.18685e-07
2.925	7.1756e-07
2.93	7.16452e-07
2.935	7.15392e-07
2.94	7.14378e-07
2.945	7.13441e-07
2.95	7.12097e-07
2.955	7.10889e-07
2.96	7.09448e-07
2.965	9.98027e-06
2.97	9.94488e-06
2.975	9.90716e-06
2.98	9.87031e-06
2.985	9.83346e-06
2.99	9.79669e-06
2.995	9.76001e-06
3	9.72348e-06
3.005	9.68704e-06
3.01	9.65071e-06
3.015	9.6145e-06
3.02	9.57842e-06
3.025	9.54246e-06
3.03	9.50663e-06
3.035	9.48567e-06
3.04	9.44919e-06
3.045	9.41707e-06
3.05	9.38084e-06
3.055	9.34745e-06
3.06	9.31211e-06
3.065	9.27854e-06
3.07	9.24394e-06
3.075	9.21029e-06
3.08	9.17608e-06
3.085	9.14239e-06
3.09	9.10844e-06
3.095	9.0748e-06
3.1	9.04109e-06
3.105	9.00775e-06
3.11	8.97407e-06
3.115	8.9408e-06
3.12	8.90764e-06
3.125	8.87457e-06
3.13	8.84157e-06
3.135	8.80866e-06
3.14	8.77582e-06
3.145	8.74307e-06
3.15	8.7104e-06
3.155	8.67782e-06
3.16	8.64532e-06
3.165	8.61292e-06
3.17	8.5806e-06
3.175	8.54836e-06
3.18	8.51621e-06
3.185	8.48413e-06
3.19	8.45223e-06
3.195	8.42228e-06
3.2	8.39091e-06
3.205	8.35941e-06
3.21	8.32451e-06
3.215	8.29411e-06
3.22	8.26318e-06
3.225	8.23228e-06
3.23	8.20176e-06
3.235	8.17369e-06
3.24	8.1434e-06
3.245	8.11276e-06
3.25	8.08261e-06
3.255	8.05259e-06
3.26	8.02269e-06
3.265	7.99291e-06
3.27	7.96247e-06
3.275	7.93146e-06
3.28	7.9025e-06
3.285	7.87382e-06
3.29	7.84534e-06
3.295	7.81696e-06
3.3	7.78868e-06
3.305	7.76057e-06
3.31	7.73252e-06
3.315	7.70454e-06
3.32	7.6766e-06
3.325	7.64871e-06
3.33	7.62086e-06
3.335	7.59303e-06
3.34	7.56522e-06
3.345	7.53741e-06
3.35	7.50961e-06
3.355	7.48181e-06
3.36	7.45399e-06
3.365	7.42616e-06
3.37	7.39832e-06
3.375	7.3706e-06
3.38	7.34293e-06
3.385	7.31524e-06
3.39	7.28753e-06
3.395	7.2598e-06
3.4	7.23204e-06
3.405	7.20427e-06
3.41	7.17649e-06
3.415	7.14887e-06
3.42	7.12151e-06
3.425	7.09416e-06
3.43	7.0669e-06
3.435	7.04028e-06
3.44	7.01369e-06
3.445	6.98715e-06
3.45	6.96066e-06
3.455	6.93488e-06
3.46	6.90707e-06
3.465	6.88223e-06
3.47	6.85534e-06
3.475	6.82933e-06
3.48	6.80342e-06
3.485	6.7775e-06
3.49	6.75188e-06
3.495	6.72628e-06
3.5	6.70071e-06
3.505	6.67516e-06
3.51	6.64966e-06
3.515	6.62441e-06
3.52	6.59919e-06
3.525	6.574e-06
3.53	6.54884e-06
3.535	6.52372e-06
3.54	6.49868e-06
3.545	6.47371e-06
3.55	6.44876e-06
3.555	6.42385e-06
3.56	6.39898e-06
3.565	6.37421e-06
3.57	6.3496e-06
3.575	6.32532e-06
3.58	6.3013e-06
3.585	6.27729e-06
3.59	6.25366e-06
3.595	6.22917e-06
3.6	6.20381e-06
3.605	6.18062e-06
3.61	6.1578e-06
3.615	6.13509e-06
3.62	6.11256e-06
3.625	6.09018e-06
3.63	6.06775e-06
3.635	6.04528e-06
3.64	6.02278e-06
3.645	6.00039e-06
3.65	5.978e-06
3.655	5.95561e-06
3.66	5.93325e-06
3.665	5.91086e-06
3.67	5.88872e-06
3.675	5.86674e-06
3.68	5.84476e-06
3.685	5.82274e-06
3.69	5.80069e-06
3.695	5.77864e-06
3.7	5.75677e-06
3.705	5.73491e-06
3.71	5.71318e-06
3.715	5.69022e-06
3.72	5.67059e-06
3.725	5.64855e-06
3.73	5.62885e-06
3.735	5.60768e-06
3.74	5.58796e-06
3.745	5.56732e-06
3.75	5.54738e-06
3.755	5.52704e-06
3.76	5.50741e-06
3.765	5.48827e-06
3.77	5.46942e-06
3.775	5.45071e-06
3.78	5.43216e-06
3.785	5.41402e-06
3.79	5.39599e-06
3.795	5.37809e-06
3.8	5.36038e-06
3.805	5.34264e-06
3.81	5.3248e-06
3.815	5.30749e-06
3.82	5.29004e-06
3.825	5.27245e-06
3.83	5.25486e-06
3.835	5.23735e-06
3.84	5.2198e-06
3.845	5.20221e-06
3.85	5.18454e-06
3.855	5.16666e-06
3.86	5.14883e-06
3.865	5.13093e-06
3.87	5.11295e-06
3.875	5.0949e-06
3.88	5.07675e-06
3.885	5.0585e-06
3.89	5.04019e-06
3.895	5.02195e-06
3.9	5.00369e-06
3.905	4.98537e-06
3.91	4.96694e-06
3.915	4.94852e-06
3.92	4.93009e-06
3.925	4.91157e-06
3.93	4.89365e-06
3.935	4.87356e-06
3.94	4.85608e-06
3.945	4.83575e-06
3.95	4.81822e-06
3.955	4.79846e-06
3.96	4.77938e-06
3.965	4.76031e-06
3.97	4.74105e-06
3.975	4.72142e-06
3.98	4.7021e-06
3.985	4.68276e-06
3.99	4.66331e-06
3.995	4.64389e-06
4	4.62436e-06
4.005	4.60533e-06
4.01	4.58645e-06
4.015	4.567e-06
4.02	4.5474e-06
4.025	4.52786e-06
4.03	4.50876e-06
4.035	4.48895e-06
4.04	4.46962e-06
4.045	4.44988e-06
4.05	4.43036e-06
4.055	4.41062e-06
4.06	4.39094e-06
4.065	4.37114e-06
4.07	4.35134e-06
4.075	4.33147e-06
4.08	4.31252e-06
4.085	4.292e-06
4.09	4.2723e-06
4.095	4.25209e-06
4.1	4.23209e-06
4.105	4.21208e-06
4.11	4.19214e-06
4.115	4.17208e-06
4.12	4.15198e-06
4.125	4.13186e-06
4.13	4.11173e-06
4.135	4.0909e-06
4.14	4.07091e-06
4.145	4.05063e-06
4.15	4.03053e-06
4.155	4.01027e-06
4.16	3.9901e-06
4.165	3.96985e-06
4.17	3.94963e-06
4.175	3.92938e-06
4.18	3.90913e-06
4.185	3.88887e-06
4.19	3.86862e-06
4.195	3.84838e-06
4.2	3.82814e-06
4.205	3.8079e-06
4.21	3.78766e-06
4.215	3.76742e-06
4.22	3.74719e-06
4.225	3.72696e-06
4.23	3.70675e-06
4.235	3.68654e-06
4.24	3.66635e-06
4.245	3.64619e-06
4.25	3.6261e-06
4.255	3.60602e-06
4.26	3.58596e-06
4.265	3.56592e-06
4.27	3.5459e-06
4.275	3.52591e-06
4.28	3.50596e-06
4.285	3.48603e-06
4.29	3.46613e-06
4.295	3.44626e-06
4.3	3.42642e-06
4.305	3.40663e-06
4.31	3.38697e-06
4.315	3.36736e-06
4.32	3.34779e-06
4.325	3.32826e-06
4.33	3.30877e-06
4.335	3.28933e-06
4.34	3.26993e-06
4.345	3.25059e-06
4.35	3.23129e-06
4.355	3.21205e-06
4.36	3.1929e-06
4.365	3.17387e-06
4.37	3.1549e-06
4.375	3.13605e-06
4.38	3.11727e-06
4.385	3.09856e-06
4.39	3.0799e-06
4.395	3.06131e-06
4.4	3.04278e-06
4.405	3.02431e-06
4.41	3.00593e-06
4.415	2.98772e-06
4.42	2.96974e-06
4.425	2.95184e-06
4.43	2.93401e-06
4.435	2.91625e-06
4.44	2.89864e-06
4.445	2.8812e-06
4.45	2.86383e-06
4.455	2.84654e-06
4.46	2.82933e-06
4.465	2.8122e-06
4.47	2.79514e-06
4.475	2.77817e-06
4.48	2.76127e-06
4.485	2.74446e-06
4.49	2.72772e-06
4.495	2.71107e-06
4.5	2.6945e-06
4.505	2.67801e-06
4.51	2.66161e-06
4.515	2.6453e-06
4.52	2.6291e-06
4.525	2.6129e-06
4.53	2.59683e-06
4.535	2.58084e-06
4.54	2.56511e-06
4.545	2.5495e-06
4.55	2.53397e-06
4.555	2.51854e-06
4.56	2.50322e-06
4.565	2.48804e-06
4.57	2.47296e-06
4.575	2.45796e-06
4.58	2.44308e-06
4.585	2.42842e-06
4.59	2.41396e-06
4.595	2.39965e-06
4.6	2.38555e-06
4.605	2.37162e-06
4.61	2.35785e-06
4.615	2.34421e-06
4.62	2.33066e-06
4.625	2.31727e-06
4.63	2.30402e-06
4.635	2.29084e-06
4.64	2.27775e-06
4.645	2.26475e-06
4.65	2.25182e-06
4.655	2.23899e-06
4.66	2.22628e-06
4.665	2.21367e-06
4.67	2.20115e-06
4.675	2.18878e-06
4.68	2.17655e-06
4.685	2.1644e-06
4.69	2.15234e-06
4.695	2.14031e-06
4.7	2.12848e-06
4.705	2.11676e-06
4.71	2.10517e-06
4.715	2.09368e-06
4.72	2.08226e-06
4.725	2.07093e-06
4.73	2.05967e-06
4.735	2.04849e-06
4.74	2.03739e-06
4.745	2.02646e-06
4.75	2.01568e-06
4.755	2.00505e-06
4.76	1.9945e-06
4.765	1.98403e-06
4.77	1.97364e-06
4.775	1.96334e-06
4.78	1.95311e-06
4.785	1.94297e-06
4.79	1.93291e-06
4.795	1.92293e-06
4.8	1.91301e-06
4.805	1.90317e-06
4.81	1.89345e-06
4.815	1.88382e-06
4.82	1.87432e-06
4.825	1.8649e-06
4.83	1.85554e-06
4.835	1.84627e-06
4.84	1.83706e-06
4.845	1.82791e-06
4.85	1.81883e-06
4.855	1.80981e-06
4.86	1.80087e-06
4.865	1.79198e-06
4.87	1.78317e-06
4.875	1.77442e-06
4.88	1.76574e-06
4.885	1.75712e-06
4.89	1.74857e-06
4.895	1.74007e-06
4.9	1.73164e-06
4.905	1.72328e-06
4.91	1.71497e-06
4.915	1.70673e-06
4.92	1.69854e-06
4.925	1.69041e-06
4.93	1.68234e-06
4.935	1.67432e-06
4.94	1.66635e-06
4.945	1.65845e-06
4.95	1.65059e-06
4.955	1.64281e-06
4.96	1.63508e-06
4.965	1.62741e-06
4.97	1.61979e-06
4.975	1.61223e-06
4.98	1.60472e-06
4.985	1.59726e-06
4.99	1.58985e-06
4.995	1.58252e-06
5	1.57524e-06
5.005	1.568e-06
5.01	1.56082e-06
5.015	1.55465e-06
5.02	1.54566e-06
5.025	1.54058e-06
5.03	1.5315e-06
5.035	1.52663e-06
5.04	1.51772e-06
5.045	1.51289e-06
5.05	1.5052e-06
5.055	1.49834e-06
5.06	1.4917e-06
5.065	1.48506e-06
5.07	1.47846e-06
5.075	1.47168e-06
5.08	1.46461e-06
5.085	1.45803e-06
5.09	1.45161e-06
5.095	1.44523e-06
5.1	1.43889e-06
5.105	1.43258e-06
5.11	1.42631e-06
5.115	1.42007e-06
5.12	1.41387e-06
5.125	1.40771e-06
5.13	1.40159e-06
5.135	1.3955e-06
5.14	1.38945e-06
5.145	1.38343e-06
5.15	1.37745e-06
5.155	1.37151e-06
5.16	1.3656e-06
5.165	1.35974e-06
5.17	1.35391e-06
5.175	1.34811e-06
5.18	1.34235e-06
5.185	1.33663e-06
5.19	1.33095e-06
5.195	1.32529e-06
5.2	1.31967e-06
5.205	1.31408e-06
5.21	1.30853e-06
5.215	1.303e-06
5.22	1.29751e-06
5.225	1.29206e-06
5.23	1.28663e-06
5.235	1.28124e-06
5.24	1.27588e-06
5.245	1.27054e-06
5.25	1.26523e-06
5.255	1.25994e-06
5.26	1.25469e-06
5.265	1.24947e-06
5.27	1.24427e-06
5.275	1.2391e-06
5.28	1.23399e-06
5.285	1.22889e-06
5.29	1.2238e-06
5.295	1.21876e-06
5.3	1.21374e-06
5.305	1.20875e-06
5.31	1.20379e-06
5.315	1.19886e-06
5.32	1.19395e-06
5.325	1.18906e-06
5.33	1.18421e-06
5.335	1.17937e-06
5.34	1.17456e-06
5.345	1.16978e-06
5.35	1.16501e-06
5.355	1.16028e-06
5.36	1.15556e-06
5.365	1.15087e-06
5.37	1.14621e-06
5.375	1.14157e-06
5.38	1.13695e-06
5.385	1.13235e-06
5.39	1.12778e-06
5.395	1.12323e-06
5.4	1.1187e-06
5.405	1.11419e-06
5.41	1.10971e-06
5.415	1.10525e-06
5.42	1.10068e-06
5.425	1.09504e-06
5.43	1.09063e-06
5.435	1.08643e-06
5.44	1.08216e-06
5.445	1.07791e-06
5.45	1.07364e-06
5.455	1.06942e-06
5.46	1.0652e-06
5.465	1.061e-06
5.47	1.05682e-06
5.475	1.05264e-06
5.48	1.04849e-06
5.485	1.04435e-06
5.49	1.04023e-06
5.495	1.03612e-06
5.5	1.03203e-06
5.505	1.02796e-06
5.51	1.0239e-06
5.515	1.01987e-06
5.52	1.01585e-06
5.525	1.01185e-06
5.53	1.00786e-06
5.535	1.00389e-06
5.54	9.99939e-07
5.545	9.96003e-07
5.55	9.92083e-07
5.555	9.88178e-07
5.56	9.8429e-07
5.565	9.80418e-07
5.57	9.76561e-07
5.575	9.72719e-07
5.58	9.68893e-07
5.585	9.65081e-07
5.59	9.61285e-07
5.595	9.57504e-07
5.6	9.53737e-07
5.605	9.49986e-07
5.61	9.46248e-07
5.615	9.42525e-07
5.62	9.38816e-07
5.625	9.35122e-07
5.63	9.31441e-07
5.635	9.27774e-07
5.64	9.24122e-07
5.645	9.20482e-07
5.65	9.16856e-07
5.655	9.13244e-07
5.66	9.09645e-07
5.665	9.06059e-07
5.67	9.02486e-07
5.675	8.98927e-07
5.68	8.9538e-07
5.685	8.91846e-07
5.69	8.88324e-07
5.695	8.84817e-07
5.7	8.81323e-07
5.705	8.7784e-07
5.71	8.7437e-07
5.715	8.70913e-07
5.72	8.67467e-07
5.725	8.64033e-07
5.73	8.60615e-07
5.735	8.57211e-07
5.74	8.53818e-07
5.745	8.50436e-07
5.75	8.47067e-07
5.755	8.43708e-07
5.76	8.40361e-07
5.765	8.37026e-07
5.77	8.33701e-07
5.775	8.30388e-07
5.78	8.27085e-07
5.785	8.23794e-07
5.79	8.20516e-07
5.795	8.1725e-07
5.8	8.13994e-07
5.805	8.10753e-07
5.81	8.07525e-07
5.815	8.04308e-07
5.82	8.011e-07
5.825	7.97903e-07
5.83	7.94721e-07
5.835	7.91549e-07
5.84	7.88393e-07
5.845	7.85246e-07
5.85	7.82109e-07
5.855	7.78983e-07
5.86	7.75866e-07
5.865	7.72773e-07
5.87	7.69692e-07
5.875	7.66622e-07
5.88	7.63566e-07
5.885	7.60532e-07
5.89	7.57506e-07
5.895	7.54489e-07
5.9	7.51482e-07
5.905	7.48483e-07
5.91	7.45495e-07
5.915	7.42528e-07
5.92	7.39569e-07
5.925	7.36619e-07
5.93	7.33677e-07
5.935	7.30744e-07
5.94	7.27819e-07
5.945	7.24902e-07
5.95	7.21994e-07
5.955	7.19094e-07
5.96	7.16202e-07
5.965	7.1332e-07
5.97	7.10453e-07
5.975	7.07593e-07
5.98	7.0475e-07
5.985	7.01918e-07
5.99	6.99095e-07
5.995	6.9628e-07
6	6.93477e-07
6.005	6.90682e-07
6.01	6.87895e-07
6.015	6.85116e-07
6.02	6.82344e-07
6.025	6.79581e-07
6.03	6.76824e-07
6.035	6.74075e-07
6.04	6.71334e-07
6.045	6.686e-07
6.05	6.6588e-07
6.055	6.63176e-07
6.06	6.60483e-07
6.065	6.57802e-07
6.07	6.55129e-07
6.075	6.52465e-07
6.08	6.49811e-07
6.085	6.47166e-07
6.09	6.44529e-07
6.095	6.419e-07
6.1	6.39285e-07
6.105	6.36674e-07
6.11	6.34067e-07
6.115	6.31468e-07
6.12	6.28875e-07
6.125	6.26289e-07
6.13	6.23709e-07
6.135	6.21135e-07
6.14	6.18569e-07
6.145	6.16009e-07
6.15	6.13456e-07
6.155	6.10909e-07
6.16	6.08369e-07
6.165	6.05836e-07
6.17	6.03309e-07
6.175	6.00789e-07
6.18	5.98276e-07
6.185	5.95769e-07
6.19	5.9327e-07
6.195	5.90777e-07
6.2	5.88295e-07
6.205	5.85821e-07
6.21	5.83319e-07
6.215	5.80842e-07
6.22	5.78381e-07
6.225	5.75928e-07
6.23	5.73484e-07
6.235	5.71047e-07
6.24	5.68617e-07
6.245	5.66193e-07
6.25	5.63776e-07
6.255	5.59257e-07
6.26	5.58116e-07
6.265	5.55753e-07
6.27	5.53379e-07
6.275	5.5102e-07
6.28	5.48667e-07
6.285	5.46323e-07
6.29	5.43986e-07
6.295	5.41656e-07
6.3	5.39334e-07
6.305	5.37019e-07
6.31	5.34712e-07
6.315	5.32411e-07
6.32	5.30118e-07
6.325	9.97678e-06
6.33	9.96834e-06
6.335	9.90893e-06
6.34	9.86455e-06
6.345	9.82382e-06
6.35	9.78299e-06
6.355	9.74219e-06
6.36	9.70154e-06
6.365	9.66107e-06
6.37	9.62078e-06
6.375	9.58066e-06
6.38	9.5407e-06
6.385	9.50091e-06
6.39	9.46128e-06
6.395	9.42182e-06
6.4	9.38251e-06
6.405	9.34337e-06
6.41	9.3044e-06
6.415	9.26558e-06
6.42	9.22692e-06
6.425	9.18842e-06
6.43	9.15009e-06
6.435	9.11192e-06
6.44	9.07389e-06
6.445	9.03603e-06
6.45	8.99833e-06
6.455	8.96079e-06
6.46	8.92339e-06
6.465	8.88615e-06
6.47	8.84906e-06
6.475	8.81213e-06
6.48	8.77535e-06
6.485	8.73874e-06
6.49	8.70228e-06
6.495	8.66597e-06
6.5	8.62981e-06
6.505	8.59381e-06
6.51	8.55796e-06
6.515	8.52226e-06
6.52	8.48671e-06
6.525	8.45131e-06
6.53	8.41606e-06
6.535	8.38096e-06
6.54	8.34601e-06
6.545	8.31121e-06
6.55	8.27655e-06
6.555	8.24204e-06
6.56	8.20767e-06
6.565	8.17345e-06
6.57	8.13937e-06
6.575	8.10544e-06
6.58	8.07164e-06
6.585	8.03799e-06
6.59	8.00448e-06
6.595	7.9711e-06
6.6	7.93786e-06
6.605	7.90476e-06
6.61	7.8718e-06
6.615	7.83897e-06
6.62	7.80628e-06
6.625	7.77371e-06
6.63	7.74128e-06
6.635	7.70898e-06
6.64	7.67681e-06
6.645	7.64477e-06
6.65	7.61286e-06
6.655	7.58107e-06
6.66	7.54941e-06
6.665	7.51788e-06
6.67	7.48647e-06
6.675	7.45518e-06
6.68	7.42402e-06
6.685	7.39298e-06
6.69	7.36206e-06
6.695	7.33126e-06
6.7	7.30057e-06
6.705	7.27001e-06
6.71	7.23957e-06
6.715	7.20924e-06
6.72	7.17903e-06
6.725	7.14894e-06
6.73	7.11896e-06
6.735	7.0891e-06
6.74	7.05935e-06
6.745	7.02972e-06
6.75	7.0002e-06
6.755	6.97079e-06
6.76	6.94153e-06
6.765	6.91246e-06
6.77	6.8835e-06
6.775	6.8547e-06
6.78	6.82608e-06
6.785	6.79756e-06
6.79	6.76916e-06
6.795	6.74091e-06
6.8	6.71295e-06
6.805	6.6851e-06
6.81	6.65735e-06
6.815	6.62974e-06
6.82	6.60224e-06
6.825	6.57484e-06
6.83	6.54755e-06
6.835	6.52079e-06
6.84	6.49314e-06
6.845	6.46687e-06
6.85	6.43963e-06
6.855	6.4135e-06
6.86	6.3868e-06
6.865	6.36013e-06
6.87	6.3338e-06
6.875	6.30768e-06
6.88	6.28163e-06
6.885	6.25568e-06
6.89	6.22983e-06
6.895	6.20408e-06
6.9	6.17843e-06
6.905	6.15288e-06
6.91	6.12743e-06
6.915	6.10208e-06
6.92	6.07682e-06
6.925	6.05167e-06
6.93	6.02661e-06
6.935	6.00164e-06
6.94	5.97678e-06
6.945	5.95201e-06
6.95	5.92733e-06
6.955	5.90275e-06
6.96	5.87827e-06
6.965	5.85388e-06
6.97	5.82958e-06
6.975	5.80538e-06
6.98	5.78127e-06
6.985	5.75726e-06
6.99	5.73339e-06
6.995	5.70961e-06
7	5.68592e-06
7.005	5.66232e-06
7.01	5.63881e-06
7.015	5.61539e-06
7.02	5.59206e-06
7.025	5.56882e-06
7.03	5.54567e-06
7.035	5.5226e-06
7.04	5.49963e-06
7.045	5.47674e-06
7.05	5.45394e-06
7.055	5.43123e-06
7.06	5.4086e-06
7.065	5.38606e-06
7.07	5.36361e-06
7.075	5.34124e-06
7.08	5.31895e-06
7.085	5.29676e-06
7.09	5.27464e-06
7.095	5.25261e-06
7.1	5.23066e-06
7.105	5.2088e-06
7.11	5.18702e-06
7.115	5.16532e-06
7.12	5.14371e-06
7.125	5.12218e-06
7.13	5.10073e-06
7.135	5.07936e-06
7.14	5.06085e-06
7.145	5.03743e-06
7.15	5.01294e-06
7.155	4.99608e-06
7.16	4.97528e-06
7.165	4.95064e-06
7.17	4.93371e-06
7.175	4.91291e-06
7.18	4.88867e-06
7.185	4.87193e-06
7.19	4.85139e-06
7.195	4.83108e-06
7.2	4.81051e-06
7.205	4.7894e-06
7.21	4.76872e-06
7.215	4.74865e-06
7.22	4.72886e-06
7.225	4.70909e-06
7.23	4.68929e-06
7.235	4.66955e-06
7.24	4.64988e-06
7.245	4.63029e-06
7.25	4.61079e-06
7.255	4.59136e-06
7.26	4.57201e-06
7.265	4.55273e-06
7.27	4.53353e-06
7.275	4.51439e-06
7.28	4.49533e-06
7.285	4.47635e-06
7.29	4.45743e-06
7.295	4.43858e-06
7.3	4.41981e-06
7.305	4.4011e-06
7.31	4.38247e-06
7.315	4.36391e-06
7.32	4.34541e-06
7.325	4.32699e-06
7.33	4.30864e-06
7.335	4.29035e-06
7.34	4.27214e-06
7.345	4.25401e-06
7.35	4.23596e-06
7.355	4.21797e-06
7.36	4.20005e-06
7.365	4.18221e-06
7.37	4.16442e-06
7.375	4.14671e-06
7.38	4.12906e-06
7.385	4.11149e-06
7.39	4.09397e-06
7.395	4.07653e-06
7.4	4.05915e-06
7.405	4.04184e-06
7.41	4.02459e-06
7.415	4.00742e-06
7.42	3.9903e-06
7.425	3.97326e-06
7.43	3.95627e-06
7.435	3.93936e-06
7.44	3.92251e-06
7.445	3.90572e-06
7.45	3.889e-06
7.455	3.87234e-06
7.46	3.85575e-06
7.465	3.83922e-06
7.47	3.82276e-06
7.475	3.80636e-06
7.48	3.79003e-06
7.485	3.77376e-06
7.49	3.75755e-06
7.495	3.7414e-06
7.5	3.72532e-06
7.505	3.7093e-06
7.51	3.69335e-06
7.515	3.67745e-06
7.52	3.66162e-06
7.525	3.64585e-06
7.53	3.63015e-06
7.535	3.6145e-06
7.54	3.59892e-06
7.545	3.5834e-06
7.55	3.56794e-06
7.555	3.55254e-06
7.56	3.53721e-06
7.565	3.52193e-06
7.57	3.50671e-06
7.575	3.49156e-06
7.58	3.47647e-06
7.585	3.46143e-06
7.59	3.44646e-06
7.595	3.43154e-06
7.6	3.41669e-06
7.605	3.4019e-06
7.61	3.38716e-06
7.615	3.37248e-06
7.62	3.35787e-06
7.625	3.34331e-06
7.63	3.32881e-06
7.635	3.31437e-06
7.64	3.29999e-06
7.645	3.28567e-06
7.65	3.2714e-06
7.655	3.2572e-06
7.66	3.24305e-06
7.665	3.22897e-06
7.67	3.21494e-06
7.675	3.20097e-06
7.68	3.18706e-06
7.685	3.17321e-06
7.69	3.15941e-06
7.695	3.14567e-06
7.7	3.13198e-06
7.705	3.11835e-06
7.71	3.10478e-06
7.715	3.09126e-06
7.72	3.0778e-06
7.725	3.06439e-06
7.73	3.05104e-06
7.735	3.03775e-06
7.74	3.02451e-06
7.745	3.01132e-06
7.75	2.99819e-06
7.755	2.98512e-06
7.76	2.9721e-06
7.765	2.95913e-06
7.77	2.94622e-06
7.775	2.93336e-06
7.78	2.92056e-06
7.785	2.90781e-06
7.79	2.89511e-06
7.795	2.88246e-06
7.8	2.86987e-06
7.805	2.85734e-06
7.81	2.84485e-06
7.815	2.83242e-06
7.82	2.82004e-06
7.825	2.80772e-06
7.83	2.79544e-06
7.835	2.78322e-06
7.84	2.77105e-06
7.845	2.75893e-06
7.85	2.74686e-06
7.855	2.73485e-06
7.86	2.72289e-06
7.865	2.71097e-06
7.87	2.69911e-06
7.875	2.6873e-06
7.88	2.67554e-06
7.885	2.66383e-06
7.89	2.65218e-06
7.895	2.64057e-06
7.9	2.62901e-06
7.905	2.6175e-06
7.91	2.60604e-06
7.915	2.59464e-06
7.92	2.58328e-06
7.925	2.57197e-06
7.93	2.56071e-06
7.935	2.54949e-06
7.94	2.53833e-06
7.945	2.52722e-06
7.95	2.51615e-06
7.955	2.50514e-06
7.96	2.49417e-06
7.965	2.48325e-06
7.97	2.47237e-06
7.975	2.46155e-06
7.98	2.45077e-06
7.985	2.44004e-06
7.99	2.42936e-06
7.995	2.41872e-06
8	2.40813e-06
8.005	2.39759e-06
8.01	2.38709e-06
8.015	2.37664e-06
8.02	2.36624e-06
8.025	2.35588e-06
8.03	2.34557e-06
8.035	2.33531e-06
8.04	2.32509e-06
8.045	2.31491e-06
8.05	2.30479e-06
8.055	2.2947e-06
8.06	2.28466e-06
8.065	2.27467e-06
8.07	2.26472e-06
8.075	2.25482e-06
8.08	2.24496e-06
8.085	2.23514e-06
8.09	2.22537e-06
8.095	2.21565e-06
8.1	2.20596e-06
8.105	2.19633e-06
8.11	2.18673e-06
8.115	2.17718e-06
8.12	2.16767e-06
8.125	2.1582e-06
8.13	2.14878e-06
8.135	2.13941e-06
8.14	2.13008e-06
8.145	2.1208e-06
8.15	2.11155e-06
8.155	2.10235e-06
8.16	2.09319e-06
8.165	2.08407e-06
8.17	2.07499e-06
8.175	2.06595e-06
8.18	2.05696e-06
8.185	2.048e-06
8.19	2.03909e-06
8.195	2.03021e-06
8.2	2.02138e-06
8.205	2.01258e-06
8.21	2.00383e-06
8.215	1.99512e-06
8.22	1.98644e-06
8.225	1.9778e-06
8.23	1.96921e-06
8.235	1.96065e-06
8.24	1.95213e-06
8.245	1.94365e-06
8.25	1.93521e-06
8.255	1.92681e-06
8.26	1.91844e-06
8.265	1.91011e-06
8.27	1.90183e-06
8.275	1.89357e-06
8.28	1.88536e-06
8.285	1.87718e-06
8.29	1.86904e-06
8.295	1.86094e-06
8.3	1.85288e-06
8.305	1.84485e-06
8.31	1.83686e-06
8.315	1.82891e-06
8.32	1.821e-06
8.325	1.81312e-06
8.33	1.80527e-06
8.335	1.79746e-06
8.34	1.78969e-06
8.345	1.78196e-06
8.35	1.77425e-06
8.355	1.76659e-06
8.36	1.75896e-06
8.365	1.75136e-06
8.37	1.7438e-06
8.375	1.73627e-06
8.38	1.72878e-06
8.385	1.72132e-06
8.39	1.71389e-06
8.395	1.7065e-06
8.4	1.69914e-06
8.405	1.69182e-06
8.41	1.68453e-06
8.415	1.67727e-06
8.42	1.67004e-06
8.425	1.66285e-06
8.43	1.65569e-06
8.435	1.64856e-06
8.44	1.64147e-06
8.445	1.63441e-06
8.45	1.62738e-06
8.455	1.62038e-06
8.46	1.61341e-06
8.465	1.60648e-06
8.47	1.59958e-06
8.475	1.59271e-06
8.48	1.58587e-06
8.485	1.57906e-06
8.49	1.57228e-06
8.495	1.56553e-06
8.5	1.55881e-06
8.505	1.55213e-06
8.51	1.54547e-06
8.515	1.53884e-06
8.52	1.53225e-06
8.525	1.52568e-06
8.53	1.51914e-06
8.535	1.51264e-06
8.54	1.50616e-06
8.545	1.49971e-06
8.55	1.49329e-06
8.555	1.4869e-06
8.56	1.48054e-06
8.565	1.47421e-06
8.57	1.4679e-06
8.575	1.46163e-06
8.58	1.45538e-06
8.585	1.44916e-06
8.59	1.44297e-06
8.595	1.4368e-06
8.6	1.43067e-06
8.605	1.42456e-06
8.61	1.41848e-06
8.615	1.41243e-06
8.62	1.40641e-06
8.625	1.40041e-06
8.63	1.39444e-06
8.635	1.3885e-06
8.64	1.38259e-06
8.645	1.3767e-06
8.65	1.37083e-06
8.655	1.36499e-06
8.66	1.35918e-06
8.665	1.3534e-06
8.67	1.3475e-06
8.675	1.34333e-06
8.68	1.33403e-06
8.685	1.3315e-06
8.69	1.32418e-06
8.695	1.32013e-06
8.7	1.31147e-06
8.705	1.30915e-06
8.71	1.30196e-06
8.715	1.29788e-06
8.72	1.2893e-06
8.725	1.28704e-06
8.73	1.27996e-06
8.735	1.27599e-06
8.74	1.26755e-06
8.745	1.26533e-06
8.75	1.25837e-06
8.755	1.25448e-06
8.76	1.24617e-06
8.765	1.24399e-06
8.77	1.23716e-06
8.775	1.23334e-06
8.78	1.22517e-06
8.785	1.22304e-06
8.79	1.21631e-06
8.795	1.21257e-06
8.8	1.20454e-06
8.805	1.20245e-06
8.81	1.19583e-06
8.815	1.19216e-06
8.82	1.18426e-06
8.825	1.18222e-06
8.83	1.1757e-06
8.835	1.1721e-06
8.84	1.16434e-06
8.845	1.16233e-06
8.85	1.15593e-06
8.855	1.15239e-06
8.86	1.14476e-06
8.865	1.14279e-06
8.87	1.1365e-06
8.875	1.13302e-06
8.88	1.12552e-06
8.885	1.12358e-06
8.89	1.1174e-06
8.895	1.11398e-06
8.9	1.10661e-06
8.905	1.10467e-06
8.91	1.09974e-06
8.915	1.09223e-06
8.92	1.09053e-06
8.925	1.08599e-06
8.93	1.07861e-06
8.935	1.07682e-06
8.94	1.07224e-06
8.945	1.06931e-06
8.95	1.06004e-06
8.955	1.05754e-06
8.96	1.05456e-06
8.965	1.04569e-06
8.97	1.04618e-06
8.975	1.04329e-06
8.98	1.03381e-06
8.985	1.03151e-06
8.99	1.0256e-06
8.995	1.02105e-06
9	1.01812e-06
9.005	1.0151e-06
9.01	1.00977e-06
9.015	1.00487e-06
9.02	1.00186e-06
9.025	9.96456e-07
9.03	9.91947e-07
9.035	9.89057e-07
9.04	9.8573e-07
9.045	9.79608e-07
9.05	9.74859e-07
9.055	9.72086e-07
9.06	9.68934e-07
9.065	9.63305e-07
9.07	9.58726e-07
9.075	9.55966e-07
9.08	9.5281e-07
9.085	9.47071e-07
9.09	9.42534e-07
9.095	9.39842e-07
9.1	9.36774e-07
9.105	9.31256e-07
9.11	9.26813e-07
9.115	9.24153e-07
9.12	9.21113e-07
9.125	9.15606e-07
9.13	9.11226e-07
9.135	9.0862e-07
9.14	9.05645e-07
9.145	9.00284e-07
9.15	8.95984e-07
9.155	8.93415e-07
9.16	8.9048e-07
9.165	8.85172e-07
9.17	8.80939e-07
9.175	8.78417e-07
9.18	8.75537e-07
9.185	8.70341e-07
9.19	8.66182e-07
9.195	8.63699e-07
9.2	8.60862e-07
9.205	8.55737e-07
9.21	8.51644e-07
9.215	8.49205e-07
9.22	8.46417e-07
9.225	8.41387e-07
9.23	8.37845e-07
9.235	8.33296e-07
9.24	8.31036e-07
9.245	8.27429e-07
9.25	8.26979e-07
9.255	8.20579e-07
9.26	8.16304e-07
9.265	8.14089e-07
9.27	8.08723e-07
9.275	8.07699e-07
9.28	8.03641e-07
9.285	8.01467e-07
9.29	7.94974e-07
9.295	7.93616e-07
9.3	7.89729e-07
9.305	7.8755e-07
9.31	7.81616e-07
9.315	7.80616e-07
9.32	7.76757e-07
9.325	7.74631e-07
9.33	7.68602e-07
9.335	7.67333e-07
9.34	7.63464e-07
9.345	7.6134e-07
9.35	7.55622e-07
9.355	7.54595e-07
9.36	7.50835e-07
9.365	7.48763e-07
9.37	7.43024e-07
9.375	7.41816e-07
9.38	7.38053e-07
9.385	7.35993e-07
9.39	7.30474e-07
9.395	7.29437e-07
9.4	7.25784e-07
9.405	7.23771e-07
9.41	7.18262e-07
9.415	7.17106e-07
9.42	7.13472e-07
9.425	7.11477e-07
9.43	7.06138e-07
9.435	7.05102e-07
9.44	7.01564e-07
9.445	6.99611e-07
9.45	6.94303e-07
9.455	6.93193e-07
9.46	6.89687e-07
9.465	6.87757e-07
9.47	6.82588e-07
9.475	6.81561e-07
9.48	6.7814e-07
9.485	6.76248e-07
9.49	6.71125e-07
9.495	6.70054e-07
9.5	6.66673e-07
9.505	6.64806e-07
9.51	6.59801e-07
9.515	6.58789e-07
9.52	6.55483e-07
9.525	6.53651e-07
9.53	6.48702e-07
9.535	6.47665e-07
9.54	6.44405e-07
9.545	6.42599e-07
9.55	6.37753e-07
9.555	6.36759e-07
9.56	6.33567e-07
9.565	6.31794e-07
9.57	6.27009e-07
9.575	6.26003e-07
9.58	6.22859e-07
9.585	6.21113e-07
9.59	6.1642e-07
9.595	6.15447e-07
9.6	6.12365e-07
9.605	6.10651e-07
9.61	6.06023e-07
9.615	6.05724e-07
9.62	6.04055e-07
9.625	5.9852e-07
9.63	5.96912e-07
9.635	5.952e-07
9.64	5.90593e-07
9.645	5.89235e-07
9.65	5.8621e-07
9.655	5.84533e-07
9.66	5.80763e-07
9.665	5.80883e-07
9.67	5.79288e-07
9.675	5.73841e-07
9.68	5.72087e-07
9.685	5.70434e-07
9.69	5.64513e-07
9.695	5.65267e-07
9.7	5.63724e-07
9.705	5.58608e-07
9.71	5.58526e-07
9.715	5.56939e-07
9.72	5.52429e-07
9.725	5.50758e-07
9.73	5.47139e-07
9.735	5.45569e-07
9.74	5.42538e-07
9.745	5.42683e-07
9.75	5.3937e-07
9.755	5.37841e-07
9.76	5.33645e-07
9.765	5.32509e-07
9.77	5.31018e-07
9.775	5.24713e-07
9.78	5.25007e-07
9.785	5.23515e-07
9.79	5.19972e-07
9.795	5.20256e-07
9.8	5.18866e-07
9.805	5.13356e-07
9.81	5.11701e-07
9.815	5.10218e-07
9.82	5.05423e-07
9.825	5.06437e-07
9.83	5.0306e-07
9.835	5.01669e-07
9.84	4.98624e-07
9.845	4.97496e-07
9.85	4.9447e-07
9.855	4.93068e-07
9.86	4.89811e-07
9.865	4.89515e-07
9.87	4.8818e-07
9.875	4.83424e-07
9.88	4.81893e-07
9.885	4.80503e-07
9.89	4.76117e-07
9.895	4.76825e-07
9.9	4.75578e-07
9.905	4.70951e-07
9.91	4.70323e-07
9.915	4.68989e-07
9.92	4.65947e-07
9.925	4.6488e-07
9.93	4.60978e-07
9.935	4.59711e-07
9.94	4.57583e-07
9.945	4.57652e-07
9.95	4.54199e-07
9.955	4.5294e-07
9.96	4.49841e-07
9.965	4.48922e-07
9.97	4.47682e-07
9.975	4.43384e-07
9.98	4.42205e-07
9.985	4.40943e-07
9.99	4.38328e-07
9.995	4.38061e-07
10	4.36907e-07
