0.005	3
0.01	3
0.015	3
0.02	3
0.025	3
0.03	3
0.035	3
0.04	3
0.045	3
0.05	3
0.055	3
0.06	3
0.065	3
0.07	3
0.075	3
0.08	3
0.085	3
0.09	3
0.095	3
0.1	3
0.105	3
0.11	3
0.115	3
0.12	3
0.125	3
0.13	3
0.135	3
0.14	3
0.145	3
0.15	3
0.155	3
0.16	3
0.165	3
0.17	3
0.175	3
0.18	3
0.185	3
0.19	3
0.195	3
0.2	3
0.205	3
0.21	3
0.215	3
0.22	3
0.225	3
0.23	3
0.235	3
0.24	3
0.245	3
0.25	3
0.255	3
0.26	3
0.265	3
0.27	3
0.275	3
0.28	3
0.285	3
0.29	3
0.295	3
0.3	3
0.305	3
0.31	3
0.315	3
0.32	3
0.325	3
0.33	3
0.335	3
0.34	3
0.345	3
0.35	3
0.355	3
0.36	3
0.365	3
0.37	3
0.375	3
0.38	3
0.385	3
0.39	3
0.395	3
0.4	3
0.405	3
0.41	3
0.415	3
0.42	3
0.425	3
0.43	3
0.435	3
0.44	3
0.445	3
0.45	3
0.455	3
0.46	3
0.465	3
0.47	3
0.475	3
0.48	3
0.485	3
0.49	3
0.495	3
0.5	3
0.505	3
0.51	3
0.515	3
0.52	3
0.525	3
0.53	3
0.535	3
0.54	3
0.545	3
0.55	3
0.555	3
0.56	3
0.565	3
0.57	3
0.575	3
0.58	3
0.585	3
0.59	3
0.595	3
0.6	3
0.605	3
0.61	3
0.615	3
0.62	3
0.625	3
0.63	3
0.635	3
0.64	3
0.645	3
0.65	3
0.655	3
0.66	2
0.665	2
0.67	2
0.675	2
0.68	2
0.685	2
0.69	2
0.695	2
0.7	2
0.705	2
0.71	2
0.715	2
0.72	2
0.725	2
0.73	2
0.735	2
0.74	2
0.745	2
0.75	2
0.755	2
0.76	2
0.765	2
0.77	2
0.775	2
0.78	2
0.785	2
0.79	2
0.795	2
0.8	2
0.805	2
0.81	2
0.815	2
0.82	2
0.825	2
0.83	2
0.835	2
0.84	2
0.845	2
0.85	2
0.855	2
0.86	2
0.865	2
0.87	2
0.875	2
0.88	2
0.885	2
0.89	2
0.895	2
0.9	2
0.905	2
0.91	2
0.915	2
0.92	2
0.925	2
0.93	2
0.935	2
0.94	2
0.945	2
0.95	2
0.955	2
0.96	2
0.965	2
0.97	2
0.975	2
0.98	2
0.985	2
0.99	2
0.995	2
1	2
1.005	2
1.01	2
1.015	2
1.02	2
1.025	2
1.03	2
1.035	2
1.04	2
1.045	2
1.05	2
1.055	2
1.06	2
1.065	2
1.07	2
1.075	2
1.08	2
1.085	2
1.09	2
1.095	2
1.1	2
1.105	2
1.11	2
1.115	2
1.12	2
1.125	2
1.13	2
1.135	2
1.14	2
1.145	2
1.15	2
1.155	2
1.16	2
1.165	2
1.17	2
1.175	2
1.18	2
1.185	2
1.19	2
1.195	2
1.2	2
1.205	2
1.21	2
1.215	2
1.22	2
1.225	2
1.23	2
1.235	2
1.24	2
1.245	2
1.25	2
1.255	2
1.26	2
1.265	2
1.27	2
1.275	2
1.28	2
1.285	2
1.29	2
1.295	2
1.3	2
1.305	2
1.31	2
1.315	2
1.32	2
1.325	2
1.33	2
1.335	2
1.34	2
1.345	2
1.35	2
1.355	2
1.36	2
1.365	2
1.37	2
1.375	2
1.38	2
1.385	2
1.39	2
1.395	2
1.4	2
1.405	2
1.41	2
1.415	2
1.42	2
1.425	2
1.43	2
1.435	2
1.44	2
1.445	2
1.45	2
1.455	2
1.46	2
1.465	2
1.47	2
1.475	2
1.48	2
1.485	2
1.49	2
1.495	2
1.5	2
1.505	2
1.51	2
1.515	2
1.52	2
1.525	2
1.53	2
1.535	2
1.54	2
1.545	2
1.55	2
1.555	2
1.56	2
1.565	2
1.57	2
1.575	2
1.58	2
1.585	2
1.59	2
1.595	2
1.6	2
1.605	2
1.61	2
1.615	2
1.62	2
1.625	2
1.63	2
1.635	2
1.64	2
1.645	2
1.65	2
1.655	2
1.66	2
1.665	2
1.67	2
1.675	2
1.68	2
1.685	2
1.69	2
1.695	2
1.7	2
1.705	2
1.71	2
1.715	2
1.72	2
1.725	2
1.73	2
1.735	2
1.74	2
1.745	2
1.75	2
1.755	2
1.76	2
1.765	2
1.77	2
1.775	2
1.78	2
1.785	2
1.79	2
1.795	2
1.8	2
1.805	2
1.81	2
1.815	2
1.82	2
1.825	2
1.83	2
1.835	2
1.84	2
1.845	2
1.85	2
1.855	2
1.86	2
1.865	2
1.87	2
1.875	2
1.88	2
1.885	2
1.89	2
1.895	2
1.9	2
1.905	2
1.91	2
1.915	2
1.92	2
1.925	2
1.93	2
1.935	2
1.94	2
1.945	2
1.95	2
1.955	2
1.96	2
1.965	2
1.97	2
1.975	2
1.98	2
1.985	2
1.99	2
1.995	2
2	2
2.005	2
2.01	2
2.015	2
2.02	2
2.025	2
2.03	2
2.035	2
2.04	2
2.045	2
2.05	2
2.055	2
2.06	2
2.065	2
2.07	2
2.075	2
2.08	2
2.085	2
2.09	2
2.095	2
2.1	2
2.105	2
2.11	2
2.115	2
2.12	2
2.125	2
2.13	2
2.135	2
2.14	2
2.145	2
2.15	2
2.155	2
2.16	2
2.165	2
2.17	2
2.175	2
2.18	2
2.185	2
2.19	2
2.195	2
2.2	2
2.205	2
2.21	2
2.215	2
2.22	2
2.225	2
2.23	2
2.235	2
2.24	2
2.245	2
2.25	2
2.255	2
2.26	2
2.265	2
2.27	2
2.275	2
2.28	2
2.285	2
2.29	2
2.295	2
2.3	2
2.305	2
2.31	2
2.315	2
2.32	2
2.325	2
2.33	2
2.335	2
2.34	2
2.345	2
2.35	2
2.355	2
2.36	2
2.365	2
2.37	2
2.375	2
2.38	2
2.385	2
2.39	2
2.395	2
2.4	2
2.405	2
2.41	2
2.415	2
2.42	2
2.425	2
2.43	2
2.435	2
2.44	2
2.445	2
2.45	2
2.455	2
2.46	2
2.465	2
2.47	2
2.475	2
2.48	2
2.485	2
2.49	2
2.495	2
2.5	2
2.505	2
2.51	2
2.515	2
2.52	2
2.525	2
2.53	2
2.535	2
2.54	2
2.545	2
2.55	2
2.555	2
2.56	2
2.565	2
2.57	2
2.575	2
2.58	2
2.585	2
2.59	2
2.595	2
2.6	2
2.605	2
2.61	2
2.615	2
2.62	2
2.625	2
2.63	2
2.635	2
2.64	2
2.645	2
2.65	2
2.655	2
2.66	2
2.665	2
2.67	2
2.675	2
2.68	2
2.685	2
2.69	2
2.695	2
2.7	2
2.705	2
2.71	2
2.715	2
2.72	2
2.725	2
2.73	2
2.735	2
2.74	2
2.745	2
2.75	2
2.755	2
2.76	2
2.765	2
2.77	2
2.775	2
2.78	2
2.785	2
2.79	2
2.795	2
2.8	2
2.805	2
2.81	2
2.815	2
2.82	2
2.825	2
2.83	2
2.835	2
2.84	2
2.845	2
2.85	2
2.855	2
2.86	2
2.865	2
2.87	2
2.875	2
2.88	2
2.885	2
2.89	2
2.895	2
2.9	2
2.905	2
2.91	2
2.915	2
2.92	2
2.925	2
2.93	2
2.935	2
2.94	2
2.945	2
2.95	2
2.955	2
2.96	2
2.965	1
2.97	1
2.975	1
2.98	1
2.985	1
2.99	1
2.995	1
3	1
3.005	1
3.01	1
3.015	1
3.02	1
3.025	1
3.03	1
3.035	1
3.04	1
3.045	1
3.05	1
3.055	1
3.06	1
3.065	1
3.07	1
3.075	1
3.08	1
3.085	1
3.09	1
3.095	1
3.1	1
3.105	1
3.11	1
3.115	1
3.12	1
3.125	1
3.13	1
3.135	1
3.14	1
3.145	1
3.15	1
3.155	1
3.16	1
3.165	1
3.17	1
3.175	1
3.18	1
3.185	1
3.19	1
3.195	1
3.2	1
3.205	1
3.21	1
3.215	1
3.22	1
3.225	1
3.23	1
3.235	1
3.24	1
3.245	1
3.25	1
3.255	1
3.26	1
3.265	1
3.27	1
3.275	1
3.28	1
3.285	1
3.29	1
3.295	1
3.3	1
3.305	1
3.31	1
3.315	1
3.32	1
3.325	1
3.33	1
3.335	1
3.34	1
3.345	1
3.35	1
3.355	1
3.36	1
3.365	1
3.37	1
3.375	1
3.38	1
3.385	1
3.39	1
3.395	1
3.4	1
3.405	1
3.41	1
3.415	1
3.42	1
3.425	1
3.43	1
3.435	1
3.44	1
3.445	1
3.45	1
3.455	1
3.46	1
3.465	1
3.47	1
3.475	1
3.48	1
3.485	1
3.49	1
3.495	1
3.5	1
3.505	1
3.51	1
3.515	1
3.52	1
3.525	1
3.53	1
3.535	1
3.54	1
3.545	1
3.55	1
3.555	1
3.56	1
3.565	1
3.57	1
3.575	1
3.58	1
3.585	1
3.59	1
3.595	1
3.6	1
3.605	1
3.61	1
3.615	1
3.62	1
3.625	1
3.63	1
3.635	1
3.64	1
3.645	1
3.65	1
3.655	1
3.66	1
3.665	1
3.67	1
3.675	1
3.68	1
3.685	1
3.69	1
3.695	1
3.7	1
3.705	1
3.71	1
3.715	1
3.72	1
3.725	1
3.73	1
3.735	1
3.74	1
3.745	1
3.75	1
3.755	1
3.76	1
3.765	1
3.77	1
3.775	1
3.78	1
3.785	1
3.79	1
3.795	1
3.8	1
3.805	1
3.81	1
3.815	1
3.82	1
3.825	1
3.83	1
3.835	1
3.84	1
3.845	1
3.85	1
3.855	1
3.86	1
3.865	1
3.87	1
3.875	1
3.88	1
3.885	1
3.89	1
3.895	1
3.9	1
3.905	1
3.91	1
3.915	1
3.92	1
3.925	1
3.93	1
3.935	1
3.94	1
3.945	1
3.95	1
3.955	1
3.96	1
3.965	1
3.97	1
3.975	1
3.98	1
3.985	1
3.99	1
3.995	1
4	1
4.005	1
4.01	1
4.015	1
4.02	1
4.025	1
4.03	1
4.035	1
4.04	1
4.045	1
4.05	1
4.055	1
4.06	1
4.065	1
4.07	1
4.075	1
4.08	1
4.085	1
4.09	1
4.095	1
4.1	1
4.105	1
4.11	1
4.115	1
4.12	1
4.125	1
4.13	1
4.135	1
4.14	1
4.145	1
4.15	1
4.155	1
4.16	1
4.165	1
4.17	1
4.175	1
4.18	1
4.185	1
4.19	1
4.195	1
4.2	1
4.205	1
4.21	1
4.215	1
4.22	1
4.225	1
4.23	1
4.235	1
4.24	1
4.245	1
4.25	1
4.255	1
4.26	1
4.265	1
4.27	1
4.275	1
4.28	1
4.285	1
4.29	1
4.295	1
4.3	1
4.305	1
4.31	1
4.315	1
4.32	1
4.325	1
4.33	1
4.335	1
4.34	1
4.345	1
4.35	1
4.355	1
4.36	1
4.365	1
4.37	1
4.375	1
4.38	1
4.385	1
4.39	1
4.395	1
4.4	1
4.405	1
4.41	1
4.415	1
4.42	1
4.425	1
4.43	1
4.435	1
4.44	1
4.445	1
4.45	1
4.455	1
4.46	1
4.465	1
4.47	1
4.475	1
4.48	1
4.485	1
4.49	1
4.495	1
4.5	1
4.505	1
4.51	1
4.515	1
4.52	1
4.525	1
4.53	1
4.535	1
4.54	1
4.545	1
4.55	1
4.555	1
4.56	1
4.565	1
4.57	1
4.575	1
4.58	1
4.585	1
4.59	1
4.595	1
4.6	1
4.605	1
4.61	1
4.615	1
4.62	1
4.625	1
4.63	1
4.635	1
4.64	1
4.645	1
4.65	1
4.655	1
4.66	1
4.665	1
4.67	1
4.675	1
4.68	1
4.685	1
4.69	1
4.695	1
4.7	1
4.705	1
4.71	1
4.715	1
4.72	1
4.725	1
4.73	1
4.735	1
4.74	1
4.745	1
4.75	1
4.755	1
4.76	1
4.765	1
4.77	1
4.775	1
4.78	1
4.785	1
4.79	1
4.795	1
4.8	1
4.805	1
4.81	1
4.815	1
4.82	1
4.825	1
4.83	1
4.835	1
4.84	1
4.845	1
4.85	1
4.855	1
4.86	1
4.865	1
4.87	1
4.875	1
4.88	1
4.885	1
4.89	1
4.895	1
4.9	1
4.905	1
4.91	1
4.915	1
4.92	1
4.925	1
4.93	1
4.935	1
4.94	1
4.945	1
4.95	1
4.955	1
4.96	1
4.965	1
4.97	1
4.975	1
4.98	1
4.985	1
4.99	1
4.995	1
5	1
5.005	1
5.01	1
5.015	1
5.02	1
5.025	1
5.03	1
5.035	1
5.04	1
5.045	1
5.05	1
5.055	1
5.06	1
5.065	1
5.07	1
5.075	1
5.08	1
5.085	1
5.09	1
5.095	1
5.1	1
5.105	1
5.11	1
5.115	1
5.12	1
5.125	1
5.13	1
5.135	1
5.14	1
5.145	1
5.15	1
5.155	1
5.16	1
5.165	1
5.17	1
5.175	1
5.18	1
5.185	1
5.19	1
5.195	1
5.2	1
5.205	1
5.21	1
5.215	1
5.22	1
5.225	1
5.23	1
5.235	1
5.24	1
5.245	1
5.25	1
5.255	1
5.26	1
5.265	1
5.27	1
5.275	1
5.28	1
5.285	1
5.29	1
5.295	1
5.3	1
5.305	1
5.31	1
5.315	1
5.32	1
5.325	1
5.33	1
5.335	1
5.34	1
5.345	1
5.35	1
5.355	1
5.36	1
5.365	1
5.37	1
5.375	1
5.38	1
5.385	1
5.39	1
5.395	1
5.4	1
5.405	1
5.41	1
5.415	1
5.42	1
5.425	1
5.43	1
5.435	1
5.44	1
5.445	1
5.45	1
5.455	1
5.46	1
5.465	1
5.47	1
5.475	1
5.48	1
5.485	1
5.49	1
5.495	1
5.5	1
5.505	1
5.51	1
5.515	1
5.52	1
5.525	1
5.53	1
5.535	1
5.54	1
5.545	1
5.55	1
5.555	1
5.56	1
5.565	1
5.57	1
5.575	1
5.58	1
5.585	1
5.59	1
5.595	1
5.6	1
5.605	1
5.61	1
5.615	1
5.62	1
5.625	1
5.63	1
5.635	1
5.64	1
5.645	1
5.65	1
5.655	1
5.66	1
5.665	1
5.67	1
5.675	1
5.68	1
5.685	1
5.69	1
5.695	1
5.7	1
5.705	1
5.71	1
5.715	1
5.72	1
5.725	1
5.73	1
5.735	1
5.74	1
5.745	1
5.75	1
5.755	1
5.76	1
5.765	1
5.77	1
5.775	1
5.78	1
5.785	1
5.79	1
5.795	1
5.8	1
5.805	1
5.81	1
5.815	1
5.82	1
5.825	1
5.83	1
5.835	1
5.84	1
5.845	1
5.85	1
5.855	1
5.86	1
5.865	1
5.87	1
5.875	1
5.88	1
5.885	1
5.89	1
5.895	1
5.9	1
5.905	1
5.91	1
5.915	1
5.92	1
5.925	1
5.93	1
5.935	1
5.94	1
5.945	1
5.95	1
5.955	1
5.96	1
5.965	1
5.97	1
5.975	1
5.98	1
5.985	1
5.99	1
5.995	1
6	1
6.005	1
6.01	1
6.015	1
6.02	1
6.025	1
6.03	1
6.035	1
6.04	1
6.045	1
6.05	1
6.055	1
6.06	1
6.065	1
6.07	1
6.075	1
6.08	1
6.085	1
6.09	1
6.095	1
6.1	1
6.105	1
6.11	1
6.115	1
6.12	1
6.125	1
6.13	1
6.135	1
6.14	1
6.145	1
6.15	1
6.155	1
6.16	1
6.165	1
6.17	1
6.175	1
6.18	1
6.185	1
6.19	1
6.195	1
6.2	1
6.205	1
6.21	1
6.215	1
6.22	1
6.225	1
6.23	1
6.235	1
6.24	1
6.245	1
6.25	1
6.255	1
6.26	1
6.265	1
6.27	1
6.275	1
6.28	1
6.285	1
6.29	1
6.295	1
6.3	1
6.305	1
6.31	1
6.315	1
6.32	1
6.325	0
6.33	0
6.335	0
6.34	0
6.345	0
6.35	0
6.355	0
6.36	0
6.365	0
6.37	0
6.375	0
6.38	0
6.385	0
6.39	0
6.395	0
6.4	0
6.405	0
6.41	0
6.415	0
6.42	0
6.425	0
6.43	0
6.435	0
6.44	0
6.445	0
6.45	0
6.455	0
6.46	0
6.465	0
6.47	0
6.475	0
6.48	0
6.485	0
6.49	0
6.495	0
6.5	0
6.505	0
6.51	0
6.515	0
6.52	0
6.525	0
6.53	0
6.535	0
6.54	0
6.545	0
6.55	0
6.555	0
6.56	0
6.565	0
6.57	0
6.575	0
6.58	0
6.585	0
6.59	0
6.595	0
6.6	0
6.605	0
6.61	0
6.615	0
6.62	0
6.625	0
6.63	0
6.635	0
6.64	0
6.645	0
6.65	0
6.655	0
6.66	0
6.665	0
6.67	0
6.675	0
6.68	0
6.685	0
6.69	0
6.695	0
6.7	0
6.705	0
6.71	0
6.715	0
6.72	0
6.725	0
6.73	0
6.735	0
6.74	0
6.745	0
6.75	0
6.755	0
6.76	0
6.765	0
6.77	0
6.775	0
6.78	0
6.785	0
6.79	0
6.795	0
6.8	0
6.805	0
6.81	0
6.815	0
6.82	0
6.825	0
6.83	0
6.835	0
6.84	0
6.845	0
6.85	0
6.855	0
6.86	0
6.865	0
6.87	0
6.875	0
6.88	0
6.885	0
6.89	0
6.895	0
6.9	0
6.905	0
6.91	0
6.915	0
6.92	0
6.925	0
6.93	0
6.935	0
6.94	0
6.945	0
6.95	0
6.955	0
6.96	0
6.965	0
6.97	0
6.975	0
6.98	0
6.985	0
6.99	0
6.995	0
7	0
7.005	0
7.01	0
7.015	0
7.02	0
7.025	0
7.03	0
7.035	0
7.04	0
7.045	0
7.05	0
7.055	0
7.06	0
7.065	0
7.07	0
7.075	0
7.08	0
7.085	0
7.09	0
7.095	0
7.1	0
7.105	0
7.11	0
7.115	0
7.12	0
7.125	0
7.13	0
7.135	0
7.14	0
7.145	0
7.15	0
7.155	0
7.16	0
7.165	0
7.17	0
7.175	0
7.18	0
7.185	0
7.19	0
7.195	0
7.2	0
7.205	0
7.21	0
7.215	0
7.22	0
7.225	0
7.23	0
7.235	0
7.24	0
7.245	0
7.25	0
7.255	0
7.26	0
7.265	0
7.27	0
7.275	0
7.28	0
7.285	0
7.29	0
7.295	0
7.3	0
7.305	0
7.31	0
7.315	0
7.32	0
7.325	0
7.33	0
7.335	0
7.34	0
7.345	0
7.35	0
7.355	0
7.36	0
7.365	0
7.37	0
7.375	0
7.38	0
7.385	0
7.39	0
7.395	0
7.4	0
7.405	0
7.41	0
7.415	0
7.42	0
7.425	0
7.43	0
7.435	0
7.44	0
7.445	0
7.45	0
7.455	0
7.46	0
7.465	0
7.47	0
7.475	0
7.48	0
7.485	0
7.49	0
7.495	0
7.5	0
7.505	0
7.51	0
7.515	0
7.52	0
7.525	0
7.53	0
7.535	0
7.54	0
7.545	0
7.55	0
7.555	0
7.56	0
7.565	0
7.57	0
7.575	0
7.58	0
7.585	0
7.59	0
7.595	0
7.6	0
7.605	0
7.61	0
7.615	0
7.62	0
7.625	0
7.63	0
7.635	0
7.64	0
7.645	0
7.65	0
7.655	0
7.66	0
7.665	0
7.67	0
7.675	0
7.68	0
7.685	0
7.69	0
7.695	0
7.7	0
7.705	0
7.71	0
7.715	0
7.72	0
7.725	0
7.73	0
7.735	0
7.74	0
7.745	0
7.75	0
7.755	0
7.76	0
7.765	0
7.77	0
7.775	0
7.78	0
7.785	0
7.79	0
7.795	0
7.8	0
7.805	0
7.81	0
7.815	0
7.82	0
7.825	0
7.83	0
7.835	0
7.84	0
7.845	0
7.85	0
7.855	0
7.86	0
7.865	0
7.87	0
7.875	0
7.88	0
7.885	0
7.89	0
7.895	0
7.9	0
7.905	0
7.91	0
7.915	0
7.92	0
7.925	0
7.93	0
7.935	0
7.94	0
7.945	0
7.95	0
7.955	0
7.96	0
7.965	0
7.97	0
7.975	0
7.98	0
7.985	0
7.99	0
7.995	0
8	0
8.005	0
8.01	0
8.015	0
8.02	0
8.025	0
8.03	0
8.035	0
8.04	0
8.045	0
8.05	0
8.055	0
8.06	0
8.065	0
8.07	0
8.075	0
8.08	0
8.085	0
8.09	0
8.095	0
8.1	0
8.105	0
8.11	0
8.115	0
8.12	0
8.125	0
8.13	0
8.135	0
8.14	0
8.145	0
8.15	0
8.155	0
8.16	0
8.165	0
8.17	0
8.175	0
8.18	0
8.185	0
8.19	0
8.195	0
8.2	0
8.205	0
8.21	0
8.215	0
8.22	0
8.225	0
8.23	0
8.235	0
8.24	0
8.245	0
8.25	0
8.255	0
8.26	0
8.265	0
8.27	0
8.275	0
8.28	0
8.285	0
8.29	0
8.295	0
8.3	0
8.305	0
8.31	0
8.315	0
8.32	0
8.325	0
8.33	0
8.335	0
8.34	0
8.345	0
8.35	0
8.355	0
8.36	0
8.365	0
8.37	0
8.375	0
8.38	0
8.385	0
8.39	0
8.395	0
8.4	0
8.405	0
8.41	0
8.415	0
8.42	0
8.425	0
8.43	0
8.435	0
8.44	0
8.445	0
8.45	0
8.455	0
8.46	0
8.465	0
8.47	0
8.475	0
8.48	0
8.485	0
8.49	0
8.495	0
8.5	0
8.505	0
8.51	0
8.515	0
8.52	0
8.525	0
8.53	0
8.535	0
8.54	0
8.545	0
8.55	0
8.555	0
8.56	0
8.565	0
8.57	0
8.575	0
8.58	0
8.585	0
8.59	0
8.595	0
8.6	0
8.605	0
8.61	0
8.615	0
8.62	0
8.625	0
8.63	0
8.635	0
8.64	0
8.645	0
8.65	0
8.655	0
8.66	0
8.665	0
8.67	0
8.675	0
8.68	0
8.685	0
8.69	0
8.695	0
8.7	0
8.705	0
8.71	0
8.715	0
8.72	0
8.725	0
8.73	0
8.735	0
8.74	0
8.745	0
8.75	0
8.755	0
8.76	0
8.765	0
8.77	0
8.775	0
8.78	0
8.785	0
8.79	0
8.795	0
8.8	0
8.805	0
8.81	0
8.815	0
8.82	0
8.825	0
8.83	0
8.835	0
8.84	0
8.845	0
8.85	0
8.855	0
8.86	0
8.865	0
8.87	0
8.875	0
8.88	0
8.885	0
8.89	0
8.895	0
8.9	0
8.905	0
8.91	0
8.915	0
8.92	0
8.925	0
8.93	0
8.935	0
8.94	0
8.945	0
8.95	0
8.955	0
8.96	0
8.965	0
8.97	0
8.975	0
8.98	0
8.985	0
8.99	0
8.995	0
9	0
9.005	0
9.01	0
9.015	0
9.02	0
9.025	0
9.03	0
9.035	0
9.04	0
9.045	0
9.05	0
9.055	0
9.06	0
9.065	0
9.07	0
9.075	0
9.08	0
9.085	0
9.09	0
9.095	0
9.1	0
9.105	0
9.11	0
9.115	0
9.12	0
9.125	0
9.13	0
9.135	0
9.14	0
9.145	0
9.15	0
9.155	0
9.16	0
9.165	0
9.17	0
9.175	0
9.18	0
9.185	0
9.19	0
9.195	0
9.2	0
9.205	0
9.21	0
9.215	0
9.22	0
9.225	0
9.23	0
9.235	0
9.24	0
9.245	0
9.25	0
9.255	0
9.26	0
9.265	0
9.27	0
9.275	0
9.28	0
9.285	0
9.29	0
9.295	0
9.3	0
9.305	0
9.31	0
9.315	0
9.32	0
9.325	0
9.33	0
9.335	0
9.34	0
9.345	0
9.35	0
9.355	0
9.36	0
9.365	0
9.37	0
9.375	0
9.38	0
9.385	0
9.39	0
9.395	0
9.4	0
9.405	0
9.41	0
9.415	0
9.42	0
9.425	0
9.43	0
9.435	0
9.44	0
9.445	0
9.45	0
9.455	0
9.46	0
9.465	0
9.47	0
9.475	0
9.48	0
9.485	0
9.49	0
9.495	0
9.5	0
9.505	0
9.51	0
9.515	0
9.52	0
9.525	0
9.53	0
9.535	0
9.54	0
9.545	0
9.55	0
9.555	0
9.56	0
9.565	0
9.57	0
9.575	0
9.58	0
9.585	0
9.59	0
9.595	0
9.6	0
9.605	0
9.61	0
9.615	0
9.62	0
9.625	0
9.63	0
9.635	0
9.64	0
9.645	0
9.65	0
9.655	0
9.66	0
9.665	0
9.67	0
9.675	0
9.68	0
9.685	0
9.69	0
9.695	0
9.7	0
9.705	0
9.71	0
9.715	0
9.72	0
9.725	0
9.73	0
9.735	0
9.74	0
9.745	0
9.75	0
9.755	0
9.76	0
9.765	0
9.77	0
9.775	0
9.78	0
9.785	0
9.79	0
9.795	0
9.8	0
9.805	0
9.81	0
9.815	0
9.82	0
9.825	0
9.83	0
9.835	0
9.84	0
9.845	0
9.85	0
9.855	0
9.86	0
9.865	0
9.87	0
9.875	0
9.88	0
9.885	0
9.89	0
9.895	0
9.9	0
9.905	0
9.91	0
9.915	0
9.92	0
9.925	0
9.93	0
9.935	0
9.94	0
9.945	0
9.95	0
9.955	0
9.96	0
9.965	0
9.97	0
9.975	0
9.98	0
9.985	0
9.99	0
9.995	0
10	0
