0.005	0.219104
0.01	0.332406
0.015	0.199459
0.02	0.142201
0.025	0.110243
0.03	0.0898362
0.035	0.075677
0.04	0.0652755
0.045	0.0573175
0.05	0.0510338
0.055	0.0459493
0.06	0.0417485
0.065	0.0382198
0.07	0.0352188
0.075	0.032633
0.08	0.030381
0.085	0.028412
0.09	0.0266758
0.095	0.0251288
0.1	0.0237639
0.105	0.0225469
0.11	0.0214417
0.115	0.0204607
0.12	0.0195827
0.125	0.0187729
0.13	0.0180285
0.135	0.0173563
0.14	0.016722
0.145	0.016157
0.15	0.0156986
0.155	0.0151932
0.16	0.0146271
0.165	0.0143586
0.17	0.0139727
0.175	0.0136196
0.18	0.0132245
0.185	0.0128732
0.19	0.0125935
0.195	0.0123322
0.2	0.0120378
0.205	0.0117343
0.21	0.0114599
0.215	0.0111778
0.22	0.0109535
0.225	0.0106939
0.23	0.0104539
0.235	0.0102166
0.24	0.00999041
0.245	0.00976858
0.25	0.00955752
0.255	0.00933013
0.26	0.00916257
0.265	0.00897128
0.27	0.00878235
0.275	0.00859489
0.28	0.00841296
0.285	0.00825517
0.29	0.00807615
0.295	0.00791781
0.3	0.00774828
0.305	0.00759061
0.31	0.00742968
0.315	0.00728144
0.32	0.007144
0.325	0.00701249
0.33	0.00688337
0.335	0.00675734
0.34	0.00665098
0.345	0.00654777
0.35	0.00643979
0.355	0.00631122
0.36	0.00618333
0.365	0.0060762
0.37	0.00599146
0.375	0.00590762
0.38	0.00586237
0.385	0.00577693
0.39	0.00569589
0.395	0.00561724
0.4	0.00554156
0.405	0.00547041
0.41	0.00540595
0.415	0.0053467
0.42	0.00528776
0.425	0.0052363
0.43	0.00518152
0.435	0.00513038
0.44	0.00507994
0.445	0.00503554
0.45	0.00498795
0.455	0.00494015
0.46	0.00489992
0.465	0.00485373
0.47	0.00480742
0.475	0.0047576
0.48	0.00474482
0.485	0.00474029
0.49	0.00467242
0.495	0.00461803
0.5	0.00457628
0.505	0.00454557
0.51	0.0045166
0.515	0.00447687
0.52	0.004436
0.525	0.00441124
0.53	0.00437141
0.535	0.004333
0.54	0.00429129
0.545	0.00425437
0.55	0.00421873
0.555	0.00418394
0.56	0.00414844
0.565	0.00411366
0.57	0.00407813
0.575	0.00404237
0.58	0.00400516
0.585	0.00397221
0.59	0.00393381
0.595	0.00389202
0.6	0.0038651
0.605	0.00384451
0.61	0.00382487
0.615	0.00380216
0.62	0.0037519
0.625	0.00370916
0.63	0.00368206
0.635	0.00365417
0.64	0.00362648
0.645	0.00359809
0.65	0.00357013
0.655	0.00353914
0.66	0.00351055
0.665	0.00348493
0.67	0.00345702
0.675	0.00343074
0.68	0.00340898
0.685	0.00338243
0.69	0.00335174
0.695	0.00332436
0.7	0.00329824
0.705	0.00327876
0.71	0.00325276
0.715	0.00322192
0.72	0.00319585
0.725	0.00316807
0.73	0.00315113
0.735	0.00313357
0.74	0.00311213
0.745	0.00308667
0.75	0.00306369
0.755	0.0030382
0.76	0.00300587
0.765	0.00297512
0.77	0.00295676
0.775	0.00293774
0.78	0.0029167
0.785	0.00289532
0.79	0.00287347
0.795	0.00285215
0.8	0.00283106
0.805	0.00281024
0.81	0.00278958
0.815	0.00277027
0.82	0.00274876
0.825	0.002728
0.83	0.00270723
0.835	0.00268693
0.84	0.00266554
0.845	0.00263996
0.85	0.00262955
0.855	0.00261532
0.86	0.00259183
0.865	0.00257497
0.87	0.00256245
0.875	0.0025448
0.88	0.00252536
0.885	0.00250697
0.89	0.0024909
0.895	0.00247344
0.9	0.00245706
0.905	0.00244292
0.91	0.00241995
0.915	0.00239812
0.92	0.00238207
0.925	0.00236682
0.93	0.00235138
0.935	0.00233719
0.94	0.00231973
0.945	0.00230198
0.95	0.00228473
0.955	0.00226736
0.96	0.00225002
0.965	0.00223428
0.97	0.00221837
0.975	0.00220317
0.98	0.00218663
0.985	0.00216864
0.99	0.00215358
0.995	0.00214295
1	0.00212802
1.005	0.00211299
1.01	0.00209662
1.015	0.00208007
1.02	0.00206918
1.025	0.00205782
1.03	0.00204267
1.035	0.0020278
1.04	0.00201313
1.045	0.00199859
1.05	0.00198401
1.055	0.00197061
1.06	0.00195696
1.065	0.00194411
1.07	0.00193151
1.075	0.00191941
1.08	0.00190845
1.085	0.00189344
1.09	0.00187851
1.095	0.00186161
1.1	0.00184985
1.105	0.00183755
1.11	0.00182517
1.115	0.00181328
1.12	0.0018019
1.125	0.0017901
1.13	0.0017786
1.135	0.00176697
1.14	0.00175506
1.145	0.00174347
1.15	0.00173239
1.155	0.0017236
1.16	0.00171493
1.165	0.00170374
1.17	0.00169185
1.175	0.00168212
1.18	0.00167212
1.185	0.00166115
1.19	0.00164954
1.195	0.00164008
1.2	0.00163256
1.205	0.00162185
1.21	0.00161134
1.215	0.00160169
1.22	0.001592
1.225	0.00158292
1.23	0.00157322
1.235	0.00156416
1.24	0.00155423
1.245	0.00154535
1.25	0.00153655
1.255	0.00152705
1.26	0.00151756
1.265	0.00150927
1.27	0.00150023
1.275	0.00149139
1.28	0.00148212
1.285	0.00147348
1.29	0.00146476
1.295	0.00145626
1.3	0.00144801
1.305	0.00143936
1.31	0.00143096
1.315	0.00142262
1.32	0.00141408
1.325	0.00140505
1.33	0.00139605
1.335	0.0013872
1.34	0.00137911
1.345	0.00137048
1.35	0.00136338
1.355	0.00135852
1.36	0.00135141
1.365	0.0013418
1.37	0.00133297
1.375	0.00132603
1.38	0.00131859
1.385	0.00131096
1.39	0.00130326
1.395	0.00129629
1.4	0.00129022
1.405	0.00128315
1.41	0.00127606
1.415	0.00126911
1.42	0.00126249
1.425	0.00125591
1.43	0.00124944
1.435	0.0012429
1.44	0.00123594
1.445	0.00123065
1.45	0.001226
1.455	0.00122036
1.46	0.00121442
1.465	0.00120899
1.47	0.00120354
1.475	0.00119805
1.48	0.00119258
1.485	0.00118708
1.49	0.00118148
1.495	0.00117588
1.5	0.00117034
1.505	0.00116506
1.51	0.00115968
1.515	0.0011544
1.52	0.00114944
1.525	0.0011445
1.53	0.00113947
1.535	0.00113447
1.54	0.00112955
1.545	0.00112469
1.55	0.00112008
1.555	0.00111544
1.56	0.00111068
1.565	0.00110586
1.57	0.00110121
1.575	0.00109655
1.58	0.00109199
1.585	0.00108735
1.59	0.00108298
1.595	0.00107872
1.6	0.00107458
1.605	0.0010704
1.61	0.00106622
1.615	0.00106202
1.62	0.0010579
1.625	0.00105387
1.63	0.00104983
1.635	0.00104577
1.64	0.00104171
1.645	0.0010377
1.65	0.00103387
1.655	0.0010302
1.66	0.00102623
1.665	0.00102239
1.67	0.00101808
1.675	0.00101523
1.68	0.00101223
1.685	0.00100791
1.69	0.00100429
1.695	0.00100135
1.7	0.00099757
1.705	0.000993659
1.71	0.000989395
1.715	0.000985299
1.72	0.000981566
1.725	0.000978973
1.73	0.000975255
1.735	0.000971509
1.74	0.000967786
1.745	0.000964084
1.75	0.000960376
1.755	0.000956635
1.76	0.000952954
1.765	0.000949133
1.77	0.000945329
1.775	0.000941369
1.78	0.000937593
1.785	0.000934962
1.79	0.00093161
1.795	0.000928046
1.8	0.000924592
1.805	0.000921161
1.81	0.000917775
1.815	0.000914272
1.82	0.000911027
1.825	0.000907865
1.83	0.000904733
1.835	0.000901691
1.84	0.000898594
1.845	0.000895321
1.85	0.000892317
1.855	0.000889399
1.86	0.00088656
1.865	0.000883803
1.87	0.00088107
1.875	0.000878271
1.88	0.000875373
1.885	0.000872385
1.89	0.000869534
1.895	0.000866438
1.9	0.00086422
1.905	0.000861744
1.91	0.00085945
1.915	0.00085631
1.92	0.00085333
1.925	0.000850449
1.93	0.000847432
1.935	0.000844541
1.94	0.000841666
1.945	0.000838785
1.95	0.000835884
1.955	0.000833029
1.96	0.000830207
1.965	0.000827361
1.97	0.000824503
1.975	0.00082165
1.98	0.0008188
1.985	0.000815888
1.99	0.000813209
1.995	0.000809717
2	0.000806722
2.005	0.000803735
2.01	0.000800734
2.015	0.000797729
2.02	0.000794772
2.025	0.000791759
2.03	0.000788882
2.035	0.00078593
2.04	0.000782928
2.045	0.000779901
2.05	0.000776848
2.055	0.000773847
2.06	0.000770911
2.065	0.000768013
2.07	0.00076518
2.075	0.000762333
2.08	0.000759563
2.085	0.000756974
2.09	0.000753813
2.095	0.000750824
2.1	0.000748333
2.105	0.000744975
2.11	0.000741782
2.115	0.000739328
2.12	0.000736516
2.125	0.000733609
2.13	0.000730656
2.135	0.000727978
2.14	0.000725145
2.145	0.000721545
2.15	0.000718427
2.155	0.000716123
2.16	0.000713199
2.165	0.000710287
2.17	0.000707381
2.175	0.00070434
2.18	0.000701401
2.185	0.000698362
2.19	0.000695416
2.195	0.000692923
2.2	0.000689939
2.205	0.000686869
2.21	0.000683922
2.215	0.000681049
2.22	0.000677917
2.225	0.000674813
2.23	0.000672027
2.235	0.000669065
2.24	0.000666275
2.245	0.0006632
2.25	0.000660354
2.255	0.000657288
2.26	0.000653906
2.265	0.000650867
2.27	0.000647804
2.275	0.000644725
2.28	0.00064163
2.285	0.000638522
2.29	0.000635351
2.295	0.000632171
2.3	0.000628922
2.305	0.000625503
2.31	0.000622958
2.315	0.000620486
2.32	0.000617794
2.325	0.000614749
2.33	0.000611045
2.335	0.000607892
2.34	0.000604816
2.345	0.000601823
2.35	0.000598833
2.355	0.000595836
2.36	0.000592832
2.365	0.000589824
2.37	0.000586831
2.375	0.000583769
2.38	0.000580612
2.385	0.000577544
2.39	0.000574507
2.395	0.000571457
2.4	0.000568453
2.405	0.000565471
2.41	0.000562601
2.415	0.000559753
2.42	0.000556824
2.425	0.000553708
2.43	0.000550694
2.435	0.000547671
2.44	0.000544626
2.445	0.000541799
2.45	0.00053888
2.455	0.000535948
2.46	0.000532999
2.465	0.000530075
2.47	0.000526871
2.475	0.000523876
2.48	0.000520886
2.485	0.000517908
2.49	0.00051497
2.495	0.000512036
2.5	0.000508935
2.505	0.000505937
2.51	0.000502972
2.515	0.000500179
2.52	0.000497225
2.525	0.000494057
2.53	0.000491165
2.535	0.000488621
2.54	0.000485563
2.545	0.00048264
2.55	0.000479468
2.555	0.000476373
2.56	0.000473388
2.565	0.000470429
2.57	0.000467492
2.575	0.000464554
2.58	0.000461617
2.585	0.000458679
2.59	0.00045541
2.595	0.000452272
2.6	0.000449419
2.605	0.000446547
2.61	0.000443664
2.615	0.000440775
2.62	0.000437897
2.625	0.000435071
2.63	0.000432044
2.635	0.000428942
2.64	0.000426025
2.645	0.000423151
2.65	0.000420294
2.655	0.000417448
2.66	0.000414612
2.665	0.00041179
2.67	0.000408978
2.675	0.000406167
2.68	0.000403357
2.685	0.000400531
2.69	0.000397725
2.695	0.000394954
2.7	0.000392195
2.705	0.000389435
2.71	0.000386732
2.715	0.000384016
2.72	0.000381336
2.725	0.000378657
2.73	0.000375977
2.735	0.0003733
2.74	0.00037064
2.745	0.000368017
2.75	0.000365352
2.755	0.000362355
2.76	0.000359916
2.765	0.00035752
2.77	0.000354927
2.775	0.000352425
2.78	0.000349704
2.785	0.000347153
2.79	0.000344529
2.795	0.00034195
2.8	0.000339374
2.805	0.000336812
2.81	0.000334257
2.815	0.000331717
2.82	0.000329196
2.825	0.000326693
2.83	0.000324203
2.835	0.000321728
2.84	0.000319278
2.845	0.000316866
2.85	0.000314347
2.855	0.000311777
2.86	0.00030914
2.865	0.000306763
2.87	0.0003044
2.875	0.000302038
2.88	0.000299687
2.885	0.000297349
2.89	0.000295019
2.895	0.0002927
2.9	0.000290406
2.905	0.000288122
2.91	0.000285864
2.915	0.000283623
2.92	0.000281393
2.925	0.000279173
2.93	0.000276979
2.935	0.0002748
2.94	0.000272642
2.945	0.00027052
2.95	0.000268233
2.955	0.000266028
2.96	0.000263733
2.965	0.000261624
2.97	0.000259542
2.975	0.000257474
2.98	0.000255413
2.985	0.00025336
2.99	0.000251317
2.995	0.000249286
3	0.000247261
3.005	0.000245246
3.01	0.000243242
3.015	0.000241248
3.02	0.000239266
3.025	0.000237294
3.03	0.00023534
3.035	0.000233401
3.04	0.000231483
3.045	0.000229576
3.05	0.000227686
3.055	0.000225806
3.06	0.00022394
3.065	0.000222098
3.07	0.000220266
3.075	0.000218446
3.08	0.000216637
3.085	0.000214839
3.09	0.000213053
3.095	0.000211308
3.1	0.000209586
3.105	0.000207887
3.11	0.000206211
3.115	0.000204552
3.12	0.000202911
3.125	0.000201298
3.13	0.000199695
3.135	0.000198102
3.14	0.000196525
3.145	0.000194958
3.15	0.000193401
3.155	0.000191854
3.16	0.000190321
3.165	0.000188798
3.17	0.000187292
3.175	0.000185803
3.18	0.000184333
3.185	0.000182878
3.19	0.000181436
3.195	0.000179844
3.2	0.000178392
3.205	0.000176994
3.21	0.000175672
3.215	0.000174306
3.22	0.000172959
3.225	0.000171646
3.23	0.000170355
3.235	0.000168886
3.24	0.000167605
3.245	0.000166415
3.25	0.000165222
3.255	0.000164032
3.26	0.00016286
3.265	0.000161725
3.27	0.000160716
3.275	0.000159813
3.28	0.000158777
3.285	0.000157753
3.29	0.000156749
3.295	0.000155752
3.3	0.000154773
3.305	0.000153814
3.31	0.000152869
3.315	0.000151936
3.32	0.000151033
3.325	0.000150152
3.33	0.000149307
3.335	0.000148468
3.34	0.000147647
3.345	0.000146841
3.35	0.000146038
3.355	0.000145239
3.36	0.000144443
3.365	0.000143657
3.37	0.000142892
3.375	0.000142153
3.38	0.000141434
3.385	0.000140723
3.39	0.000140012
3.395	0.000139302
3.4	0.000138592
3.405	0.000137893
3.41	0.000137199
3.415	0.00013651
3.42	0.000135844
3.425	0.000135181
3.43	0.000134522
3.435	0.000133866
3.44	0.000133212
3.445	0.000132571
3.45	0.000131931
3.455	0.000131279
3.46	0.000130664
3.465	0.000129999
3.47	0.000129372
3.475	0.000128735
3.48	0.000128104
3.485	0.000127485
3.49	0.000126877
3.495	0.000126278
3.5	0.000125681
3.505	0.000125086
3.51	0.0001245
3.515	0.000123922
3.52	0.000123343
3.525	0.000122764
3.53	0.000122185
3.535	0.000121606
3.54	0.000121026
3.545	0.000120445
3.55	0.000119865
3.555	0.000119284
3.56	0.000118704
3.565	0.000118131
3.57	0.000117574
3.575	0.000117019
3.58	0.000116467
3.585	0.000115918
3.59	0.000115368
3.595	0.000114817
3.6	0.000114265
3.605	0.000113713
3.61	0.000113169
3.615	0.000112628
3.62	0.000112087
3.625	0.000111546
3.63	0.000111004
3.635	0.000110467
3.64	0.000109933
3.645	0.000109404
3.65	0.000108876
3.655	0.000108351
3.66	0.000107825
3.665	0.000107299
3.67	0.000106773
3.675	0.000106251
3.68	0.00010573
3.685	0.000105208
3.69	0.000104686
3.695	0.000104164
3.7	0.000103644
3.705	0.000103127
3.71	0.00010262
3.715	0.000102244
3.72	0.000101588
3.725	0.000101181
3.73	0.000100581
3.735	0.000100136
3.74	9.95723e-05
3.745	9.91024e-05
3.75	9.85676e-05
3.755	9.80839e-05
3.76	9.7563e-05
3.765	9.70695e-05
3.77	9.65604e-05
3.775	9.60647e-05
3.78	9.55607e-05
3.785	9.50707e-05
3.79	9.45799e-05
3.795	9.40927e-05
3.8	9.36043e-05
3.805	9.31176e-05
3.81	9.26309e-05
3.815	9.21049e-05
3.82	9.16108e-05
3.825	9.11239e-05
3.83	9.0645e-05
3.835	9.01668e-05
3.84	8.96892e-05
3.845	8.92128e-05
3.85	8.87417e-05
3.855	8.8271e-05
3.86	8.78009e-05
3.865	8.73315e-05
3.87	8.68638e-05
3.875	8.6397e-05
3.88	8.59309e-05
3.885	8.54657e-05
3.89	8.50025e-05
3.895	8.45412e-05
3.9	8.40813e-05
3.905	8.36253e-05
3.91	8.31738e-05
3.915	8.27232e-05
3.92	8.22735e-05
3.925	8.18273e-05
3.93	8.13735e-05
3.935	8.09598e-05
3.94	8.05051e-05
3.945	8.00969e-05
3.95	7.96421e-05
3.955	7.92233e-05
3.96	7.8797e-05
3.965	7.8371e-05
3.97	7.7947e-05
3.975	7.75241e-05
3.98	7.71153e-05
3.985	7.67152e-05
3.99	7.63218e-05
3.995	7.59341e-05
4	7.55605e-05
4.005	7.51721e-05
4.01	7.47805e-05
4.015	7.44082e-05
4.02	7.4044e-05
4.025	7.3695e-05
4.03	7.3342e-05
4.035	7.30142e-05
4.04	7.26767e-05
4.045	7.2359e-05
4.05	7.20375e-05
4.055	7.17231e-05
4.06	7.14072e-05
4.065	7.10989e-05
4.07	7.07937e-05
4.075	7.0491e-05
4.08	7.01764e-05
4.085	6.99053e-05
4.09	6.96172e-05
4.095	6.935e-05
4.1	6.90811e-05
4.105	6.88213e-05
4.11	6.8567e-05
4.115	6.83265e-05
4.12	6.80903e-05
4.125	6.78548e-05
4.13	6.76251e-05
4.135	6.73963e-05
4.14	6.71702e-05
4.145	6.69432e-05
4.15	6.67182e-05
4.155	6.64954e-05
4.16	6.62754e-05
4.165	6.60567e-05
4.17	6.58383e-05
4.175	6.56203e-05
4.18	6.54031e-05
4.185	6.51878e-05
4.19	6.49781e-05
4.195	6.47706e-05
4.2	6.45631e-05
4.205	6.43557e-05
4.21	6.41505e-05
4.215	6.39455e-05
4.22	6.37405e-05
4.225	6.35353e-05
4.23	6.33301e-05
4.235	6.31251e-05
4.24	6.29209e-05
4.245	6.27183e-05
4.25	6.25155e-05
4.255	6.23127e-05
4.26	6.21097e-05
4.265	6.19065e-05
4.27	6.17032e-05
4.275	6.14998e-05
4.28	6.12962e-05
4.285	6.10925e-05
4.29	6.08891e-05
4.295	6.06851e-05
4.3	6.0481e-05
4.305	6.02768e-05
4.31	6.00725e-05
4.315	5.98693e-05
4.32	5.9666e-05
4.325	5.94626e-05
4.33	5.92589e-05
4.335	5.90553e-05
4.34	5.88517e-05
4.345	5.8648e-05
4.35	5.8444e-05
4.355	5.82399e-05
4.36	5.80357e-05
4.365	5.78321e-05
4.37	5.76283e-05
4.375	5.74244e-05
4.38	5.72202e-05
4.385	5.70159e-05
4.39	5.68114e-05
4.395	5.66067e-05
4.4	5.64018e-05
4.405	5.61968e-05
4.41	5.59918e-05
4.415	5.57867e-05
4.42	5.55814e-05
4.425	5.53759e-05
4.43	5.51732e-05
4.435	5.49728e-05
4.44	5.47774e-05
4.445	5.45827e-05
4.45	5.43878e-05
4.455	5.41926e-05
4.46	5.39972e-05
4.465	5.38021e-05
4.47	5.36083e-05
4.475	5.34142e-05
4.48	5.32198e-05
4.485	5.30252e-05
4.49	5.28303e-05
4.495	5.26352e-05
4.5	5.24399e-05
4.505	5.22443e-05
4.51	5.20484e-05
4.515	5.18476e-05
4.52	5.1634e-05
4.525	5.14407e-05
4.53	5.12434e-05
4.535	5.10476e-05
4.54	5.08515e-05
4.545	5.06555e-05
4.55	5.04594e-05
4.555	5.02631e-05
4.56	5.00668e-05
4.565	4.98702e-05
4.57	4.96736e-05
4.575	4.94768e-05
4.58	4.92799e-05
4.585	4.90828e-05
4.59	4.88855e-05
4.595	4.86882e-05
4.6	4.84907e-05
4.605	4.82931e-05
4.61	4.80953e-05
4.615	4.78975e-05
4.62	4.76996e-05
4.625	4.75015e-05
4.63	4.73038e-05
4.635	4.71065e-05
4.64	4.6909e-05
4.645	4.67115e-05
4.65	4.65139e-05
4.655	4.63163e-05
4.66	4.61187e-05
4.665	4.5921e-05
4.67	4.57233e-05
4.675	4.55256e-05
4.68	4.53278e-05
4.685	4.51301e-05
4.69	4.49325e-05
4.695	4.4739e-05
4.7	4.45417e-05
4.705	4.43437e-05
4.71	4.41461e-05
4.715	4.39485e-05
4.72	4.37512e-05
4.725	4.35541e-05
4.73	4.33571e-05
4.735	4.31603e-05
4.74	4.29635e-05
4.745	4.27669e-05
4.75	4.25705e-05
4.755	4.23756e-05
4.76	4.21808e-05
4.765	4.19873e-05
4.77	4.1794e-05
4.775	4.16008e-05
4.78	4.14083e-05
4.785	4.12168e-05
4.79	4.10253e-05
4.795	4.08341e-05
4.8	4.06431e-05
4.805	4.04523e-05
4.81	4.02617e-05
4.815	4.00715e-05
4.82	3.98824e-05
4.825	3.96936e-05
4.83	3.95049e-05
4.835	3.93164e-05
4.84	3.91282e-05
4.845	3.89402e-05
4.85	3.87524e-05
4.855	3.85657e-05
4.86	3.83794e-05
4.865	3.81933e-05
4.87	3.80075e-05
4.875	3.78221e-05
4.88	3.7637e-05
4.885	3.74521e-05
4.89	3.72676e-05
4.895	3.70833e-05
4.9	3.68993e-05
4.905	3.67157e-05
4.91	3.65324e-05
4.915	3.63494e-05
4.92	3.61668e-05
4.925	3.59846e-05
4.93	3.58026e-05
4.935	3.56211e-05
4.94	3.544e-05
4.945	3.52597e-05
4.95	3.50797e-05
4.955	3.49002e-05
4.96	3.4721e-05
4.965	3.45423e-05
4.97	3.43639e-05
4.975	3.4186e-05
4.98	3.40085e-05
4.985	3.38315e-05
4.99	3.36553e-05
4.995	3.34795e-05
5	3.33042e-05
5.005	3.31293e-05
5.01	3.29549e-05
5.015	3.27876e-05
5.02	3.26024e-05
5.025	3.24398e-05
5.03	3.22608e-05
5.035	3.20967e-05
5.04	3.19179e-05
5.045	3.17552e-05
5.05	3.15832e-05
5.055	3.14126e-05
5.06	3.12433e-05
5.065	3.1075e-05
5.07	3.09077e-05
5.075	3.0741e-05
5.08	3.05751e-05
5.085	3.04096e-05
5.09	3.02443e-05
5.095	3.00796e-05
5.1	2.99156e-05
5.105	2.97521e-05
5.11	2.95893e-05
5.115	2.9427e-05
5.12	2.92654e-05
5.125	2.91043e-05
5.13	2.8944e-05
5.135	2.87848e-05
5.14	2.86265e-05
5.145	2.84689e-05
5.15	2.8312e-05
5.155	2.81557e-05
5.16	2.8e-05
5.165	2.7845e-05
5.17	2.76906e-05
5.175	2.75369e-05
5.18	2.73838e-05
5.185	2.72314e-05
5.19	2.70798e-05
5.195	2.69295e-05
5.2	2.67797e-05
5.205	2.66307e-05
5.21	2.64823e-05
5.215	2.63346e-05
5.22	2.61876e-05
5.225	2.60413e-05
5.23	2.58956e-05
5.235	2.57506e-05
5.24	2.56063e-05
5.245	2.54628e-05
5.25	2.53199e-05
5.255	2.51778e-05
5.26	2.50363e-05
5.265	2.48959e-05
5.27	2.47566e-05
5.275	2.4618e-05
5.28	2.44762e-05
5.285	2.43346e-05
5.29	2.41973e-05
5.295	2.40609e-05
5.3	2.39257e-05
5.305	2.37913e-05
5.31	2.36576e-05
5.315	2.35247e-05
5.32	2.33925e-05
5.325	2.3261e-05
5.33	2.31302e-05
5.335	2.30004e-05
5.34	2.28713e-05
5.345	2.27429e-05
5.35	2.26153e-05
5.355	2.24883e-05
5.36	2.23621e-05
5.365	2.22366e-05
5.37	2.21118e-05
5.375	2.19881e-05
5.38	2.18655e-05
5.385	2.17436e-05
5.39	2.16224e-05
5.395	2.15019e-05
5.4	2.13821e-05
5.405	2.12632e-05
5.41	2.11452e-05
5.415	2.10283e-05
5.42	2.09123e-05
5.425	2.07985e-05
5.43	2.06813e-05
5.435	2.05625e-05
5.44	2.04507e-05
5.445	2.03395e-05
5.45	2.02293e-05
5.455	2.01208e-05
5.46	2.00134e-05
5.465	1.99076e-05
5.47	1.98025e-05
5.475	1.96981e-05
5.48	1.95946e-05
5.485	1.94922e-05
5.49	1.93904e-05
5.495	1.92894e-05
5.5	1.91892e-05
5.505	1.90897e-05
5.51	1.89922e-05
5.515	1.88954e-05
5.52	1.87993e-05
5.525	1.87038e-05
5.53	1.86098e-05
5.535	1.85167e-05
5.54	1.84254e-05
5.545	1.83347e-05
5.55	1.82446e-05
5.555	1.81555e-05
5.56	1.80672e-05
5.565	1.79795e-05
5.57	1.78922e-05
5.575	1.78055e-05
5.58	1.77193e-05
5.585	1.7634e-05
5.59	1.75504e-05
5.595	1.74676e-05
5.6	1.7386e-05
5.605	1.73054e-05
5.61	1.72254e-05
5.615	1.71458e-05
5.62	1.70668e-05
5.625	1.69883e-05
5.63	1.69103e-05
5.635	1.68333e-05
5.64	1.67567e-05
5.645	1.66805e-05
5.65	1.66047e-05
5.655	1.65298e-05
5.66	1.64554e-05
5.665	1.63817e-05
5.67	1.63083e-05
5.675	1.62357e-05
5.68	1.61642e-05
5.685	1.60931e-05
5.69	1.60227e-05
5.695	1.59526e-05
5.7	1.58829e-05
5.705	1.58139e-05
5.71	1.57455e-05
5.715	1.56774e-05
5.72	1.561e-05
5.725	1.5543e-05
5.73	1.54766e-05
5.735	1.54105e-05
5.74	1.53448e-05
5.745	1.52794e-05
5.75	1.52142e-05
5.755	1.51494e-05
5.76	1.50849e-05
5.765	1.50206e-05
5.77	1.49566e-05
5.775	1.48932e-05
5.78	1.48302e-05
5.785	1.47674e-05
5.79	1.47049e-05
5.795	1.46426e-05
5.8	1.45807e-05
5.805	1.4519e-05
5.81	1.44575e-05
5.815	1.43964e-05
5.82	1.43355e-05
5.825	1.42749e-05
5.83	1.42147e-05
5.835	1.41547e-05
5.84	1.40949e-05
5.845	1.40354e-05
5.85	1.39762e-05
5.855	1.39172e-05
5.86	1.38584e-05
5.865	1.37999e-05
5.87	1.37416e-05
5.875	1.36835e-05
5.88	1.36258e-05
5.885	1.35684e-05
5.89	1.35113e-05
5.895	1.34544e-05
5.9	1.33977e-05
5.905	1.33412e-05
5.91	1.32851e-05
5.915	1.32292e-05
5.92	1.31735e-05
5.925	1.3118e-05
5.93	1.30627e-05
5.935	1.30077e-05
5.94	1.29529e-05
5.945	1.28983e-05
5.95	1.28439e-05
5.955	1.27897e-05
5.96	1.27358e-05
5.965	1.2682e-05
5.97	1.26285e-05
5.975	1.25751e-05
5.98	1.2522e-05
5.985	1.24692e-05
5.99	1.24165e-05
5.995	1.23641e-05
6	1.23119e-05
6.005	1.22599e-05
6.01	1.22081e-05
6.015	1.21564e-05
6.02	1.2105e-05
6.025	1.20538e-05
6.03	1.20028e-05
6.035	1.19522e-05
6.04	1.19017e-05
6.045	1.18515e-05
6.05	1.18014e-05
6.055	1.17515e-05
6.06	1.17018e-05
6.065	1.16524e-05
6.07	1.16031e-05
6.075	1.1554e-05
6.08	1.15051e-05
6.085	1.14564e-05
6.09	1.14079e-05
6.095	1.13597e-05
6.1	1.13115e-05
6.105	1.12636e-05
6.11	1.12159e-05
6.115	1.11684e-05
6.12	1.1121e-05
6.125	1.10739e-05
6.13	1.10269e-05
6.135	1.09802e-05
6.14	1.09336e-05
6.145	1.08872e-05
6.15	1.0841e-05
6.155	1.07949e-05
6.16	1.07491e-05
6.165	1.07034e-05
6.17	1.0658e-05
6.175	1.06131e-05
6.18	1.05684e-05
6.185	1.05239e-05
6.19	1.04796e-05
6.195	1.04355e-05
6.2	1.03915e-05
6.205	1.03477e-05
6.21	1.03067e-05
6.215	1.02647e-05
6.22	1.02218e-05
6.225	1.01787e-05
6.23	1.01359e-05
6.235	1.00934e-05
6.24	1.0051e-05
6.245	1.00088e-05
6.25	9.96679e-06
6.255	9.95266e-06
6.26	9.8926e-06
6.265	9.85185e-06
6.27	9.81103e-06
6.275	9.7704e-06
6.28	9.72993e-06
6.285	9.68961e-06
6.29	9.64944e-06
6.295	9.60946e-06
6.3	9.56966e-06
6.305	9.53013e-06
6.31	9.49079e-06
6.315	9.4516e-06
6.32	9.41256e-06
6.325	9.37366e-06
6.33	9.30002e-06
6.335	9.27857e-06
6.34	9.24427e-06
6.345	9.20638e-06
6.35	9.16878e-06
6.355	9.13151e-06
6.36	9.09438e-06
6.365	9.05735e-06
6.37	9.02044e-06
6.375	8.98364e-06
6.38	8.94695e-06
6.385	8.91037e-06
6.39	8.87391e-06
6.395	8.83755e-06
6.4	8.80131e-06
6.405	8.76517e-06
6.41	8.72915e-06
6.415	8.69326e-06
6.42	8.65755e-06
6.425	8.62197e-06
6.43	8.58649e-06
6.435	8.55114e-06
6.44	8.5159e-06
6.445	8.48081e-06
6.45	8.44585e-06
6.455	8.41101e-06
6.46	8.37629e-06
6.465	8.34169e-06
6.47	8.30721e-06
6.475	8.27286e-06
6.48	8.23863e-06
6.485	8.20453e-06
6.49	8.17054e-06
6.495	8.13669e-06
6.5	8.10295e-06
6.505	8.06934e-06
6.51	8.03586e-06
6.515	8.0025e-06
6.52	7.96926e-06
6.525	7.93614e-06
6.53	7.90329e-06
6.535	7.87057e-06
6.54	7.83797e-06
6.545	7.80549e-06
6.55	7.77313e-06
6.555	7.7409e-06
6.56	7.70878e-06
6.565	7.67678e-06
6.57	7.6449e-06
6.575	7.61313e-06
6.58	7.58152e-06
6.585	7.55009e-06
6.59	7.51878e-06
6.595	7.4876e-06
6.6	7.45655e-06
6.605	7.42562e-06
6.61	7.3948e-06
6.615	7.36409e-06
6.62	7.33349e-06
6.625	7.30301e-06
6.63	7.27264e-06
6.635	7.24238e-06
6.64	7.21229e-06
6.645	7.18238e-06
6.65	7.15258e-06
6.655	7.12288e-06
6.66	7.09334e-06
6.665	7.06397e-06
6.67	7.03471e-06
6.675	7.00555e-06
6.68	6.97657e-06
6.685	6.94772e-06
6.69	6.91896e-06
6.695	6.89031e-06
6.7	6.86176e-06
6.705	6.83332e-06
6.71	6.80497e-06
6.715	6.77672e-06
6.72	6.74857e-06
6.725	6.72055e-06
6.73	6.69268e-06
6.735	6.6649e-06
6.74	6.63721e-06
6.745	6.60962e-06
6.75	6.58212e-06
6.755	6.55471e-06
6.76	6.52739e-06
6.765	6.50018e-06
6.77	6.47312e-06
6.775	6.44614e-06
6.78	6.41927e-06
6.785	6.39249e-06
6.79	6.3658e-06
6.795	6.33919e-06
6.8	6.31268e-06
6.805	6.28625e-06
6.81	6.25991e-06
6.815	6.23366e-06
6.82	6.2075e-06
6.825	6.18142e-06
6.83	6.15544e-06
6.835	6.12879e-06
6.84	6.10387e-06
6.845	6.07739e-06
6.85	6.05244e-06
6.855	6.02619e-06
6.86	6.00063e-06
6.865	5.97549e-06
6.87	5.95026e-06
6.875	5.92507e-06
6.88	5.9e-06
6.885	5.87503e-06
6.89	5.85013e-06
6.895	5.82532e-06
6.9	5.8006e-06
6.905	5.77596e-06
6.91	5.7514e-06
6.915	5.72693e-06
6.92	5.70254e-06
6.925	5.67823e-06
6.93	5.65401e-06
6.935	5.62987e-06
6.94	5.60582e-06
6.945	5.58185e-06
6.95	5.55796e-06
6.955	5.53415e-06
6.96	5.51043e-06
6.965	5.48679e-06
6.97	5.46323e-06
6.975	5.43975e-06
6.98	5.41636e-06
6.985	5.39305e-06
6.99	5.36982e-06
6.995	5.34668e-06
7	5.32361e-06
7.005	5.30063e-06
7.01	5.27773e-06
7.015	5.25492e-06
7.02	5.23218e-06
7.025	5.20953e-06
7.03	5.18695e-06
7.035	5.16446e-06
7.04	5.14206e-06
7.045	5.11973e-06
7.05	5.09748e-06
7.055	5.07532e-06
7.06	5.05323e-06
7.065	5.03123e-06
7.07	5.00931e-06
7.075	4.98747e-06
7.08	4.96571e-06
7.085	4.94403e-06
7.09	4.92243e-06
7.095	4.90092e-06
7.1	4.87948e-06
7.105	4.85812e-06
7.11	4.83685e-06
7.115	4.81565e-06
7.12	4.79454e-06
7.125	4.7735e-06
7.13	4.75255e-06
7.135	4.73167e-06
7.14	4.70795e-06
7.145	4.68883e-06
7.15	4.67324e-06
7.155	4.64741e-06
7.16	4.62663e-06
7.165	4.61145e-06
7.17	4.58637e-06
7.175	4.56589e-06
7.18	4.55073e-06
7.185	4.52618e-06
7.19	4.50588e-06
7.195	4.48728e-06
7.2	4.46684e-06
7.205	4.44774e-06
7.21	4.42869e-06
7.215	4.40921e-06
7.22	4.38962e-06
7.225	4.37019e-06
7.23	4.35092e-06
7.235	4.33177e-06
7.24	4.3127e-06
7.245	4.29369e-06
7.25	4.27476e-06
7.255	4.2559e-06
7.26	4.23712e-06
7.265	4.21841e-06
7.27	4.19978e-06
7.275	4.18125e-06
7.28	4.16281e-06
7.285	4.14445e-06
7.29	4.12616e-06
7.295	4.10795e-06
7.3	4.08981e-06
7.305	4.07174e-06
7.31	4.05376e-06
7.315	4.03584e-06
7.32	4.01801e-06
7.325	4.00026e-06
7.33	3.98261e-06
7.335	3.96506e-06
7.34	3.94758e-06
7.345	3.93017e-06
7.35	3.91284e-06
7.355	3.89558e-06
7.36	3.87839e-06
7.365	3.86128e-06
7.37	3.84424e-06
7.375	3.82727e-06
7.38	3.81038e-06
7.385	3.79355e-06
7.39	3.7768e-06
7.395	3.76012e-06
7.4	3.74352e-06
7.405	3.72699e-06
7.41	3.71053e-06
7.415	3.69414e-06
7.42	3.67783e-06
7.425	3.6616e-06
7.43	3.64548e-06
7.435	3.62942e-06
7.44	3.61343e-06
7.445	3.59752e-06
7.45	3.58167e-06
7.455	3.56589e-06
7.46	3.55018e-06
7.465	3.53454e-06
7.47	3.51897e-06
7.475	3.50347e-06
7.48	3.48803e-06
7.485	3.47266e-06
7.49	3.45736e-06
7.495	3.44213e-06
7.5	3.42697e-06
7.505	3.41187e-06
7.51	3.39684e-06
7.515	3.38188e-06
7.52	3.36698e-06
7.525	3.35215e-06
7.53	3.3374e-06
7.535	3.32272e-06
7.54	3.30812e-06
7.545	3.29358e-06
7.55	3.2791e-06
7.555	3.2647e-06
7.56	3.25035e-06
7.565	3.23607e-06
7.57	3.22185e-06
7.575	3.2077e-06
7.58	3.19362e-06
7.585	3.17961e-06
7.59	3.16566e-06
7.595	3.15177e-06
7.6	3.13795e-06
7.605	3.12419e-06
7.61	3.11049e-06
7.615	3.09685e-06
7.62	3.08328e-06
7.625	3.06977e-06
7.63	3.05632e-06
7.635	3.04293e-06
7.64	3.0296e-06
7.645	3.01633e-06
7.65	3.00313e-06
7.655	2.98998e-06
7.66	2.97689e-06
7.665	2.96387e-06
7.67	2.9509e-06
7.675	2.93799e-06
7.68	2.92515e-06
7.685	2.91236e-06
7.69	2.89967e-06
7.695	2.88703e-06
7.7	2.87445e-06
7.705	2.86193e-06
7.71	2.84947e-06
7.715	2.83706e-06
7.72	2.82471e-06
7.725	2.81242e-06
7.73	2.80019e-06
7.735	2.78801e-06
7.74	2.77588e-06
7.745	2.76381e-06
7.75	2.7518e-06
7.755	2.73984e-06
7.76	2.72794e-06
7.765	2.71609e-06
7.77	2.7043e-06
7.775	2.69256e-06
7.78	2.68087e-06
7.785	2.66924e-06
7.79	2.65767e-06
7.795	2.64614e-06
7.8	2.63467e-06
7.805	2.62325e-06
7.81	2.61188e-06
7.815	2.60057e-06
7.82	2.58931e-06
7.825	2.5781e-06
7.83	2.56694e-06
7.835	2.55583e-06
7.84	2.54477e-06
7.845	2.53377e-06
7.85	2.52281e-06
7.855	2.51191e-06
7.86	2.50106e-06
7.865	2.49025e-06
7.87	2.4795e-06
7.875	2.46879e-06
7.88	2.45814e-06
7.885	2.44753e-06
7.89	2.43697e-06
7.895	2.42646e-06
7.9	2.416e-06
7.905	2.40559e-06
7.91	2.39523e-06
7.915	2.38491e-06
7.92	2.37464e-06
7.925	2.36442e-06
7.93	2.35424e-06
7.935	2.34412e-06
7.94	2.33403e-06
7.945	2.324e-06
7.95	2.31401e-06
7.955	2.30406e-06
7.96	2.29416e-06
7.965	2.28431e-06
7.97	2.2745e-06
7.975	2.26474e-06
7.98	2.25504e-06
7.985	2.24538e-06
7.99	2.23577e-06
7.995	2.2262e-06
8	2.21667e-06
8.005	2.20719e-06
8.01	2.19775e-06
8.015	2.18835e-06
8.02	2.17899e-06
8.025	2.16968e-06
8.03	2.16041e-06
8.035	2.15118e-06
8.04	2.142e-06
8.045	2.13285e-06
8.05	2.12375e-06
8.055	2.11469e-06
8.06	2.10567e-06
8.065	2.09669e-06
8.07	2.08775e-06
8.075	2.07886e-06
8.08	2.07e-06
8.085	2.06118e-06
8.09	2.0524e-06
8.095	2.04366e-06
8.1	2.03496e-06
8.105	2.0263e-06
8.11	2.01768e-06
8.115	2.00909e-06
8.12	2.00055e-06
8.125	1.99204e-06
8.13	1.98357e-06
8.135	1.97514e-06
8.14	1.96674e-06
8.145	1.95839e-06
8.15	1.95007e-06
8.155	1.94178e-06
8.16	1.93354e-06
8.165	1.92533e-06
8.17	1.91716e-06
8.175	1.90902e-06
8.18	1.90092e-06
8.185	1.89286e-06
8.19	1.88483e-06
8.195	1.87683e-06
8.2	1.86888e-06
8.205	1.86095e-06
8.21	1.85307e-06
8.215	1.84521e-06
8.22	1.83739e-06
8.225	1.82961e-06
8.23	1.82186e-06
8.235	1.81415e-06
8.24	1.80646e-06
8.245	1.79882e-06
8.25	1.7912e-06
8.255	1.78362e-06
8.26	1.77607e-06
8.265	1.76856e-06
8.27	1.76108e-06
8.275	1.75363e-06
8.28	1.74621e-06
8.285	1.73883e-06
8.29	1.73147e-06
8.295	1.72415e-06
8.3	1.71687e-06
8.305	1.70961e-06
8.31	1.70239e-06
8.315	1.69519e-06
8.32	1.68803e-06
8.325	1.6809e-06
8.33	1.6738e-06
8.335	1.66673e-06
8.34	1.65969e-06
8.345	1.65268e-06
8.35	1.6457e-06
8.355	1.63876e-06
8.36	1.63184e-06
8.365	1.62495e-06
8.37	1.61809e-06
8.375	1.61126e-06
8.38	1.60446e-06
8.385	1.59769e-06
8.39	1.59095e-06
8.395	1.58424e-06
8.4	1.57756e-06
8.405	1.5709e-06
8.41	1.56428e-06
8.415	1.55768e-06
8.42	1.55111e-06
8.425	1.54457e-06
8.43	1.53806e-06
8.435	1.53157e-06
8.44	1.52511e-06
8.445	1.51868e-06
8.45	1.51228e-06
8.455	1.5059e-06
8.46	1.49955e-06
8.465	1.49323e-06
8.47	1.48694e-06
8.475	1.48067e-06
8.48	1.47443e-06
8.485	1.46821e-06
8.49	1.46203e-06
8.495	1.45586e-06
8.5	1.44973e-06
8.505	1.44362e-06
8.51	1.43753e-06
8.515	1.43148e-06
8.52	1.42544e-06
8.525	1.41944e-06
8.53	1.41345e-06
8.535	1.4075e-06
8.54	1.40157e-06
8.545	1.39566e-06
8.55	1.38978e-06
8.555	1.38392e-06
8.56	1.37809e-06
8.565	1.37228e-06
8.57	1.3665e-06
8.575	1.36074e-06
8.58	1.355e-06
8.585	1.34929e-06
8.59	1.34361e-06
8.595	1.33794e-06
8.6	1.3323e-06
8.605	1.32669e-06
8.61	1.3211e-06
8.615	1.31553e-06
8.62	1.30998e-06
8.625	1.30446e-06
8.63	1.29896e-06
8.635	1.29348e-06
8.64	1.28803e-06
8.645	1.2826e-06
8.65	1.27719e-06
8.655	1.27181e-06
8.66	1.26644e-06
8.665	1.2611e-06
8.67	1.25404e-06
8.675	1.25063e-06
8.68	1.24475e-06
8.685	1.24074e-06
8.69	1.23345e-06
8.695	1.2299e-06
8.7	1.22404e-06
8.705	1.2198e-06
8.71	1.21262e-06
8.715	1.20921e-06
8.72	1.20353e-06
8.725	1.19938e-06
8.73	1.19232e-06
8.735	1.18893e-06
8.74	1.18335e-06
8.745	1.17927e-06
8.75	1.17232e-06
8.755	1.16899e-06
8.76	1.1635e-06
8.765	1.15948e-06
8.77	1.15266e-06
8.775	1.14937e-06
8.78	1.14398e-06
8.785	1.14002e-06
8.79	1.13331e-06
8.795	1.13007e-06
8.8	1.12478e-06
8.805	1.12087e-06
8.81	1.11429e-06
8.815	1.11109e-06
8.82	1.10589e-06
8.825	1.10204e-06
8.83	1.09557e-06
8.835	1.09242e-06
8.84	1.08731e-06
8.845	1.08352e-06
8.85	1.07716e-06
8.855	1.07406e-06
8.86	1.06903e-06
8.865	1.0653e-06
8.87	1.05905e-06
8.875	1.05599e-06
8.88	1.05105e-06
8.885	1.04738e-06
8.89	1.04124e-06
8.895	1.03822e-06
8.9	1.03337e-06
8.905	1.02817e-06
8.91	1.02513e-06
8.915	1.0204e-06
8.92	1.01536e-06
8.925	1.01227e-06
8.93	1.00744e-06
8.935	1.0024e-06
8.94	9.99424e-07
8.945	9.96867e-07
8.95	9.87118e-07
8.955	9.87167e-07
8.96	9.84686e-07
8.965	9.76362e-07
8.97	9.73144e-07
8.975	9.70655e-07
8.98	9.6245e-07
8.985	9.60044e-07
8.99	9.58262e-07
8.995	9.54637e-07
9	9.49224e-07
9.005	9.43942e-07
9.01	9.4052e-07
9.015	9.3732e-07
9.02	9.32529e-07
9.025	9.29208e-07
9.03	9.25756e-07
9.035	9.20844e-07
9.04	9.15996e-07
9.045	9.13439e-07
9.05	9.10572e-07
9.055	9.05737e-07
9.06	9.00828e-07
9.065	8.97954e-07
9.07	8.9495e-07
9.075	8.90232e-07
9.08	8.85484e-07
9.085	8.82845e-07
9.09	8.79972e-07
9.095	8.75303e-07
9.1	8.70587e-07
9.105	8.67877e-07
9.11	8.65005e-07
9.115	8.60433e-07
9.12	8.55826e-07
9.125	8.53231e-07
9.13	8.50434e-07
9.135	8.45928e-07
9.14	8.41381e-07
9.145	8.38774e-07
9.15	8.36004e-07
9.155	8.31588e-07
9.16	8.27133e-07
9.165	8.24589e-07
9.17	8.21877e-07
9.175	8.17538e-07
9.18	8.13148e-07
9.185	8.10617e-07
9.19	8.07946e-07
9.195	8.03686e-07
9.2	7.99374e-07
9.205	7.96898e-07
9.21	7.94275e-07
9.215	7.90083e-07
9.22	7.85839e-07
9.225	7.83395e-07
9.23	7.81764e-07
9.235	7.77839e-07
9.24	7.75946e-07
9.245	7.66895e-07
9.25	7.63617e-07
9.255	7.63187e-07
9.26	7.62498e-07
9.265	7.60585e-07
9.27	7.50985e-07
9.275	7.48752e-07
9.28	7.48681e-07
9.285	7.46813e-07
9.29	7.38257e-07
9.295	7.36475e-07
9.3	7.36408e-07
9.305	7.34573e-07
9.31	7.25851e-07
9.315	7.23761e-07
9.32	7.23593e-07
9.325	7.21791e-07
9.33	7.13416e-07
9.335	7.11615e-07
9.34	7.11553e-07
9.345	7.09784e-07
9.35	7.01424e-07
9.355	6.99423e-07
9.36	6.99255e-07
9.365	6.97519e-07
9.37	6.89407e-07
9.375	6.87618e-07
9.38	6.87542e-07
9.385	6.85836e-07
9.39	6.77785e-07
9.395	6.75869e-07
9.4	6.75713e-07
9.405	6.74037e-07
9.41	6.6619e-07
9.415	6.64429e-07
9.42	6.64339e-07
9.425	6.62692e-07
9.43	6.54927e-07
9.435	6.53091e-07
9.44	6.52947e-07
9.445	6.51328e-07
9.45	6.43739e-07
9.455	6.42015e-07
9.46	6.41917e-07
9.465	6.40326e-07
9.47	6.32832e-07
9.475	6.31067e-07
9.48	6.30934e-07
9.485	6.2937e-07
9.49	6.22031e-07
9.495	6.2035e-07
9.5	6.20249e-07
9.505	6.1871e-07
9.51	6.11474e-07
9.515	6.09775e-07
9.52	6.09653e-07
9.525	6.08139e-07
9.53	6.01044e-07
9.535	5.99409e-07
9.54	5.9931e-07
9.545	5.9782e-07
9.55	5.9083e-07
9.555	5.89193e-07
9.56	5.89081e-07
9.565	5.87615e-07
9.57	5.80755e-07
9.575	5.79169e-07
9.58	5.79074e-07
9.585	5.77631e-07
9.59	5.70877e-07
9.595	5.69299e-07
9.6	5.69196e-07
9.605	5.67776e-07
9.61	5.61145e-07
9.615	5.60466e-07
9.62	5.5908e-07
9.625	5.54102e-07
9.63	5.54083e-07
9.635	5.52693e-07
9.64	5.47543e-07
9.645	5.4616e-07
9.65	5.45809e-07
9.655	5.44435e-07
9.66	5.37683e-07
9.665	5.36523e-07
9.67	5.35193e-07
9.675	5.30504e-07
9.68	5.30619e-07
9.685	5.29285e-07
9.69	5.25716e-07
9.695	5.24317e-07
9.7	5.22999e-07
9.705	5.173e-07
9.71	5.16236e-07
9.715	5.14943e-07
9.72	5.10518e-07
9.725	5.09647e-07
9.73	5.09795e-07
9.735	5.085e-07
9.74	5.02232e-07
9.745	4.99753e-07
9.75	4.9971e-07
9.755	4.98443e-07
9.76	4.93113e-07
9.765	4.93235e-07
9.77	4.91989e-07
9.775	4.88709e-07
9.78	4.87519e-07
9.785	4.86272e-07
9.79	4.80947e-07
9.795	4.79709e-07
9.8	4.78499e-07
9.805	4.74412e-07
9.81	4.74678e-07
9.815	4.73465e-07
9.82	4.70275e-07
9.825	4.67651e-07
9.83	4.66971e-07
9.835	4.65769e-07
9.84	4.60403e-07
9.845	4.59132e-07
9.85	4.59252e-07
9.855	4.5807e-07
9.86	4.5283e-07
9.865	4.52181e-07
9.87	4.51025e-07
9.875	4.46971e-07
9.88	4.47076e-07
9.885	4.45917e-07
9.89	4.42748e-07
9.895	4.41418e-07
9.9	4.40279e-07
9.905	4.35575e-07
9.91	4.3487e-07
9.915	4.33748e-07
9.92	4.30086e-07
9.925	4.29118e-07
9.93	4.29209e-07
9.935	4.28086e-07
9.94	4.23021e-07
9.945	4.20883e-07
9.95	4.21051e-07
9.955	4.19949e-07
9.96	4.15501e-07
9.965	4.15446e-07
9.97	4.14364e-07
9.975	4.10629e-07
9.98	4.1044e-07
9.985	4.09358e-07
9.99	4.054e-07
9.995	4.04649e-07
10	4.0359e-07
