0.005	1.94476e-07
0.01	3.6113e-07
0.015	3.01315e-07
0.02	2.95624e-07
0.025	3.09128e-07
0.03	3.32062e-07
0.035	3.6052e-07
0.04	3.92596e-07
0.045	4.27288e-07
0.05	4.64063e-07
0.055	5.02651e-07
0.06	5.43041e-07
0.065	5.85206e-07
0.07	6.29261e-07
0.075	6.75375e-07
0.08	7.23859e-07
0.085	7.74974e-07
0.09	8.28995e-07
0.095	8.86404e-07
0.1	9.47544e-07
0.105	1.01277e-06
0.11	1.08253e-06
0.115	1.15727e-06
0.12	1.23775e-06
0.125	1.32224e-06
0.13	1.41086e-06
0.135	1.50573e-06
0.14	1.60723e-06
0.145	1.71294e-06
0.15	1.8387e-06
0.155	1.95447e-06
0.16	2.06656e-06
0.165	2.21812e-06
0.17	2.35492e-06
0.175	2.49287e-06
0.18	2.63702e-06
0.185	2.78342e-06
0.19	2.93457e-06
0.195	3.08168e-06
0.2	3.23757e-06
0.205	3.39163e-06
0.21	3.54261e-06
0.215	3.69602e-06
0.22	3.8393e-06
0.225	3.98652e-06
0.23	4.12636e-06
0.235	4.26026e-06
0.24	4.38829e-06
0.245	4.50971e-06
0.25	4.62574e-06
0.255	4.74148e-06
0.26	4.83402e-06
0.265	4.92464e-06
0.27	5.00665e-06
0.275	5.07661e-06
0.28	5.13662e-06
0.285	5.17937e-06
0.29	5.22395e-06
0.295	5.25492e-06
0.3	5.27924e-06
0.305	5.289e-06
0.31	5.30548e-06
0.315	5.3004e-06
0.32	5.28118e-06
0.325	5.24642e-06
0.33	5.20926e-06
0.335	5.16673e-06
0.34	5.12993e-06
0.345	5.08571e-06
0.35	5.03699e-06
0.355	4.98774e-06
0.36	4.92904e-06
0.365	4.85636e-06
0.37	4.79646e-06
0.375	4.72908e-06
0.38	4.67429e-06
0.385	4.59823e-06
0.39	4.52723e-06
0.395	4.46076e-06
0.4	4.38809e-06
0.405	4.31998e-06
0.41	4.25493e-06
0.415	4.19254e-06
0.42	4.13315e-06
0.425	4.07755e-06
0.43	4.01892e-06
0.435	3.96394e-06
0.44	3.9166e-06
0.445	3.87118e-06
0.45	3.825e-06
0.455	3.78061e-06
0.46	3.73787e-06
0.465	3.69813e-06
0.47	3.65863e-06
0.475	3.62108e-06
0.48	3.59483e-06
0.485	3.56687e-06
0.49	3.51805e-06
0.495	3.47054e-06
0.5	3.42823e-06
0.505	3.3973e-06
0.51	3.35645e-06
0.515	3.2983e-06
0.52	3.26106e-06
0.525	3.24371e-06
0.53	3.19661e-06
0.535	3.15189e-06
0.54	3.10271e-06
0.545	3.06093e-06
0.55	3.0197e-06
0.555	2.98054e-06
0.56	2.93387e-06
0.565	2.90308e-06
0.57	2.86799e-06
0.575	2.84234e-06
0.58	2.8101e-06
0.585	2.78188e-06
0.59	2.75032e-06
0.595	2.71867e-06
0.6	2.69721e-06
0.605	2.68058e-06
0.61	2.6689e-06
0.615	2.65181e-06
0.62	2.60217e-06
0.625	2.56125e-06
0.63	2.54208e-06
0.635	2.51821e-06
0.64	2.49342e-06
0.645	2.47172e-06
0.65	2.45141e-06
0.655	2.42905e-06
0.66	2.40705e-06
0.665	2.38578e-06
0.67	2.3645e-06
0.675	2.34559e-06
0.68	2.34178e-06
0.685	2.32257e-06
0.69	2.29811e-06
0.695	2.27582e-06
0.7	2.25409e-06
0.705	2.25425e-06
0.71	2.23238e-06
0.715	2.20485e-06
0.72	2.18219e-06
0.725	2.15041e-06
0.73	2.14175e-06
0.735	2.1353e-06
0.74	2.12429e-06
0.745	2.10566e-06
0.75	2.09326e-06
0.755	2.06771e-06
0.76	2.03405e-06
0.765	2.00064e-06
0.77	1.98912e-06
0.775	1.97227e-06
0.78	1.94967e-06
0.785	1.92802e-06
0.79	1.91234e-06
0.795	1.89792e-06
0.8	1.88237e-06
0.805	1.86652e-06
0.81	1.85038e-06
0.815	1.83414e-06
0.82	1.81583e-06
0.825	1.79933e-06
0.83	1.78855e-06
0.835	1.77152e-06
0.84	1.75376e-06
0.845	1.73287e-06
0.85	1.72523e-06
0.855	1.70971e-06
0.86	1.69584e-06
0.865	1.68296e-06
0.87	1.67799e-06
0.875	1.66501e-06
0.88	1.64857e-06
0.885	1.63753e-06
0.89	1.63216e-06
0.895	1.61305e-06
0.9	1.6008e-06
0.905	1.59252e-06
0.91	1.5646e-06
0.915	1.54215e-06
0.92	1.53094e-06
0.925	1.52111e-06
0.93	1.51173e-06
0.935	1.50883e-06
0.94	1.49285e-06
0.945	1.47954e-06
0.95	1.46657e-06
0.955	1.45351e-06
0.96	1.4402e-06
0.965	1.42628e-06
0.97	1.41484e-06
0.975	1.40285e-06
0.98	1.38845e-06
0.985	1.37288e-06
0.99	1.36032e-06
0.995	1.35364e-06
1	1.34108e-06
1.005	1.32844e-06
1.01	1.31415e-06
1.015	1.29881e-06
1.02	1.29371e-06
1.025	1.28951e-06
1.03	1.27656e-06
1.035	1.26444e-06
1.04	1.25281e-06
1.045	1.24146e-06
1.05	1.23046e-06
1.055	1.21923e-06
1.06	1.20844e-06
1.065	1.19786e-06
1.07	1.18768e-06
1.075	1.17832e-06
1.08	1.17149e-06
1.085	1.15375e-06
1.09	1.13711e-06
1.095	1.11692e-06
1.1	1.10928e-06
1.105	1.10035e-06
1.11	1.09133e-06
1.115	1.08236e-06
1.12	1.07297e-06
1.125	1.06254e-06
1.13	9.93463e-06
1.135	9.85018e-06
1.14	9.76281e-06
1.145	9.67258e-06
1.15	9.5855e-06
1.155	9.52583e-06
1.16	9.4623e-06
1.165	9.37587e-06
1.17	9.28738e-06
1.175	9.21062e-06
1.18	9.1288e-06
1.185	9.04081e-06
1.19	8.9451e-06
1.195	8.88319e-06
1.2	8.84134e-06
1.205	8.75513e-06
1.21	8.66749e-06
1.215	8.59032e-06
1.22	8.49424e-06
1.225	8.4313e-06
1.23	8.34537e-06
1.235	8.29542e-06
1.24	8.20532e-06
1.245	8.1428e-06
1.25	8.07759e-06
1.255	7.99351e-06
1.26	7.91359e-06
1.265	7.86401e-06
1.27	7.78985e-06
1.275	7.72072e-06
1.28	7.64568e-06
1.285	7.58448e-06
1.29	7.51529e-06
1.295	7.44683e-06
1.3	7.37698e-06
1.305	7.30507e-06
1.31	7.23776e-06
1.315	7.1738e-06
1.32	7.10293e-06
1.325	7.01502e-06
1.33	6.92701e-06
1.335	6.84406e-06
1.34	6.77802e-06
1.345	6.70024e-06
1.35	6.6536e-06
1.355	6.62714e-06
1.36	6.57329e-06
1.365	6.48631e-06
1.37	6.39854e-06
1.375	6.3392e-06
1.38	6.27419e-06
1.385	6.20788e-06
1.39	6.14269e-06
1.395	6.08024e-06
1.4	6.02469e-06
1.405	5.96344e-06
1.41	5.90266e-06
1.415	5.84156e-06
1.42	5.77985e-06
1.425	5.71558e-06
1.43	5.65519e-06
1.435	5.59789e-06
1.44	5.53254e-06
1.445	5.48713e-06
1.45	5.44906e-06
1.455	5.39694e-06
1.46	5.33972e-06
1.465	5.28418e-06
1.47	5.2287e-06
1.475	5.17407e-06
1.48	5.1202e-06
1.485	5.06662e-06
1.49	5.01422e-06
1.495	4.96163e-06
1.5	4.90903e-06
1.505	4.85682e-06
1.51	4.80368e-06
1.515	4.75112e-06
1.52	4.69854e-06
1.525	4.64621e-06
1.53	4.59559e-06
1.535	4.54666e-06
1.54	4.49937e-06
1.545	4.45253e-06
1.55	4.40632e-06
1.555	4.35802e-06
1.56	4.30994e-06
1.565	4.26156e-06
1.57	4.21558e-06
1.575	4.17009e-06
1.58	4.12463e-06
1.585	4.07885e-06
1.59	4.0358e-06
1.595	3.99319e-06
1.6	3.95137e-06
1.605	3.90954e-06
1.61	3.86902e-06
1.615	3.82977e-06
1.62	3.79118e-06
1.625	3.75275e-06
1.63	3.71409e-06
1.635	3.67561e-06
1.64	3.63713e-06
1.645	3.59842e-06
1.65	3.55953e-06
1.655	3.52122e-06
1.66	3.48286e-06
1.665	3.44269e-06
1.67	3.39644e-06
1.675	3.37435e-06
1.68	3.35067e-06
1.685	3.30795e-06
1.69	3.27736e-06
1.695	3.26446e-06
1.7	3.23306e-06
1.705	3.19434e-06
1.71	3.14643e-06
1.715	3.10751e-06
1.72	3.07732e-06
1.725	3.0672e-06
1.73	3.03819e-06
1.735	3.0082e-06
1.74	2.97566e-06
1.745	2.94355e-06
1.75	2.91137e-06
1.755	2.87843e-06
1.76	2.85181e-06
1.765	2.82206e-06
1.77	2.79132e-06
1.775	2.75791e-06
1.78	2.7294e-06
1.785	2.72146e-06
1.79	2.70169e-06
1.795	2.67563e-06
1.8	2.65009e-06
1.805	2.62478e-06
1.81	2.60025e-06
1.815	2.57635e-06
1.82	2.55277e-06
1.825	2.52949e-06
1.83	2.50631e-06
1.835	2.48315e-06
1.84	2.45976e-06
1.845	2.43757e-06
1.85	2.41449e-06
1.855	2.39165e-06
1.86	2.37161e-06
1.865	2.35153e-06
1.87	2.33121e-06
1.875	2.31135e-06
1.88	2.29069e-06
1.885	2.27014e-06
1.89	2.24904e-06
1.895	2.22716e-06
1.9	2.22002e-06
1.905	2.20765e-06
1.91	2.19778e-06
1.915	2.17735e-06
1.92	2.15906e-06
1.925	2.14118e-06
1.93	2.1237e-06
1.935	2.10739e-06
1.94	2.09205e-06
1.945	2.0768e-06
1.95	2.06161e-06
1.955	2.04649e-06
1.96	2.03144e-06
1.965	2.01683e-06
1.97	2.00248e-06
1.975	1.98857e-06
1.98	1.97543e-06
1.985	1.96295e-06
1.99	1.95254e-06
1.995	1.93701e-06
2	1.9247e-06
2.005	1.91289e-06
2.01	1.90183e-06
2.015	1.89043e-06
2.02	1.87893e-06
2.025	1.86746e-06
2.03	1.85598e-06
2.035	1.84452e-06
2.04	1.83367e-06
2.045	1.82282e-06
2.05	1.81199e-06
2.055	1.80116e-06
2.06	1.79046e-06
2.065	1.78017e-06
2.07	1.76998e-06
2.075	1.75979e-06
2.08	1.74976e-06
2.085	1.74019e-06
2.09	1.72992e-06
2.095	1.71989e-06
2.1	1.71107e-06
2.105	1.69976e-06
2.11	1.6894e-06
2.115	1.68235e-06
2.12	1.67433e-06
2.125	1.66618e-06
2.13	1.65817e-06
2.135	1.65087e-06
2.14	1.6429e-06
2.145	1.62973e-06
2.15	1.61948e-06
2.155	1.61929e-06
2.16	1.61153e-06
2.165	1.60379e-06
2.17	1.5964e-06
2.175	1.58901e-06
2.18	1.58185e-06
2.185	1.57435e-06
2.19	1.56778e-06
2.195	1.56406e-06
2.2	1.55742e-06
2.205	1.54908e-06
2.21	1.54348e-06
2.215	1.54282e-06
2.22	1.53509e-06
2.225	1.52752e-06
2.23	1.52411e-06
2.235	1.51882e-06
2.24	1.51613e-06
2.245	1.51053e-06
2.25	1.50611e-06
2.255	1.50027e-06
2.26	1.49244e-06
2.265	1.48765e-06
2.27	1.48251e-06
2.275	1.4776e-06
2.28	1.4727e-06
2.285	1.4677e-06
2.29	1.46302e-06
2.295	1.45777e-06
2.3	1.45189e-06
2.305	1.4423e-06
2.31	1.4469e-06
2.315	1.45184e-06
2.32	1.45208e-06
2.325	1.4475e-06
2.33	1.4375e-06
2.335	1.43284e-06
2.34	1.42887e-06
2.345	1.42509e-06
2.35	1.42152e-06
2.355	1.41803e-06
2.36	1.41459e-06
2.365	1.41117e-06
2.37	1.40771e-06
2.375	1.40452e-06
2.38	1.40187e-06
2.385	1.39894e-06
2.39	1.39597e-06
2.395	1.39307e-06
2.4	1.39021e-06
2.405	1.38723e-06
2.41	1.38523e-06
2.415	1.3832e-06
2.42	1.38194e-06
2.425	1.37927e-06
2.43	1.37653e-06
2.435	1.3739e-06
2.44	1.37123e-06
2.445	1.3696e-06
2.45	1.36804e-06
2.455	1.36632e-06
2.46	1.36456e-06
2.465	1.36288e-06
2.47	1.36056e-06
2.475	1.35896e-06
2.48	1.35737e-06
2.485	1.35577e-06
2.49	1.35416e-06
2.495	1.35249e-06
2.5	1.35063e-06
2.505	1.34869e-06
2.51	1.34639e-06
2.515	1.34781e-06
2.52	1.34892e-06
2.525	1.34647e-06
2.53	1.34575e-06
2.535	1.35081e-06
2.54	1.34742e-06
2.545	1.34637e-06
2.55	1.34359e-06
2.555	1.34148e-06
2.56	1.34023e-06
2.565	1.33919e-06
2.57	1.33819e-06
2.575	1.3372e-06
2.58	1.33625e-06
2.585	1.33532e-06
2.59	1.33211e-06
2.595	1.32987e-06
2.6	1.32968e-06
2.605	1.32932e-06
2.61	1.32895e-06
2.615	1.32859e-06
2.62	1.32827e-06
2.625	1.32801e-06
2.63	1.32742e-06
2.635	1.32671e-06
2.64	1.32625e-06
2.645	1.32584e-06
2.65	1.32542e-06
2.655	1.325e-06
2.66	1.32461e-06
2.665	1.32426e-06
2.67	1.32393e-06
2.675	1.32358e-06
2.68	1.32323e-06
2.685	1.32291e-06
2.69	1.32255e-06
2.695	1.32218e-06
2.7	1.3218e-06
2.705	1.32143e-06
2.71	1.3211e-06
2.715	1.32057e-06
2.72	1.32028e-06
2.725	1.31988e-06
2.73	1.31944e-06
2.735	1.31899e-06
2.74	1.31857e-06
2.745	1.31836e-06
2.75	1.3178e-06
2.755	1.31426e-06
2.76	1.31506e-06
2.765	1.31706e-06
2.77	1.3162e-06
2.775	1.31598e-06
2.78	1.31544e-06
2.785	1.31496e-06
2.79	1.31446e-06
2.795	1.31396e-06
2.8	1.31348e-06
2.805	1.31302e-06
2.81	1.31256e-06
2.815	1.31211e-06
2.82	1.31171e-06
2.825	1.31131e-06
2.83	1.31094e-06
2.835	1.3106e-06
2.84	1.31035e-06
2.845	1.31031e-06
2.85	1.3093e-06
2.855	1.30775e-06
2.86	1.30557e-06
2.865	1.30533e-06
2.87	1.30509e-06
2.875	1.30471e-06
2.88	1.3043e-06
2.885	1.30385e-06
2.89	1.30339e-06
2.895	1.30292e-06
2.9	1.30243e-06
2.905	1.30194e-06
2.91	1.30142e-06
2.915	1.30089e-06
2.92	1.30035e-06
2.925	1.29983e-06
2.93	1.2993e-06
2.935	1.29879e-06
2.94	1.29833e-06
2.945	1.29803e-06
2.95	1.29646e-06
2.955	1.29537e-06
2.96	1.29357e-06
2.965	1.29296e-06
2.97	1.29247e-06
2.975	1.29175e-06
2.98	1.29112e-06
2.985	1.29046e-06
2.99	1.28977e-06
2.995	1.28904e-06
3	1.2883e-06
3.005	1.28752e-06
3.01	1.28671e-06
3.015	1.28588e-06
3.02	1.28501e-06
3.025	1.28411e-06
3.03	1.28318e-06
3.035	1.28216e-06
3.04	1.28121e-06
3.045	1.28019e-06
3.05	1.27916e-06
3.055	1.27809e-06
3.06	1.27705e-06
3.065	1.27596e-06
3.07	1.27486e-06
3.075	1.27371e-06
3.08	1.27253e-06
3.085	1.27132e-06
3.09	1.27008e-06
3.095	1.2688e-06
3.1	1.26751e-06
3.105	1.26618e-06
3.11	1.26481e-06
3.115	1.2634e-06
3.12	1.26197e-06
3.125	1.26052e-06
3.13	1.25904e-06
3.135	1.25752e-06
3.14	1.25599e-06
3.145	1.25444e-06
3.15	1.25289e-06
3.155	1.25133e-06
3.16	1.24977e-06
3.165	1.24819e-06
3.17	1.24658e-06
3.175	1.24496e-06
3.18	1.24332e-06
3.185	1.24165e-06
3.19	1.23999e-06
3.195	1.23725e-06
3.2	1.23528e-06
3.205	9.97017e-06
3.21	9.94583e-06
3.215	9.91411e-06
3.22	9.88299e-06
3.225	9.8526e-06
3.23	9.82282e-06
3.235	9.78392e-06
3.24	9.7531e-06
3.245	9.72511e-06
3.25	9.69663e-06
3.255	9.66869e-06
3.26	9.64109e-06
3.265	9.61405e-06
3.27	9.59047e-06
3.275	9.57137e-06
3.28	9.54481e-06
3.285	9.51801e-06
3.29	9.49155e-06
3.295	9.4651e-06
3.3	9.43904e-06
3.305	9.41372e-06
3.31	9.38933e-06
3.315	9.36591e-06
3.32	9.34427e-06
3.325	9.32277e-06
3.33	9.30124e-06
3.335	9.2803e-06
3.34	9.26028e-06
3.345	9.24041e-06
3.35	9.22085e-06
3.355	9.20111e-06
3.36	9.18121e-06
3.365	9.16171e-06
3.37	9.1423e-06
3.375	9.12352e-06
3.38	9.10492e-06
3.385	9.08628e-06
3.39	9.0674e-06
3.395	9.04836e-06
3.4	9.02922e-06
3.405	9.00975e-06
3.41	8.99003e-06
3.415	8.97003e-06
3.42	8.95059e-06
3.425	8.93101e-06
3.43	8.91116e-06
3.435	8.89166e-06
3.44	8.87183e-06
3.445	8.85163e-06
3.45	8.83106e-06
3.455	8.81094e-06
3.46	8.78814e-06
3.465	8.76791e-06
3.47	8.74491e-06
3.475	8.72234e-06
3.48	8.69937e-06
3.485	8.67646e-06
3.49	8.65379e-06
3.495	8.63091e-06
3.5	8.60765e-06
3.505	8.58402e-06
3.51	8.56005e-06
3.515	8.53588e-06
3.52	8.51139e-06
3.525	8.48652e-06
3.53	8.46135e-06
3.535	8.43631e-06
3.54	8.41095e-06
3.545	8.38523e-06
3.55	8.35918e-06
3.555	8.33291e-06
3.56	8.30655e-06
3.565	8.27991e-06
3.57	8.25294e-06
3.575	8.22611e-06
3.58	8.19912e-06
3.585	8.1718e-06
3.59	8.14417e-06
3.595	8.11598e-06
3.6	8.08731e-06
3.605	8.05893e-06
3.61	8.03033e-06
3.615	8.00147e-06
3.62	7.97233e-06
3.625	7.94298e-06
3.63	7.91344e-06
3.635	7.88373e-06
3.64	7.85374e-06
3.645	7.82349e-06
3.65	7.79298e-06
3.655	7.76222e-06
3.66	7.73122e-06
3.665	7.70004e-06
3.67	7.66865e-06
3.675	7.63701e-06
3.68	7.60521e-06
3.685	7.57322e-06
3.69	7.54103e-06
3.695	7.50862e-06
3.7	7.476e-06
3.705	7.44317e-06
3.71	7.41069e-06
3.715	7.3852e-06
3.72	7.34536e-06
3.725	7.3176e-06
3.73	7.27994e-06
3.735	7.24984e-06
3.74	7.21377e-06
3.745	7.18238e-06
3.75	7.14755e-06
3.755	7.11525e-06
3.76	7.08109e-06
3.765	7.04827e-06
3.77	7.01437e-06
3.775	6.98101e-06
3.78	6.94707e-06
3.785	6.91335e-06
3.79	6.8793e-06
3.795	6.84528e-06
3.8	6.8112e-06
3.805	6.77722e-06
3.81	6.7431e-06
3.815	6.70861e-06
3.82	6.6742e-06
3.825	6.63978e-06
3.83	6.6053e-06
3.835	6.57074e-06
3.84	6.53611e-06
3.845	6.5016e-06
3.85	6.46711e-06
3.855	6.43231e-06
3.86	6.39779e-06
3.865	6.36347e-06
3.87	6.3291e-06
3.875	6.29481e-06
3.88	6.26061e-06
3.885	6.22636e-06
3.89	6.19207e-06
3.895	6.15794e-06
3.9	6.12388e-06
3.905	6.08978e-06
3.91	6.05564e-06
3.915	6.02148e-06
3.92	5.9873e-06
3.925	5.9531e-06
3.93	5.91999e-06
3.935	5.88383e-06
3.94	5.85188e-06
3.945	5.81617e-06
3.95	5.78423e-06
3.955	5.74986e-06
3.96	5.716e-06
3.965	5.68237e-06
3.97	5.64864e-06
3.975	5.61461e-06
3.98	5.58115e-06
3.985	5.54786e-06
3.99	5.51476e-06
3.995	5.48227e-06
4	5.44995e-06
4.005	5.41771e-06
4.01	5.38573e-06
4.015	5.35409e-06
4.02	5.32275e-06
4.025	5.29151e-06
4.03	5.26056e-06
4.035	5.23047e-06
4.04	5.19994e-06
4.045	5.16961e-06
4.05	5.13927e-06
4.055	5.10928e-06
4.06	5.07931e-06
4.065	5.04948e-06
4.07	5.0197e-06
4.075	4.98999e-06
4.08	4.95992e-06
4.085	4.93079e-06
4.09	4.9013e-06
4.095	4.8723e-06
4.1	4.84341e-06
4.105	4.81504e-06
4.11	4.787e-06
4.115	4.75876e-06
4.12	4.73057e-06
4.125	4.70251e-06
4.13	4.67454e-06
4.135	4.64651e-06
4.14	4.61881e-06
4.145	4.59106e-06
4.15	4.5635e-06
4.155	4.53599e-06
4.16	4.50868e-06
4.165	4.48148e-06
4.17	4.4544e-06
4.175	4.4274e-06
4.18	4.40051e-06
4.185	4.37381e-06
4.19	4.34721e-06
4.195	4.3207e-06
4.2	4.2943e-06
4.205	4.26823e-06
4.21	4.24262e-06
4.215	4.21712e-06
4.22	4.19176e-06
4.225	4.1667e-06
4.23	4.14175e-06
4.235	4.11689e-06
4.24	4.09215e-06
4.245	4.0675e-06
4.25	4.04296e-06
4.255	4.01863e-06
4.26	3.99452e-06
4.265	3.97052e-06
4.27	3.94662e-06
4.275	3.92284e-06
4.28	3.89917e-06
4.285	3.8756e-06
4.29	3.85215e-06
4.295	3.8288e-06
4.3	3.80556e-06
4.305	3.78244e-06
4.31	3.75943e-06
4.315	3.73654e-06
4.32	3.71376e-06
4.325	3.69114e-06
4.33	3.66875e-06
4.335	3.64647e-06
4.34	3.62431e-06
4.345	3.60226e-06
4.35	3.58034e-06
4.355	3.55852e-06
4.36	3.53683e-06
4.365	3.51525e-06
4.37	3.49379e-06
4.375	3.47245e-06
4.38	3.45123e-06
4.385	3.43013e-06
4.39	3.40914e-06
4.395	3.38827e-06
4.4	3.36752e-06
4.405	3.34689e-06
4.41	3.32639e-06
4.415	3.30603e-06
4.42	3.28578e-06
4.425	3.26566e-06
4.43	3.24566e-06
4.435	3.22578e-06
4.44	3.20602e-06
4.445	3.18638e-06
4.45	3.1669e-06
4.455	3.14769e-06
4.46	3.12882e-06
4.465	3.11007e-06
4.47	3.09151e-06
4.475	3.0731e-06
4.48	3.05481e-06
4.485	3.03675e-06
4.49	3.01885e-06
4.495	3.0011e-06
4.5	2.9835e-06
4.505	2.96601e-06
4.51	2.94863e-06
4.515	2.9312e-06
4.52	2.91346e-06
4.525	2.89651e-06
4.53	2.87949e-06
4.535	2.86263e-06
4.54	2.84596e-06
4.545	2.82947e-06
4.55	2.81309e-06
4.555	2.79682e-06
4.56	2.78069e-06
4.565	2.76466e-06
4.57	2.74875e-06
4.575	2.73294e-06
4.58	2.71725e-06
4.585	2.70166e-06
4.59	2.68618e-06
4.595	2.67081e-06
4.6	2.65554e-06
4.605	2.64039e-06
4.61	2.62533e-06
4.615	2.61039e-06
4.62	2.59555e-06
4.625	2.58081e-06
4.63	2.56618e-06
4.635	2.55166e-06
4.64	2.53724e-06
4.645	2.52293e-06
4.65	2.50879e-06
4.655	2.49477e-06
4.66	2.48085e-06
4.665	2.46703e-06
4.67	2.45331e-06
4.675	2.43969e-06
4.68	2.42616e-06
4.685	2.41274e-06
4.69	2.39941e-06
4.695	2.38633e-06
4.7	2.37318e-06
4.705	2.36013e-06
4.71	2.34719e-06
4.715	2.33434e-06
4.72	2.32158e-06
4.725	2.30891e-06
4.73	2.29634e-06
4.735	2.28386e-06
4.74	2.27148e-06
4.745	2.25919e-06
4.75	2.24698e-06
4.755	2.23487e-06
4.76	2.22285e-06
4.765	2.21092e-06
4.77	2.19908e-06
4.775	2.18733e-06
4.78	2.17566e-06
4.785	2.16409e-06
4.79	2.1526e-06
4.795	2.1413e-06
4.8	2.13015e-06
4.805	2.11909e-06
4.81	2.1081e-06
4.815	2.0972e-06
4.82	2.08638e-06
4.825	2.07564e-06
4.83	2.06497e-06
4.835	2.05439e-06
4.84	2.04395e-06
4.845	2.0336e-06
4.85	2.02335e-06
4.855	2.01322e-06
4.86	2.00316e-06
4.865	1.99317e-06
4.87	1.98325e-06
4.875	1.97341e-06
4.88	1.96363e-06
4.885	1.95392e-06
4.89	1.94428e-06
4.895	1.93471e-06
4.9	1.92521e-06
4.905	1.91578e-06
4.91	1.90641e-06
4.915	1.89711e-06
4.92	1.88788e-06
4.925	1.87871e-06
4.93	1.86961e-06
4.935	1.86057e-06
4.94	1.8516e-06
4.945	1.84269e-06
4.95	1.83385e-06
4.955	1.82506e-06
4.96	1.81634e-06
4.965	1.80769e-06
4.97	1.79911e-06
4.975	1.79059e-06
4.98	1.78213e-06
4.985	1.77375e-06
4.99	1.76544e-06
4.995	1.75718e-06
5	1.74898e-06
5.005	1.74084e-06
5.01	1.73275e-06
5.015	1.7268e-06
5.02	1.71488e-06
5.025	1.71058e-06
5.03	1.69935e-06
5.035	1.69491e-06
5.04	1.68374e-06
5.045	1.67943e-06
5.05	1.67048e-06
5.055	1.66255e-06
5.06	1.65498e-06
5.065	1.6475e-06
5.07	1.64005e-06
5.075	1.63263e-06
5.08	1.62528e-06
5.085	1.618e-06
5.09	1.61072e-06
5.095	1.60349e-06
5.1	1.59632e-06
5.105	1.58919e-06
5.11	1.58211e-06
5.115	1.57508e-06
5.12	1.56809e-06
5.125	1.56115e-06
5.13	1.55425e-06
5.135	1.54739e-06
5.14	1.54058e-06
5.145	1.53381e-06
5.15	1.52709e-06
5.155	1.52041e-06
5.16	1.51377e-06
5.165	1.50717e-06
5.17	1.50061e-06
5.175	1.49409e-06
5.18	1.48761e-06
5.185	1.48118e-06
5.19	1.47478e-06
5.195	1.46842e-06
5.2	1.4621e-06
5.205	1.45582e-06
5.21	1.44958e-06
5.215	1.44337e-06
5.22	1.43721e-06
5.225	1.43109e-06
5.23	1.425e-06
5.235	1.41895e-06
5.24	1.41292e-06
5.245	1.40694e-06
5.25	1.40099e-06
5.255	1.39508e-06
5.26	1.3892e-06
5.265	1.38336e-06
5.27	1.37755e-06
5.275	1.37178e-06
5.28	1.36562e-06
5.285	1.35947e-06
5.29	1.35375e-06
5.295	1.34805e-06
5.3	1.34242e-06
5.305	1.33685e-06
5.31	1.33131e-06
5.315	1.3258e-06
5.32	1.32033e-06
5.325	1.31488e-06
5.33	1.30947e-06
5.335	1.30408e-06
5.34	1.29873e-06
5.345	1.2934e-06
5.35	1.2881e-06
5.355	1.28282e-06
5.36	1.27757e-06
5.365	1.27235e-06
5.37	1.26718e-06
5.375	1.26203e-06
5.38	1.25691e-06
5.385	1.25184e-06
5.39	1.2468e-06
5.395	1.24178e-06
5.4	1.23679e-06
5.405	1.23183e-06
5.41	1.22689e-06
5.415	1.22198e-06
5.42	1.21709e-06
5.425	1.21222e-06
5.43	1.20706e-06
5.435	1.20168e-06
5.44	1.19698e-06
5.445	1.19223e-06
5.45	1.18754e-06
5.455	1.18288e-06
5.46	1.17825e-06
5.465	1.17363e-06
5.47	1.16904e-06
5.475	1.16451e-06
5.48	1.16001e-06
5.485	1.15553e-06
5.49	1.15107e-06
5.495	1.14663e-06
5.5	1.14221e-06
5.505	1.13784e-06
5.51	1.13352e-06
5.515	1.12922e-06
5.52	1.12494e-06
5.525	1.12068e-06
5.53	1.11645e-06
5.535	1.11226e-06
5.54	1.10809e-06
5.545	1.10393e-06
5.55	1.0998e-06
5.555	1.09568e-06
5.56	1.09158e-06
5.565	1.0875e-06
5.57	1.08347e-06
5.575	1.07945e-06
5.58	1.07545e-06
5.585	1.07148e-06
5.59	1.06752e-06
5.595	1.06359e-06
5.6	1.05968e-06
5.605	1.0558e-06
5.61	1.05196e-06
5.615	1.04812e-06
5.62	1.04431e-06
5.625	1.04053e-06
5.63	1.03677e-06
5.635	1.03302e-06
5.64	1.02928e-06
5.645	1.02555e-06
5.65	1.02184e-06
5.655	1.01813e-06
5.66	1.01444e-06
5.665	1.01078e-06
5.67	1.00716e-06
5.675	1.00355e-06
5.68	9.99954e-07
5.685	9.96366e-07
5.69	9.92813e-07
5.695	9.89297e-07
5.7	9.858e-07
5.705	9.82318e-07
5.71	9.78876e-07
5.715	9.75452e-07
5.72	9.72033e-07
5.725	9.68622e-07
5.73	9.65227e-07
5.735	9.61838e-07
5.74	9.58453e-07
5.745	9.55073e-07
5.75	9.51698e-07
5.755	9.48327e-07
5.76	9.44964e-07
5.765	9.41629e-07
5.77	9.38297e-07
5.775	9.3497e-07
5.78	9.31646e-07
5.785	9.28327e-07
5.79	9.25011e-07
5.795	9.217e-07
5.8	9.18392e-07
5.805	9.15088e-07
5.81	9.11788e-07
5.815	9.08492e-07
5.82	9.05199e-07
5.825	9.0191e-07
5.83	8.98624e-07
5.835	8.95342e-07
5.84	8.92064e-07
5.845	8.88789e-07
5.85	8.85517e-07
5.855	8.82249e-07
5.86	8.78991e-07
5.865	8.75749e-07
5.87	8.72509e-07
5.875	8.69272e-07
5.88	8.66039e-07
5.885	8.6281e-07
5.89	8.59594e-07
5.895	8.56384e-07
5.9	8.53177e-07
5.905	8.49973e-07
5.91	8.46771e-07
5.915	8.43572e-07
5.92	8.40375e-07
5.925	8.37182e-07
5.93	8.33991e-07
5.935	8.30803e-07
5.94	8.27619e-07
5.945	8.24437e-07
5.95	8.2126e-07
5.955	8.18096e-07
5.96	8.14934e-07
5.965	8.11775e-07
5.97	8.08619e-07
5.975	8.05466e-07
5.98	8.02315e-07
5.985	7.99168e-07
5.99	7.96023e-07
5.995	7.92882e-07
6	7.89744e-07
6.005	7.86608e-07
6.01	7.83483e-07
6.015	7.80362e-07
6.02	7.77243e-07
6.025	7.74128e-07
6.03	7.71016e-07
6.035	7.67908e-07
6.04	7.64802e-07
6.045	7.617e-07
6.05	7.58602e-07
6.055	7.55507e-07
6.06	7.52415e-07
6.065	7.49328e-07
6.07	7.46244e-07
6.075	7.43164e-07
6.08	7.40088e-07
6.085	7.37016e-07
6.09	7.33948e-07
6.095	7.30884e-07
6.1	7.27833e-07
6.105	7.24791e-07
6.11	7.21745e-07
6.115	7.18697e-07
6.12	7.15655e-07
6.125	7.12618e-07
6.13	7.09587e-07
6.135	7.06566e-07
6.14	7.0355e-07
6.145	7.00539e-07
6.15	6.97534e-07
6.155	6.94533e-07
6.16	6.91538e-07
6.165	6.88549e-07
6.17	6.85565e-07
6.175	6.82586e-07
6.18	6.79613e-07
6.185	6.76646e-07
6.19	6.73685e-07
6.195	6.70729e-07
6.2	6.6778e-07
6.205	6.64836e-07
6.21	6.62308e-07
6.215	6.59625e-07
6.22	6.56762e-07
6.225	6.53859e-07
6.23	6.50949e-07
6.235	6.48041e-07
6.24	6.45139e-07
6.245	6.42244e-07
6.25	9.96679e-06
6.255	9.95266e-06
6.26	9.8926e-06
6.265	9.85185e-06
6.27	9.81103e-06
6.275	9.7704e-06
6.28	9.72993e-06
6.285	9.68961e-06
6.29	9.64944e-06
6.295	9.60946e-06
6.3	9.56966e-06
6.305	9.53013e-06
6.31	9.49079e-06
6.315	9.4516e-06
6.32	9.41256e-06
6.325	9.37366e-06
6.33	9.30002e-06
6.335	9.27857e-06
6.34	9.24427e-06
6.345	9.20638e-06
6.35	9.16878e-06
6.355	9.13151e-06
6.36	9.09438e-06
6.365	9.05735e-06
6.37	9.02044e-06
6.375	8.98364e-06
6.38	8.94695e-06
6.385	8.91037e-06
6.39	8.87391e-06
6.395	8.83755e-06
6.4	8.80131e-06
6.405	8.76517e-06
6.41	8.72915e-06
6.415	8.69326e-06
6.42	8.65755e-06
6.425	8.62197e-06
6.43	8.58649e-06
6.435	8.55114e-06
6.44	8.5159e-06
6.445	8.48081e-06
6.45	8.44585e-06
6.455	8.41101e-06
6.46	8.37629e-06
6.465	8.34169e-06
6.47	8.30721e-06
6.475	8.27286e-06
6.48	8.23863e-06
6.485	8.20453e-06
6.49	8.17054e-06
6.495	8.13669e-06
6.5	8.10295e-06
6.505	8.06934e-06
6.51	8.03586e-06
6.515	8.0025e-06
6.52	7.96926e-06
6.525	7.93614e-06
6.53	7.90329e-06
6.535	7.87057e-06
6.54	7.83797e-06
6.545	7.80549e-06
6.55	7.77313e-06
6.555	7.7409e-06
6.56	7.70878e-06
6.565	7.67678e-06
6.57	7.6449e-06
6.575	7.61313e-06
6.58	7.58152e-06
6.585	7.55009e-06
6.59	7.51878e-06
6.595	7.4876e-06
6.6	7.45655e-06
6.605	7.42562e-06
6.61	7.3948e-06
6.615	7.36409e-06
6.62	7.33349e-06
6.625	7.30301e-06
6.63	7.27264e-06
6.635	7.24238e-06
6.64	7.21229e-06
6.645	7.18238e-06
6.65	7.15258e-06
6.655	7.12288e-06
6.66	7.09334e-06
6.665	7.06397e-06
6.67	7.03471e-06
6.675	7.00555e-06
6.68	6.97657e-06
6.685	6.94772e-06
6.69	6.91896e-06
6.695	6.89031e-06
6.7	6.86176e-06
6.705	6.83332e-06
6.71	6.80497e-06
6.715	6.77672e-06
6.72	6.74857e-06
6.725	6.72055e-06
6.73	6.69268e-06
6.735	6.6649e-06
6.74	6.63721e-06
6.745	6.60962e-06
6.75	6.58212e-06
6.755	6.55471e-06
6.76	6.52739e-06
6.765	6.50018e-06
6.77	6.47312e-06
6.775	6.44614e-06
6.78	6.41927e-06
6.785	6.39249e-06
6.79	6.3658e-06
6.795	6.33919e-06
6.8	6.31268e-06
6.805	6.28625e-06
6.81	6.25991e-06
6.815	6.23366e-06
6.82	6.2075e-06
6.825	6.18142e-06
6.83	6.15544e-06
6.835	6.12879e-06
6.84	6.10387e-06
6.845	6.07739e-06
6.85	6.05244e-06
6.855	6.02619e-06
6.86	6.00063e-06
6.865	5.97549e-06
6.87	5.95026e-06
6.875	5.92507e-06
6.88	5.9e-06
6.885	5.87503e-06
6.89	5.85013e-06
6.895	5.82532e-06
6.9	5.8006e-06
6.905	5.77596e-06
6.91	5.7514e-06
6.915	5.72693e-06
6.92	5.70254e-06
6.925	5.67823e-06
6.93	5.65401e-06
6.935	5.62987e-06
6.94	5.60582e-06
6.945	5.58185e-06
6.95	5.55796e-06
6.955	5.53415e-06
6.96	5.51043e-06
6.965	5.48679e-06
6.97	5.46323e-06
6.975	5.43975e-06
6.98	5.41636e-06
6.985	5.39305e-06
6.99	5.36982e-06
6.995	5.34668e-06
7	5.32361e-06
7.005	5.30063e-06
7.01	5.27773e-06
7.015	5.25492e-06
7.02	5.23218e-06
7.025	5.20953e-06
7.03	5.18695e-06
7.035	5.16446e-06
7.04	5.14206e-06
7.045	5.11973e-06
7.05	5.09748e-06
7.055	5.07532e-06
7.06	5.05323e-06
7.065	5.03123e-06
7.07	5.00931e-06
7.075	4.98747e-06
7.08	4.96571e-06
7.085	4.94403e-06
7.09	4.92243e-06
7.095	4.90092e-06
7.1	4.87948e-06
7.105	4.85812e-06
7.11	4.83685e-06
7.115	4.81565e-06
7.12	4.79454e-06
7.125	4.7735e-06
7.13	4.75255e-06
7.135	4.73167e-06
7.14	4.70795e-06
7.145	4.68883e-06
7.15	4.67324e-06
7.155	4.64741e-06
7.16	4.62663e-06
7.165	4.61145e-06
7.17	4.58637e-06
7.175	4.56589e-06
7.18	4.55073e-06
7.185	4.52618e-06
7.19	4.50588e-06
7.195	4.48728e-06
7.2	4.46684e-06
7.205	4.44774e-06
7.21	4.42869e-06
7.215	4.40921e-06
7.22	4.38962e-06
7.225	4.37019e-06
7.23	4.35092e-06
7.235	4.33177e-06
7.24	4.3127e-06
7.245	4.29369e-06
7.25	4.27476e-06
7.255	4.2559e-06
7.26	4.23712e-06
7.265	4.21841e-06
7.27	4.19978e-06
7.275	4.18125e-06
7.28	4.16281e-06
7.285	4.14445e-06
7.29	4.12616e-06
7.295	4.10795e-06
7.3	4.08981e-06
7.305	4.07174e-06
7.31	4.05376e-06
7.315	4.03584e-06
7.32	4.01801e-06
7.325	4.00026e-06
7.33	3.98261e-06
7.335	3.96506e-06
7.34	3.94758e-06
7.345	3.93017e-06
7.35	3.91284e-06
7.355	3.89558e-06
7.36	3.87839e-06
7.365	3.86128e-06
7.37	3.84424e-06
7.375	3.82727e-06
7.38	3.81038e-06
7.385	3.79355e-06
7.39	3.7768e-06
7.395	3.76012e-06
7.4	3.74352e-06
7.405	3.72699e-06
7.41	3.71053e-06
7.415	3.69414e-06
7.42	3.67783e-06
7.425	3.6616e-06
7.43	3.64548e-06
7.435	3.62942e-06
7.44	3.61343e-06
7.445	3.59752e-06
7.45	3.58167e-06
7.455	3.56589e-06
7.46	3.55018e-06
7.465	3.53454e-06
7.47	3.51897e-06
7.475	3.50347e-06
7.48	3.48803e-06
7.485	3.47266e-06
7.49	3.45736e-06
7.495	3.44213e-06
7.5	3.42697e-06
7.505	3.41187e-06
7.51	3.39684e-06
7.515	3.38188e-06
7.52	3.36698e-06
7.525	3.35215e-06
7.53	3.3374e-06
7.535	3.32272e-06
7.54	3.30812e-06
7.545	3.29358e-06
7.55	3.2791e-06
7.555	3.2647e-06
7.56	3.25035e-06
7.565	3.23607e-06
7.57	3.22185e-06
7.575	3.2077e-06
7.58	3.19362e-06
7.585	3.17961e-06
7.59	3.16566e-06
7.595	3.15177e-06
7.6	3.13795e-06
7.605	3.12419e-06
7.61	3.11049e-06
7.615	3.09685e-06
7.62	3.08328e-06
7.625	3.06977e-06
7.63	3.05632e-06
7.635	3.04293e-06
7.64	3.0296e-06
7.645	3.01633e-06
7.65	3.00313e-06
7.655	2.98998e-06
7.66	2.97689e-06
7.665	2.96387e-06
7.67	2.9509e-06
7.675	2.93799e-06
7.68	2.92515e-06
7.685	2.91236e-06
7.69	2.89967e-06
7.695	2.88703e-06
7.7	2.87445e-06
7.705	2.86193e-06
7.71	2.84947e-06
7.715	2.83706e-06
7.72	2.82471e-06
7.725	2.81242e-06
7.73	2.80019e-06
7.735	2.78801e-06
7.74	2.77588e-06
7.745	2.76381e-06
7.75	2.7518e-06
7.755	2.73984e-06
7.76	2.72794e-06
7.765	2.71609e-06
7.77	2.7043e-06
7.775	2.69256e-06
7.78	2.68087e-06
7.785	2.66924e-06
7.79	2.65767e-06
7.795	2.64614e-06
7.8	2.63467e-06
7.805	2.62325e-06
7.81	2.61188e-06
7.815	2.60057e-06
7.82	2.58931e-06
7.825	2.5781e-06
7.83	2.56694e-06
7.835	2.55583e-06
7.84	2.54477e-06
7.845	2.53377e-06
7.85	2.52281e-06
7.855	2.51191e-06
7.86	2.50106e-06
7.865	2.49025e-06
7.87	2.4795e-06
7.875	2.46879e-06
7.88	2.45814e-06
7.885	2.44753e-06
7.89	2.43697e-06
7.895	2.42646e-06
7.9	2.416e-06
7.905	2.40559e-06
7.91	2.39523e-06
7.915	2.38491e-06
7.92	2.37464e-06
7.925	2.36442e-06
7.93	2.35424e-06
7.935	2.34412e-06
7.94	2.33403e-06
7.945	2.324e-06
7.95	2.31401e-06
7.955	2.30406e-06
7.96	2.29416e-06
7.965	2.28431e-06
7.97	2.2745e-06
7.975	2.26474e-06
7.98	2.25504e-06
7.985	2.24538e-06
7.99	2.23577e-06
7.995	2.2262e-06
8	2.21667e-06
8.005	2.20719e-06
8.01	2.19775e-06
8.015	2.18835e-06
8.02	2.17899e-06
8.025	2.16968e-06
8.03	2.16041e-06
8.035	2.15118e-06
8.04	2.142e-06
8.045	2.13285e-06
8.05	2.12375e-06
8.055	2.11469e-06
8.06	2.10567e-06
8.065	2.09669e-06
8.07	2.08775e-06
8.075	2.07886e-06
8.08	2.07e-06
8.085	2.06118e-06
8.09	2.0524e-06
8.095	2.04366e-06
8.1	2.03496e-06
8.105	2.0263e-06
8.11	2.01768e-06
8.115	2.00909e-06
8.12	2.00055e-06
8.125	1.99204e-06
8.13	1.98357e-06
8.135	1.97514e-06
8.14	1.96674e-06
8.145	1.95839e-06
8.15	1.95007e-06
8.155	1.94178e-06
8.16	1.93354e-06
8.165	1.92533e-06
8.17	1.91716e-06
8.175	1.90902e-06
8.18	1.90092e-06
8.185	1.89286e-06
8.19	1.88483e-06
8.195	1.87683e-06
8.2	1.86888e-06
8.205	1.86095e-06
8.21	1.85307e-06
8.215	1.84521e-06
8.22	1.83739e-06
8.225	1.82961e-06
8.23	1.82186e-06
8.235	1.81415e-06
8.24	1.80646e-06
8.245	1.79882e-06
8.25	1.7912e-06
8.255	1.78362e-06
8.26	1.77607e-06
8.265	1.76856e-06
8.27	1.76108e-06
8.275	1.75363e-06
8.28	1.74621e-06
8.285	1.73883e-06
8.29	1.73147e-06
8.295	1.72415e-06
8.3	1.71687e-06
8.305	1.70961e-06
8.31	1.70239e-06
8.315	1.69519e-06
8.32	1.68803e-06
8.325	1.6809e-06
8.33	1.6738e-06
8.335	1.66673e-06
8.34	1.65969e-06
8.345	1.65268e-06
8.35	1.6457e-06
8.355	1.63876e-06
8.36	1.63184e-06
8.365	1.62495e-06
8.37	1.61809e-06
8.375	1.61126e-06
8.38	1.60446e-06
8.385	1.59769e-06
8.39	1.59095e-06
8.395	1.58424e-06
8.4	1.57756e-06
8.405	1.5709e-06
8.41	1.56428e-06
8.415	1.55768e-06
8.42	1.55111e-06
8.425	1.54457e-06
8.43	1.53806e-06
8.435	1.53157e-06
8.44	1.52511e-06
8.445	1.51868e-06
8.45	1.51228e-06
8.455	1.5059e-06
8.46	1.49955e-06
8.465	1.49323e-06
8.47	1.48694e-06
8.475	1.48067e-06
8.48	1.47443e-06
8.485	1.46821e-06
8.49	1.46203e-06
8.495	1.45586e-06
8.5	1.44973e-06
8.505	1.44362e-06
8.51	1.43753e-06
8.515	1.43148e-06
8.52	1.42544e-06
8.525	1.41944e-06
8.53	1.41345e-06
8.535	1.4075e-06
8.54	1.40157e-06
8.545	1.39566e-06
8.55	1.38978e-06
8.555	1.38392e-06
8.56	1.37809e-06
8.565	1.37228e-06
8.57	1.3665e-06
8.575	1.36074e-06
8.58	1.355e-06
8.585	1.34929e-06
8.59	1.34361e-06
8.595	1.33794e-06
8.6	1.3323e-06
8.605	1.32669e-06
8.61	1.3211e-06
8.615	1.31553e-06
8.62	1.30998e-06
8.625	1.30446e-06
8.63	1.29896e-06
8.635	1.29348e-06
8.64	1.28803e-06
8.645	1.2826e-06
8.65	1.27719e-06
8.655	1.27181e-06
8.66	1.26644e-06
8.665	1.2611e-06
8.67	1.25404e-06
8.675	1.25063e-06
8.68	1.24475e-06
8.685	1.24074e-06
8.69	1.23345e-06
8.695	1.2299e-06
8.7	1.22404e-06
8.705	1.2198e-06
8.71	1.21262e-06
8.715	1.20921e-06
8.72	1.20353e-06
8.725	1.19938e-06
8.73	1.19232e-06
8.735	1.18893e-06
8.74	1.18335e-06
8.745	1.17927e-06
8.75	1.17232e-06
8.755	1.16899e-06
8.76	1.1635e-06
8.765	1.15948e-06
8.77	1.15266e-06
8.775	1.14937e-06
8.78	1.14398e-06
8.785	1.14002e-06
8.79	1.13331e-06
8.795	1.13007e-06
8.8	1.12478e-06
8.805	1.12087e-06
8.81	1.11429e-06
8.815	1.11109e-06
8.82	1.10589e-06
8.825	1.10204e-06
8.83	1.09557e-06
8.835	1.09242e-06
8.84	1.08731e-06
8.845	1.08352e-06
8.85	1.07716e-06
8.855	1.07406e-06
8.86	1.06903e-06
8.865	1.0653e-06
8.87	1.05905e-06
8.875	1.05599e-06
8.88	1.05105e-06
8.885	1.04738e-06
8.89	1.04124e-06
8.895	1.03822e-06
8.9	1.03337e-06
8.905	1.02817e-06
8.91	1.02513e-06
8.915	1.0204e-06
8.92	1.01536e-06
8.925	1.01227e-06
8.93	1.00744e-06
8.935	1.0024e-06
8.94	9.99424e-07
8.945	9.96867e-07
8.95	9.87118e-07
8.955	9.87167e-07
8.96	9.84686e-07
8.965	9.76362e-07
8.97	9.73144e-07
8.975	9.70655e-07
8.98	9.6245e-07
8.985	9.60044e-07
8.99	9.58262e-07
8.995	9.54637e-07
9	9.49224e-07
9.005	9.43942e-07
9.01	9.4052e-07
9.015	9.3732e-07
9.02	9.32529e-07
9.025	9.29208e-07
9.03	9.25756e-07
9.035	9.20844e-07
9.04	9.15996e-07
9.045	9.13439e-07
9.05	9.10572e-07
9.055	9.05737e-07
9.06	9.00828e-07
9.065	8.97954e-07
9.07	8.9495e-07
9.075	8.90232e-07
9.08	8.85484e-07
9.085	8.82845e-07
9.09	8.79972e-07
9.095	8.75303e-07
9.1	8.70587e-07
9.105	8.67877e-07
9.11	8.65005e-07
9.115	8.60433e-07
9.12	8.55826e-07
9.125	8.53231e-07
9.13	8.50434e-07
9.135	8.45928e-07
9.14	8.41381e-07
9.145	8.38774e-07
9.15	8.36004e-07
9.155	8.31588e-07
9.16	8.27133e-07
9.165	8.24589e-07
9.17	8.21877e-07
9.175	8.17538e-07
9.18	8.13148e-07
9.185	8.10617e-07
9.19	8.07946e-07
9.195	8.03686e-07
9.2	7.99374e-07
9.205	7.96898e-07
9.21	7.94275e-07
9.215	7.90083e-07
9.22	7.85839e-07
9.225	7.83395e-07
9.23	7.81764e-07
9.235	7.77839e-07
9.24	7.75946e-07
9.245	7.66895e-07
9.25	7.63617e-07
9.255	7.63187e-07
9.26	7.62498e-07
9.265	7.60585e-07
9.27	7.50985e-07
9.275	7.48752e-07
9.28	7.48681e-07
9.285	7.46813e-07
9.29	7.38257e-07
9.295	7.36475e-07
9.3	7.36408e-07
9.305	7.34573e-07
9.31	7.25851e-07
9.315	7.23761e-07
9.32	7.23593e-07
9.325	7.21791e-07
9.33	7.13416e-07
9.335	7.11615e-07
9.34	7.11553e-07
9.345	7.09784e-07
9.35	7.01424e-07
9.355	6.99423e-07
9.36	6.99255e-07
9.365	6.97519e-07
9.37	6.89407e-07
9.375	6.87618e-07
9.38	6.87542e-07
9.385	6.85836e-07
9.39	6.77785e-07
9.395	6.75869e-07
9.4	6.75713e-07
9.405	6.74037e-07
9.41	6.6619e-07
9.415	6.64429e-07
9.42	6.64339e-07
9.425	6.62692e-07
9.43	6.54927e-07
9.435	6.53091e-07
9.44	6.52947e-07
9.445	6.51328e-07
9.45	6.43739e-07
9.455	6.42015e-07
9.46	6.41917e-07
9.465	6.40326e-07
9.47	6.32832e-07
9.475	6.31067e-07
9.48	6.30934e-07
9.485	6.2937e-07
9.49	6.22031e-07
9.495	6.2035e-07
9.5	6.20249e-07
9.505	6.1871e-07
9.51	6.11474e-07
9.515	6.09775e-07
9.52	6.09653e-07
9.525	6.08139e-07
9.53	6.01044e-07
9.535	5.99409e-07
9.54	5.9931e-07
9.545	5.9782e-07
9.55	5.9083e-07
9.555	5.89193e-07
9.56	5.89081e-07
9.565	5.87615e-07
9.57	5.80755e-07
9.575	5.79169e-07
9.58	5.79074e-07
9.585	5.77631e-07
9.59	5.70877e-07
9.595	5.69299e-07
9.6	5.69196e-07
9.605	5.67776e-07
9.61	5.61145e-07
9.615	5.60466e-07
9.62	5.5908e-07
9.625	5.54102e-07
9.63	5.54083e-07
9.635	5.52693e-07
9.64	5.47543e-07
9.645	5.4616e-07
9.65	5.45809e-07
9.655	5.44435e-07
9.66	5.37683e-07
9.665	5.36523e-07
9.67	5.35193e-07
9.675	5.30504e-07
9.68	5.30619e-07
9.685	5.29285e-07
9.69	5.25716e-07
9.695	5.24317e-07
9.7	5.22999e-07
9.705	5.173e-07
9.71	5.16236e-07
9.715	5.14943e-07
9.72	5.10518e-07
9.725	5.09647e-07
9.73	5.09795e-07
9.735	5.085e-07
9.74	5.02232e-07
9.745	4.99753e-07
9.75	4.9971e-07
9.755	4.98443e-07
9.76	4.93113e-07
9.765	4.93235e-07
9.77	4.91989e-07
9.775	4.88709e-07
9.78	4.87519e-07
9.785	4.86272e-07
9.79	4.80947e-07
9.795	4.79709e-07
9.8	4.78499e-07
9.805	4.74412e-07
9.81	4.74678e-07
9.815	4.73465e-07
9.82	4.70275e-07
9.825	4.67651e-07
9.83	4.66971e-07
9.835	4.65769e-07
9.84	4.60403e-07
9.845	4.59132e-07
9.85	4.59252e-07
9.855	4.5807e-07
9.86	4.5283e-07
9.865	4.52181e-07
9.87	4.51025e-07
9.875	4.46971e-07
9.88	4.47076e-07
9.885	4.45917e-07
9.89	4.42748e-07
9.895	4.41418e-07
9.9	4.40279e-07
9.905	4.35575e-07
9.91	4.3487e-07
9.915	4.33748e-07
9.92	4.30086e-07
9.925	4.29118e-07
9.93	4.29209e-07
9.935	4.28086e-07
9.94	4.23021e-07
9.945	4.20883e-07
9.95	4.21051e-07
9.955	4.19949e-07
9.96	4.15501e-07
9.965	4.15446e-07
9.97	4.14364e-07
9.975	4.10629e-07
9.98	4.1044e-07
9.985	4.09358e-07
9.99	4.054e-07
9.995	4.04649e-07
10	4.0359e-07
