/*--------------------------------*- C++ -*----------------------------------*\
  =========                 |
  \\      /  F ield         | OpenFOAM: The Open Source CFD Toolbox
   \\    /   O peration     | Website:  https://openfoam.org
    \\  /    A nd           | Version:  10
     \\/     M anipulation  |
\*---------------------------------------------------------------------------*/
FoamFile
{
    format      ascii;
    class       vectorField;
    location    "constant/polyMesh";
    object      points;
}
// * * * * * * * * * * * * * * * * * * * * * * * * * * * * * * * * * * * * * //


4242
(
(0 0 0)
(0.0005 0 0)
(0.001 0 0)
(0.0015 0 0)
(0.002 0 0)
(0.0025 0 0)
(0.003 0 0)
(0.0035 0 0)
(0.004 0 0)
(0.0045 0 0)
(0.005 0 0)
(0.0055 0 0)
(0.006 0 0)
(0.0065 0 0)
(0.007 0 0)
(0.0075 0 0)
(0.008 0 0)
(0.0085 0 0)
(0.009 0 0)
(0.0095 0 0)
(0.01 0 0)
(0.0105 0 0)
(0.011 0 0)
(0.0115 0 0)
(0.012 0 0)
(0.0125 0 0)
(0.013 0 0)
(0.0135 0 0)
(0.014 0 0)
(0.0145 0 0)
(0.015 0 0)
(0.0155 0 0)
(0.016 0 0)
(0.0165 0 0)
(0.017 0 0)
(0.0175 0 0)
(0.018 0 0)
(0.0185 0 0)
(0.019 0 0)
(0.0195 0 0)
(0.02 0 0)
(0.0205 0 0)
(0.021 0 0)
(0.0215 0 0)
(0.022 0 0)
(0.0225 0 0)
(0.023 0 0)
(0.0235 0 0)
(0.024 0 0)
(0.0245 0 0)
(0.025 0 0)
(0.0255 0 0)
(0.026 0 0)
(0.0265 0 0)
(0.027 0 0)
(0.0275 0 0)
(0.028 0 0)
(0.0285 0 0)
(0.029 0 0)
(0.0295 0 0)
(0.03 0 0)
(0.0305 0 0)
(0.031 0 0)
(0.0315 0 0)
(0.032 0 0)
(0.0325 0 0)
(0.033 0 0)
(0.0335 0 0)
(0.034 0 0)
(0.0345 0 0)
(0.035 0 0)
(0.0355 0 0)
(0.036 0 0)
(0.0365 0 0)
(0.037 0 0)
(0.0375 0 0)
(0.038 0 0)
(0.0385 0 0)
(0.039 0 0)
(0.0395 0 0)
(0.04 0 0)
(0.0405 0 0)
(0.041 0 0)
(0.0415 0 0)
(0.042 0 0)
(0.0425 0 0)
(0.043 0 0)
(0.0435 0 0)
(0.044 0 0)
(0.0445 0 0)
(0.045 0 0)
(0.0455 0 0)
(0.046 0 0)
(0.0465 0 0)
(0.047 0 0)
(0.0475 0 0)
(0.048 0 0)
(0.0485 0 0)
(0.049 0 0)
(0.0495 0 0)
(0.05 0 0)
(0 0.0005 0)
(0.0005 0.0005 0)
(0.001 0.0005 0)
(0.0015 0.0005 0)
(0.002 0.0005 0)
(0.0025 0.0005 0)
(0.003 0.0005 0)
(0.0035 0.0005 0)
(0.004 0.0005 0)
(0.0045 0.0005 0)
(0.005 0.0005 0)
(0.0055 0.0005 0)
(0.006 0.0005 0)
(0.0065 0.0005 0)
(0.007 0.0005 0)
(0.0075 0.0005 0)
(0.008 0.0005 0)
(0.0085 0.0005 0)
(0.009 0.0005 0)
(0.0095 0.0005 0)
(0.01 0.0005 0)
(0.0105 0.0005 0)
(0.011 0.0005 0)
(0.0115 0.0005 0)
(0.012 0.0005 0)
(0.0125 0.0005 0)
(0.013 0.0005 0)
(0.0135 0.0005 0)
(0.014 0.0005 0)
(0.0145 0.0005 0)
(0.015 0.0005 0)
(0.0155 0.0005 0)
(0.016 0.0005 0)
(0.0165 0.0005 0)
(0.017 0.0005 0)
(0.0175 0.0005 0)
(0.018 0.0005 0)
(0.0185 0.0005 0)
(0.019 0.0005 0)
(0.0195 0.0005 0)
(0.02 0.0005 0)
(0.0205 0.0005 0)
(0.021 0.0005 0)
(0.0215 0.0005 0)
(0.022 0.0005 0)
(0.0225 0.0005 0)
(0.023 0.0005 0)
(0.0235 0.0005 0)
(0.024 0.0005 0)
(0.0245 0.0005 0)
(0.025 0.0005 0)
(0.0255 0.0005 0)
(0.026 0.0005 0)
(0.0265 0.0005 0)
(0.027 0.0005 0)
(0.0275 0.0005 0)
(0.028 0.0005 0)
(0.0285 0.0005 0)
(0.029 0.0005 0)
(0.0295 0.0005 0)
(0.03 0.0005 0)
(0.0305 0.0005 0)
(0.031 0.0005 0)
(0.0315 0.0005 0)
(0.032 0.0005 0)
(0.0325 0.0005 0)
(0.033 0.0005 0)
(0.0335 0.0005 0)
(0.034 0.0005 0)
(0.0345 0.0005 0)
(0.035 0.0005 0)
(0.0355 0.0005 0)
(0.036 0.0005 0)
(0.0365 0.0005 0)
(0.037 0.0005 0)
(0.0375 0.0005 0)
(0.038 0.0005 0)
(0.0385 0.0005 0)
(0.039 0.0005 0)
(0.0395 0.0005 0)
(0.04 0.0005 0)
(0.0405 0.0005 0)
(0.041 0.0005 0)
(0.0415 0.0005 0)
(0.042 0.0005 0)
(0.0425 0.0005 0)
(0.043 0.0005 0)
(0.0435 0.0005 0)
(0.044 0.0005 0)
(0.0445 0.0005 0)
(0.045 0.0005 0)
(0.0455 0.0005 0)
(0.046 0.0005 0)
(0.0465 0.0005 0)
(0.047 0.0005 0)
(0.0475 0.0005 0)
(0.048 0.0005 0)
(0.0485 0.0005 0)
(0.049 0.0005 0)
(0.0495 0.0005 0)
(0.05 0.0005 0)
(0 0.001 0)
(0.0005 0.001 0)
(0.001 0.001 0)
(0.0015 0.001 0)
(0.002 0.001 0)
(0.0025 0.001 0)
(0.003 0.001 0)
(0.0035 0.001 0)
(0.004 0.001 0)
(0.0045 0.001 0)
(0.005 0.001 0)
(0.0055 0.001 0)
(0.006 0.001 0)
(0.0065 0.001 0)
(0.007 0.001 0)
(0.0075 0.001 0)
(0.008 0.001 0)
(0.0085 0.001 0)
(0.009 0.001 0)
(0.0095 0.001 0)
(0.01 0.001 0)
(0.0105 0.001 0)
(0.011 0.001 0)
(0.0115 0.001 0)
(0.012 0.001 0)
(0.0125 0.001 0)
(0.013 0.001 0)
(0.0135 0.001 0)
(0.014 0.001 0)
(0.0145 0.001 0)
(0.015 0.001 0)
(0.0155 0.001 0)
(0.016 0.001 0)
(0.0165 0.001 0)
(0.017 0.001 0)
(0.0175 0.001 0)
(0.018 0.001 0)
(0.0185 0.001 0)
(0.019 0.001 0)
(0.0195 0.001 0)
(0.02 0.001 0)
(0.0205 0.001 0)
(0.021 0.001 0)
(0.0215 0.001 0)
(0.022 0.001 0)
(0.0225 0.001 0)
(0.023 0.001 0)
(0.0235 0.001 0)
(0.024 0.001 0)
(0.0245 0.001 0)
(0.025 0.001 0)
(0.0255 0.001 0)
(0.026 0.001 0)
(0.0265 0.001 0)
(0.027 0.001 0)
(0.0275 0.001 0)
(0.028 0.001 0)
(0.0285 0.001 0)
(0.029 0.001 0)
(0.0295 0.001 0)
(0.03 0.001 0)
(0.0305 0.001 0)
(0.031 0.001 0)
(0.0315 0.001 0)
(0.032 0.001 0)
(0.0325 0.001 0)
(0.033 0.001 0)
(0.0335 0.001 0)
(0.034 0.001 0)
(0.0345 0.001 0)
(0.035 0.001 0)
(0.0355 0.001 0)
(0.036 0.001 0)
(0.0365 0.001 0)
(0.037 0.001 0)
(0.0375 0.001 0)
(0.038 0.001 0)
(0.0385 0.001 0)
(0.039 0.001 0)
(0.0395 0.001 0)
(0.04 0.001 0)
(0.0405 0.001 0)
(0.041 0.001 0)
(0.0415 0.001 0)
(0.042 0.001 0)
(0.0425 0.001 0)
(0.043 0.001 0)
(0.0435 0.001 0)
(0.044 0.001 0)
(0.0445 0.001 0)
(0.045 0.001 0)
(0.0455 0.001 0)
(0.046 0.001 0)
(0.0465 0.001 0)
(0.047 0.001 0)
(0.0475 0.001 0)
(0.048 0.001 0)
(0.0485 0.001 0)
(0.049 0.001 0)
(0.0495 0.001 0)
(0.05 0.001 0)
(0 0.0015 0)
(0.0005 0.0015 0)
(0.001 0.0015 0)
(0.0015 0.0015 0)
(0.002 0.0015 0)
(0.0025 0.0015 0)
(0.003 0.0015 0)
(0.0035 0.0015 0)
(0.004 0.0015 0)
(0.0045 0.0015 0)
(0.005 0.0015 0)
(0.0055 0.0015 0)
(0.006 0.0015 0)
(0.0065 0.0015 0)
(0.007 0.0015 0)
(0.0075 0.0015 0)
(0.008 0.0015 0)
(0.0085 0.0015 0)
(0.009 0.0015 0)
(0.0095 0.0015 0)
(0.01 0.0015 0)
(0.0105 0.0015 0)
(0.011 0.0015 0)
(0.0115 0.0015 0)
(0.012 0.0015 0)
(0.0125 0.0015 0)
(0.013 0.0015 0)
(0.0135 0.0015 0)
(0.014 0.0015 0)
(0.0145 0.0015 0)
(0.015 0.0015 0)
(0.0155 0.0015 0)
(0.016 0.0015 0)
(0.0165 0.0015 0)
(0.017 0.0015 0)
(0.0175 0.0015 0)
(0.018 0.0015 0)
(0.0185 0.0015 0)
(0.019 0.0015 0)
(0.0195 0.0015 0)
(0.02 0.0015 0)
(0.0205 0.0015 0)
(0.021 0.0015 0)
(0.0215 0.0015 0)
(0.022 0.0015 0)
(0.0225 0.0015 0)
(0.023 0.0015 0)
(0.0235 0.0015 0)
(0.024 0.0015 0)
(0.0245 0.0015 0)
(0.025 0.0015 0)
(0.0255 0.0015 0)
(0.026 0.0015 0)
(0.0265 0.0015 0)
(0.027 0.0015 0)
(0.0275 0.0015 0)
(0.028 0.0015 0)
(0.0285 0.0015 0)
(0.029 0.0015 0)
(0.0295 0.0015 0)
(0.03 0.0015 0)
(0.0305 0.0015 0)
(0.031 0.0015 0)
(0.0315 0.0015 0)
(0.032 0.0015 0)
(0.0325 0.0015 0)
(0.033 0.0015 0)
(0.0335 0.0015 0)
(0.034 0.0015 0)
(0.0345 0.0015 0)
(0.035 0.0015 0)
(0.0355 0.0015 0)
(0.036 0.0015 0)
(0.0365 0.0015 0)
(0.037 0.0015 0)
(0.0375 0.0015 0)
(0.038 0.0015 0)
(0.0385 0.0015 0)
(0.039 0.0015 0)
(0.0395 0.0015 0)
(0.04 0.0015 0)
(0.0405 0.0015 0)
(0.041 0.0015 0)
(0.0415 0.0015 0)
(0.042 0.0015 0)
(0.0425 0.0015 0)
(0.043 0.0015 0)
(0.0435 0.0015 0)
(0.044 0.0015 0)
(0.0445 0.0015 0)
(0.045 0.0015 0)
(0.0455 0.0015 0)
(0.046 0.0015 0)
(0.0465 0.0015 0)
(0.047 0.0015 0)
(0.0475 0.0015 0)
(0.048 0.0015 0)
(0.0485 0.0015 0)
(0.049 0.0015 0)
(0.0495 0.0015 0)
(0.05 0.0015 0)
(0 0.002 0)
(0.0005 0.002 0)
(0.001 0.002 0)
(0.0015 0.002 0)
(0.002 0.002 0)
(0.0025 0.002 0)
(0.003 0.002 0)
(0.0035 0.002 0)
(0.004 0.002 0)
(0.0045 0.002 0)
(0.005 0.002 0)
(0.0055 0.002 0)
(0.006 0.002 0)
(0.0065 0.002 0)
(0.007 0.002 0)
(0.0075 0.002 0)
(0.008 0.002 0)
(0.0085 0.002 0)
(0.009 0.002 0)
(0.0095 0.002 0)
(0.01 0.002 0)
(0.0105 0.002 0)
(0.011 0.002 0)
(0.0115 0.002 0)
(0.012 0.002 0)
(0.0125 0.002 0)
(0.013 0.002 0)
(0.0135 0.002 0)
(0.014 0.002 0)
(0.0145 0.002 0)
(0.015 0.002 0)
(0.0155 0.002 0)
(0.016 0.002 0)
(0.0165 0.002 0)
(0.017 0.002 0)
(0.0175 0.002 0)
(0.018 0.002 0)
(0.0185 0.002 0)
(0.019 0.002 0)
(0.0195 0.002 0)
(0.02 0.002 0)
(0.0205 0.002 0)
(0.021 0.002 0)
(0.0215 0.002 0)
(0.022 0.002 0)
(0.0225 0.002 0)
(0.023 0.002 0)
(0.0235 0.002 0)
(0.024 0.002 0)
(0.0245 0.002 0)
(0.025 0.002 0)
(0.0255 0.002 0)
(0.026 0.002 0)
(0.0265 0.002 0)
(0.027 0.002 0)
(0.0275 0.002 0)
(0.028 0.002 0)
(0.0285 0.002 0)
(0.029 0.002 0)
(0.0295 0.002 0)
(0.03 0.002 0)
(0.0305 0.002 0)
(0.031 0.002 0)
(0.0315 0.002 0)
(0.032 0.002 0)
(0.0325 0.002 0)
(0.033 0.002 0)
(0.0335 0.002 0)
(0.034 0.002 0)
(0.0345 0.002 0)
(0.035 0.002 0)
(0.0355 0.002 0)
(0.036 0.002 0)
(0.0365 0.002 0)
(0.037 0.002 0)
(0.0375 0.002 0)
(0.038 0.002 0)
(0.0385 0.002 0)
(0.039 0.002 0)
(0.0395 0.002 0)
(0.04 0.002 0)
(0.0405 0.002 0)
(0.041 0.002 0)
(0.0415 0.002 0)
(0.042 0.002 0)
(0.0425 0.002 0)
(0.043 0.002 0)
(0.0435 0.002 0)
(0.044 0.002 0)
(0.0445 0.002 0)
(0.045 0.002 0)
(0.0455 0.002 0)
(0.046 0.002 0)
(0.0465 0.002 0)
(0.047 0.002 0)
(0.0475 0.002 0)
(0.048 0.002 0)
(0.0485 0.002 0)
(0.049 0.002 0)
(0.0495 0.002 0)
(0.05 0.002 0)
(0 0.0025 0)
(0.0005 0.0025 0)
(0.001 0.0025 0)
(0.0015 0.0025 0)
(0.002 0.0025 0)
(0.0025 0.0025 0)
(0.003 0.0025 0)
(0.0035 0.0025 0)
(0.004 0.0025 0)
(0.0045 0.0025 0)
(0.005 0.0025 0)
(0.0055 0.0025 0)
(0.006 0.0025 0)
(0.0065 0.0025 0)
(0.007 0.0025 0)
(0.0075 0.0025 0)
(0.008 0.0025 0)
(0.0085 0.0025 0)
(0.009 0.0025 0)
(0.0095 0.0025 0)
(0.01 0.0025 0)
(0.0105 0.0025 0)
(0.011 0.0025 0)
(0.0115 0.0025 0)
(0.012 0.0025 0)
(0.0125 0.0025 0)
(0.013 0.0025 0)
(0.0135 0.0025 0)
(0.014 0.0025 0)
(0.0145 0.0025 0)
(0.015 0.0025 0)
(0.0155 0.0025 0)
(0.016 0.0025 0)
(0.0165 0.0025 0)
(0.017 0.0025 0)
(0.0175 0.0025 0)
(0.018 0.0025 0)
(0.0185 0.0025 0)
(0.019 0.0025 0)
(0.0195 0.0025 0)
(0.02 0.0025 0)
(0.0205 0.0025 0)
(0.021 0.0025 0)
(0.0215 0.0025 0)
(0.022 0.0025 0)
(0.0225 0.0025 0)
(0.023 0.0025 0)
(0.0235 0.0025 0)
(0.024 0.0025 0)
(0.0245 0.0025 0)
(0.025 0.0025 0)
(0.0255 0.0025 0)
(0.026 0.0025 0)
(0.0265 0.0025 0)
(0.027 0.0025 0)
(0.0275 0.0025 0)
(0.028 0.0025 0)
(0.0285 0.0025 0)
(0.029 0.0025 0)
(0.0295 0.0025 0)
(0.03 0.0025 0)
(0.0305 0.0025 0)
(0.031 0.0025 0)
(0.0315 0.0025 0)
(0.032 0.0025 0)
(0.0325 0.0025 0)
(0.033 0.0025 0)
(0.0335 0.0025 0)
(0.034 0.0025 0)
(0.0345 0.0025 0)
(0.035 0.0025 0)
(0.0355 0.0025 0)
(0.036 0.0025 0)
(0.0365 0.0025 0)
(0.037 0.0025 0)
(0.0375 0.0025 0)
(0.038 0.0025 0)
(0.0385 0.0025 0)
(0.039 0.0025 0)
(0.0395 0.0025 0)
(0.04 0.0025 0)
(0.0405 0.0025 0)
(0.041 0.0025 0)
(0.0415 0.0025 0)
(0.042 0.0025 0)
(0.0425 0.0025 0)
(0.043 0.0025 0)
(0.0435 0.0025 0)
(0.044 0.0025 0)
(0.0445 0.0025 0)
(0.045 0.0025 0)
(0.0455 0.0025 0)
(0.046 0.0025 0)
(0.0465 0.0025 0)
(0.047 0.0025 0)
(0.0475 0.0025 0)
(0.048 0.0025 0)
(0.0485 0.0025 0)
(0.049 0.0025 0)
(0.0495 0.0025 0)
(0.05 0.0025 0)
(0 0.003 0)
(0.0005 0.003 0)
(0.001 0.003 0)
(0.0015 0.003 0)
(0.002 0.003 0)
(0.0025 0.003 0)
(0.003 0.003 0)
(0.0035 0.003 0)
(0.004 0.003 0)
(0.0045 0.003 0)
(0.005 0.003 0)
(0.0055 0.003 0)
(0.006 0.003 0)
(0.0065 0.003 0)
(0.007 0.003 0)
(0.0075 0.003 0)
(0.008 0.003 0)
(0.0085 0.003 0)
(0.009 0.003 0)
(0.0095 0.003 0)
(0.01 0.003 0)
(0.0105 0.003 0)
(0.011 0.003 0)
(0.0115 0.003 0)
(0.012 0.003 0)
(0.0125 0.003 0)
(0.013 0.003 0)
(0.0135 0.003 0)
(0.014 0.003 0)
(0.0145 0.003 0)
(0.015 0.003 0)
(0.0155 0.003 0)
(0.016 0.003 0)
(0.0165 0.003 0)
(0.017 0.003 0)
(0.0175 0.003 0)
(0.018 0.003 0)
(0.0185 0.003 0)
(0.019 0.003 0)
(0.0195 0.003 0)
(0.02 0.003 0)
(0.0205 0.003 0)
(0.021 0.003 0)
(0.0215 0.003 0)
(0.022 0.003 0)
(0.0225 0.003 0)
(0.023 0.003 0)
(0.0235 0.003 0)
(0.024 0.003 0)
(0.0245 0.003 0)
(0.025 0.003 0)
(0.0255 0.003 0)
(0.026 0.003 0)
(0.0265 0.003 0)
(0.027 0.003 0)
(0.0275 0.003 0)
(0.028 0.003 0)
(0.0285 0.003 0)
(0.029 0.003 0)
(0.0295 0.003 0)
(0.03 0.003 0)
(0.0305 0.003 0)
(0.031 0.003 0)
(0.0315 0.003 0)
(0.032 0.003 0)
(0.0325 0.003 0)
(0.033 0.003 0)
(0.0335 0.003 0)
(0.034 0.003 0)
(0.0345 0.003 0)
(0.035 0.003 0)
(0.0355 0.003 0)
(0.036 0.003 0)
(0.0365 0.003 0)
(0.037 0.003 0)
(0.0375 0.003 0)
(0.038 0.003 0)
(0.0385 0.003 0)
(0.039 0.003 0)
(0.0395 0.003 0)
(0.04 0.003 0)
(0.0405 0.003 0)
(0.041 0.003 0)
(0.0415 0.003 0)
(0.042 0.003 0)
(0.0425 0.003 0)
(0.043 0.003 0)
(0.0435 0.003 0)
(0.044 0.003 0)
(0.0445 0.003 0)
(0.045 0.003 0)
(0.0455 0.003 0)
(0.046 0.003 0)
(0.0465 0.003 0)
(0.047 0.003 0)
(0.0475 0.003 0)
(0.048 0.003 0)
(0.0485 0.003 0)
(0.049 0.003 0)
(0.0495 0.003 0)
(0.05 0.003 0)
(0 0.0035 0)
(0.0005 0.0035 0)
(0.001 0.0035 0)
(0.0015 0.0035 0)
(0.002 0.0035 0)
(0.0025 0.0035 0)
(0.003 0.0035 0)
(0.0035 0.0035 0)
(0.004 0.0035 0)
(0.0045 0.0035 0)
(0.005 0.0035 0)
(0.0055 0.0035 0)
(0.006 0.0035 0)
(0.0065 0.0035 0)
(0.007 0.0035 0)
(0.0075 0.0035 0)
(0.008 0.0035 0)
(0.0085 0.0035 0)
(0.009 0.0035 0)
(0.0095 0.0035 0)
(0.01 0.0035 0)
(0.0105 0.0035 0)
(0.011 0.0035 0)
(0.0115 0.0035 0)
(0.012 0.0035 0)
(0.0125 0.0035 0)
(0.013 0.0035 0)
(0.0135 0.0035 0)
(0.014 0.0035 0)
(0.0145 0.0035 0)
(0.015 0.0035 0)
(0.0155 0.0035 0)
(0.016 0.0035 0)
(0.0165 0.0035 0)
(0.017 0.0035 0)
(0.0175 0.0035 0)
(0.018 0.0035 0)
(0.0185 0.0035 0)
(0.019 0.0035 0)
(0.0195 0.0035 0)
(0.02 0.0035 0)
(0.0205 0.0035 0)
(0.021 0.0035 0)
(0.0215 0.0035 0)
(0.022 0.0035 0)
(0.0225 0.0035 0)
(0.023 0.0035 0)
(0.0235 0.0035 0)
(0.024 0.0035 0)
(0.0245 0.0035 0)
(0.025 0.0035 0)
(0.0255 0.0035 0)
(0.026 0.0035 0)
(0.0265 0.0035 0)
(0.027 0.0035 0)
(0.0275 0.0035 0)
(0.028 0.0035 0)
(0.0285 0.0035 0)
(0.029 0.0035 0)
(0.0295 0.0035 0)
(0.03 0.0035 0)
(0.0305 0.0035 0)
(0.031 0.0035 0)
(0.0315 0.0035 0)
(0.032 0.0035 0)
(0.0325 0.0035 0)
(0.033 0.0035 0)
(0.0335 0.0035 0)
(0.034 0.0035 0)
(0.0345 0.0035 0)
(0.035 0.0035 0)
(0.0355 0.0035 0)
(0.036 0.0035 0)
(0.0365 0.0035 0)
(0.037 0.0035 0)
(0.0375 0.0035 0)
(0.038 0.0035 0)
(0.0385 0.0035 0)
(0.039 0.0035 0)
(0.0395 0.0035 0)
(0.04 0.0035 0)
(0.0405 0.0035 0)
(0.041 0.0035 0)
(0.0415 0.0035 0)
(0.042 0.0035 0)
(0.0425 0.0035 0)
(0.043 0.0035 0)
(0.0435 0.0035 0)
(0.044 0.0035 0)
(0.0445 0.0035 0)
(0.045 0.0035 0)
(0.0455 0.0035 0)
(0.046 0.0035 0)
(0.0465 0.0035 0)
(0.047 0.0035 0)
(0.0475 0.0035 0)
(0.048 0.0035 0)
(0.0485 0.0035 0)
(0.049 0.0035 0)
(0.0495 0.0035 0)
(0.05 0.0035 0)
(0 0.004 0)
(0.0005 0.004 0)
(0.001 0.004 0)
(0.0015 0.004 0)
(0.002 0.004 0)
(0.0025 0.004 0)
(0.003 0.004 0)
(0.0035 0.004 0)
(0.004 0.004 0)
(0.0045 0.004 0)
(0.005 0.004 0)
(0.0055 0.004 0)
(0.006 0.004 0)
(0.0065 0.004 0)
(0.007 0.004 0)
(0.0075 0.004 0)
(0.008 0.004 0)
(0.0085 0.004 0)
(0.009 0.004 0)
(0.0095 0.004 0)
(0.01 0.004 0)
(0.0105 0.004 0)
(0.011 0.004 0)
(0.0115 0.004 0)
(0.012 0.004 0)
(0.0125 0.004 0)
(0.013 0.004 0)
(0.0135 0.004 0)
(0.014 0.004 0)
(0.0145 0.004 0)
(0.015 0.004 0)
(0.0155 0.004 0)
(0.016 0.004 0)
(0.0165 0.004 0)
(0.017 0.004 0)
(0.0175 0.004 0)
(0.018 0.004 0)
(0.0185 0.004 0)
(0.019 0.004 0)
(0.0195 0.004 0)
(0.02 0.004 0)
(0.0205 0.004 0)
(0.021 0.004 0)
(0.0215 0.004 0)
(0.022 0.004 0)
(0.0225 0.004 0)
(0.023 0.004 0)
(0.0235 0.004 0)
(0.024 0.004 0)
(0.0245 0.004 0)
(0.025 0.004 0)
(0.0255 0.004 0)
(0.026 0.004 0)
(0.0265 0.004 0)
(0.027 0.004 0)
(0.0275 0.004 0)
(0.028 0.004 0)
(0.0285 0.004 0)
(0.029 0.004 0)
(0.0295 0.004 0)
(0.03 0.004 0)
(0.0305 0.004 0)
(0.031 0.004 0)
(0.0315 0.004 0)
(0.032 0.004 0)
(0.0325 0.004 0)
(0.033 0.004 0)
(0.0335 0.004 0)
(0.034 0.004 0)
(0.0345 0.004 0)
(0.035 0.004 0)
(0.0355 0.004 0)
(0.036 0.004 0)
(0.0365 0.004 0)
(0.037 0.004 0)
(0.0375 0.004 0)
(0.038 0.004 0)
(0.0385 0.004 0)
(0.039 0.004 0)
(0.0395 0.004 0)
(0.04 0.004 0)
(0.0405 0.004 0)
(0.041 0.004 0)
(0.0415 0.004 0)
(0.042 0.004 0)
(0.0425 0.004 0)
(0.043 0.004 0)
(0.0435 0.004 0)
(0.044 0.004 0)
(0.0445 0.004 0)
(0.045 0.004 0)
(0.0455 0.004 0)
(0.046 0.004 0)
(0.0465 0.004 0)
(0.047 0.004 0)
(0.0475 0.004 0)
(0.048 0.004 0)
(0.0485 0.004 0)
(0.049 0.004 0)
(0.0495 0.004 0)
(0.05 0.004 0)
(0 0.0045 0)
(0.0005 0.0045 0)
(0.001 0.0045 0)
(0.0015 0.0045 0)
(0.002 0.0045 0)
(0.0025 0.0045 0)
(0.003 0.0045 0)
(0.0035 0.0045 0)
(0.004 0.0045 0)
(0.0045 0.0045 0)
(0.005 0.0045 0)
(0.0055 0.0045 0)
(0.006 0.0045 0)
(0.0065 0.0045 0)
(0.007 0.0045 0)
(0.0075 0.0045 0)
(0.008 0.0045 0)
(0.0085 0.0045 0)
(0.009 0.0045 0)
(0.0095 0.0045 0)
(0.01 0.0045 0)
(0.0105 0.0045 0)
(0.011 0.0045 0)
(0.0115 0.0045 0)
(0.012 0.0045 0)
(0.0125 0.0045 0)
(0.013 0.0045 0)
(0.0135 0.0045 0)
(0.014 0.0045 0)
(0.0145 0.0045 0)
(0.015 0.0045 0)
(0.0155 0.0045 0)
(0.016 0.0045 0)
(0.0165 0.0045 0)
(0.017 0.0045 0)
(0.0175 0.0045 0)
(0.018 0.0045 0)
(0.0185 0.0045 0)
(0.019 0.0045 0)
(0.0195 0.0045 0)
(0.02 0.0045 0)
(0.0205 0.0045 0)
(0.021 0.0045 0)
(0.0215 0.0045 0)
(0.022 0.0045 0)
(0.0225 0.0045 0)
(0.023 0.0045 0)
(0.0235 0.0045 0)
(0.024 0.0045 0)
(0.0245 0.0045 0)
(0.025 0.0045 0)
(0.0255 0.0045 0)
(0.026 0.0045 0)
(0.0265 0.0045 0)
(0.027 0.0045 0)
(0.0275 0.0045 0)
(0.028 0.0045 0)
(0.0285 0.0045 0)
(0.029 0.0045 0)
(0.0295 0.0045 0)
(0.03 0.0045 0)
(0.0305 0.0045 0)
(0.031 0.0045 0)
(0.0315 0.0045 0)
(0.032 0.0045 0)
(0.0325 0.0045 0)
(0.033 0.0045 0)
(0.0335 0.0045 0)
(0.034 0.0045 0)
(0.0345 0.0045 0)
(0.035 0.0045 0)
(0.0355 0.0045 0)
(0.036 0.0045 0)
(0.0365 0.0045 0)
(0.037 0.0045 0)
(0.0375 0.0045 0)
(0.038 0.0045 0)
(0.0385 0.0045 0)
(0.039 0.0045 0)
(0.0395 0.0045 0)
(0.04 0.0045 0)
(0.0405 0.0045 0)
(0.041 0.0045 0)
(0.0415 0.0045 0)
(0.042 0.0045 0)
(0.0425 0.0045 0)
(0.043 0.0045 0)
(0.0435 0.0045 0)
(0.044 0.0045 0)
(0.0445 0.0045 0)
(0.045 0.0045 0)
(0.0455 0.0045 0)
(0.046 0.0045 0)
(0.0465 0.0045 0)
(0.047 0.0045 0)
(0.0475 0.0045 0)
(0.048 0.0045 0)
(0.0485 0.0045 0)
(0.049 0.0045 0)
(0.0495 0.0045 0)
(0.05 0.0045 0)
(0 0.005 0)
(0.0005 0.005 0)
(0.001 0.005 0)
(0.0015 0.005 0)
(0.002 0.005 0)
(0.0025 0.005 0)
(0.003 0.005 0)
(0.0035 0.005 0)
(0.004 0.005 0)
(0.0045 0.005 0)
(0.005 0.005 0)
(0.0055 0.005 0)
(0.006 0.005 0)
(0.0065 0.005 0)
(0.007 0.005 0)
(0.0075 0.005 0)
(0.008 0.005 0)
(0.0085 0.005 0)
(0.009 0.005 0)
(0.0095 0.005 0)
(0.01 0.005 0)
(0.0105 0.005 0)
(0.011 0.005 0)
(0.0115 0.005 0)
(0.012 0.005 0)
(0.0125 0.005 0)
(0.013 0.005 0)
(0.0135 0.005 0)
(0.014 0.005 0)
(0.0145 0.005 0)
(0.015 0.005 0)
(0.0155 0.005 0)
(0.016 0.005 0)
(0.0165 0.005 0)
(0.017 0.005 0)
(0.0175 0.005 0)
(0.018 0.005 0)
(0.0185 0.005 0)
(0.019 0.005 0)
(0.0195 0.005 0)
(0.02 0.005 0)
(0.0205 0.005 0)
(0.021 0.005 0)
(0.0215 0.005 0)
(0.022 0.005 0)
(0.0225 0.005 0)
(0.023 0.005 0)
(0.0235 0.005 0)
(0.024 0.005 0)
(0.0245 0.005 0)
(0.025 0.005 0)
(0.0255 0.005 0)
(0.026 0.005 0)
(0.0265 0.005 0)
(0.027 0.005 0)
(0.0275 0.005 0)
(0.028 0.005 0)
(0.0285 0.005 0)
(0.029 0.005 0)
(0.0295 0.005 0)
(0.03 0.005 0)
(0.0305 0.005 0)
(0.031 0.005 0)
(0.0315 0.005 0)
(0.032 0.005 0)
(0.0325 0.005 0)
(0.033 0.005 0)
(0.0335 0.005 0)
(0.034 0.005 0)
(0.0345 0.005 0)
(0.035 0.005 0)
(0.0355 0.005 0)
(0.036 0.005 0)
(0.0365 0.005 0)
(0.037 0.005 0)
(0.0375 0.005 0)
(0.038 0.005 0)
(0.0385 0.005 0)
(0.039 0.005 0)
(0.0395 0.005 0)
(0.04 0.005 0)
(0.0405 0.005 0)
(0.041 0.005 0)
(0.0415 0.005 0)
(0.042 0.005 0)
(0.0425 0.005 0)
(0.043 0.005 0)
(0.0435 0.005 0)
(0.044 0.005 0)
(0.0445 0.005 0)
(0.045 0.005 0)
(0.0455 0.005 0)
(0.046 0.005 0)
(0.0465 0.005 0)
(0.047 0.005 0)
(0.0475 0.005 0)
(0.048 0.005 0)
(0.0485 0.005 0)
(0.049 0.005 0)
(0.0495 0.005 0)
(0.05 0.005 0)
(0 0.0055 0)
(0.0005 0.0055 0)
(0.001 0.0055 0)
(0.0015 0.0055 0)
(0.002 0.0055 0)
(0.0025 0.0055 0)
(0.003 0.0055 0)
(0.0035 0.0055 0)
(0.004 0.0055 0)
(0.0045 0.0055 0)
(0.005 0.0055 0)
(0.0055 0.0055 0)
(0.006 0.0055 0)
(0.0065 0.0055 0)
(0.007 0.0055 0)
(0.0075 0.0055 0)
(0.008 0.0055 0)
(0.0085 0.0055 0)
(0.009 0.0055 0)
(0.0095 0.0055 0)
(0.01 0.0055 0)
(0.0105 0.0055 0)
(0.011 0.0055 0)
(0.0115 0.0055 0)
(0.012 0.0055 0)
(0.0125 0.0055 0)
(0.013 0.0055 0)
(0.0135 0.0055 0)
(0.014 0.0055 0)
(0.0145 0.0055 0)
(0.015 0.0055 0)
(0.0155 0.0055 0)
(0.016 0.0055 0)
(0.0165 0.0055 0)
(0.017 0.0055 0)
(0.0175 0.0055 0)
(0.018 0.0055 0)
(0.0185 0.0055 0)
(0.019 0.0055 0)
(0.0195 0.0055 0)
(0.02 0.0055 0)
(0.0205 0.0055 0)
(0.021 0.0055 0)
(0.0215 0.0055 0)
(0.022 0.0055 0)
(0.0225 0.0055 0)
(0.023 0.0055 0)
(0.0235 0.0055 0)
(0.024 0.0055 0)
(0.0245 0.0055 0)
(0.025 0.0055 0)
(0.0255 0.0055 0)
(0.026 0.0055 0)
(0.0265 0.0055 0)
(0.027 0.0055 0)
(0.0275 0.0055 0)
(0.028 0.0055 0)
(0.0285 0.0055 0)
(0.029 0.0055 0)
(0.0295 0.0055 0)
(0.03 0.0055 0)
(0.0305 0.0055 0)
(0.031 0.0055 0)
(0.0315 0.0055 0)
(0.032 0.0055 0)
(0.0325 0.0055 0)
(0.033 0.0055 0)
(0.0335 0.0055 0)
(0.034 0.0055 0)
(0.0345 0.0055 0)
(0.035 0.0055 0)
(0.0355 0.0055 0)
(0.036 0.0055 0)
(0.0365 0.0055 0)
(0.037 0.0055 0)
(0.0375 0.0055 0)
(0.038 0.0055 0)
(0.0385 0.0055 0)
(0.039 0.0055 0)
(0.0395 0.0055 0)
(0.04 0.0055 0)
(0.0405 0.0055 0)
(0.041 0.0055 0)
(0.0415 0.0055 0)
(0.042 0.0055 0)
(0.0425 0.0055 0)
(0.043 0.0055 0)
(0.0435 0.0055 0)
(0.044 0.0055 0)
(0.0445 0.0055 0)
(0.045 0.0055 0)
(0.0455 0.0055 0)
(0.046 0.0055 0)
(0.0465 0.0055 0)
(0.047 0.0055 0)
(0.0475 0.0055 0)
(0.048 0.0055 0)
(0.0485 0.0055 0)
(0.049 0.0055 0)
(0.0495 0.0055 0)
(0.05 0.0055 0)
(0 0.006 0)
(0.0005 0.006 0)
(0.001 0.006 0)
(0.0015 0.006 0)
(0.002 0.006 0)
(0.0025 0.006 0)
(0.003 0.006 0)
(0.0035 0.006 0)
(0.004 0.006 0)
(0.0045 0.006 0)
(0.005 0.006 0)
(0.0055 0.006 0)
(0.006 0.006 0)
(0.0065 0.006 0)
(0.007 0.006 0)
(0.0075 0.006 0)
(0.008 0.006 0)
(0.0085 0.006 0)
(0.009 0.006 0)
(0.0095 0.006 0)
(0.01 0.006 0)
(0.0105 0.006 0)
(0.011 0.006 0)
(0.0115 0.006 0)
(0.012 0.006 0)
(0.0125 0.006 0)
(0.013 0.006 0)
(0.0135 0.006 0)
(0.014 0.006 0)
(0.0145 0.006 0)
(0.015 0.006 0)
(0.0155 0.006 0)
(0.016 0.006 0)
(0.0165 0.006 0)
(0.017 0.006 0)
(0.0175 0.006 0)
(0.018 0.006 0)
(0.0185 0.006 0)
(0.019 0.006 0)
(0.0195 0.006 0)
(0.02 0.006 0)
(0.0205 0.006 0)
(0.021 0.006 0)
(0.0215 0.006 0)
(0.022 0.006 0)
(0.0225 0.006 0)
(0.023 0.006 0)
(0.0235 0.006 0)
(0.024 0.006 0)
(0.0245 0.006 0)
(0.025 0.006 0)
(0.0255 0.006 0)
(0.026 0.006 0)
(0.0265 0.006 0)
(0.027 0.006 0)
(0.0275 0.006 0)
(0.028 0.006 0)
(0.0285 0.006 0)
(0.029 0.006 0)
(0.0295 0.006 0)
(0.03 0.006 0)
(0.0305 0.006 0)
(0.031 0.006 0)
(0.0315 0.006 0)
(0.032 0.006 0)
(0.0325 0.006 0)
(0.033 0.006 0)
(0.0335 0.006 0)
(0.034 0.006 0)
(0.0345 0.006 0)
(0.035 0.006 0)
(0.0355 0.006 0)
(0.036 0.006 0)
(0.0365 0.006 0)
(0.037 0.006 0)
(0.0375 0.006 0)
(0.038 0.006 0)
(0.0385 0.006 0)
(0.039 0.006 0)
(0.0395 0.006 0)
(0.04 0.006 0)
(0.0405 0.006 0)
(0.041 0.006 0)
(0.0415 0.006 0)
(0.042 0.006 0)
(0.0425 0.006 0)
(0.043 0.006 0)
(0.0435 0.006 0)
(0.044 0.006 0)
(0.0445 0.006 0)
(0.045 0.006 0)
(0.0455 0.006 0)
(0.046 0.006 0)
(0.0465 0.006 0)
(0.047 0.006 0)
(0.0475 0.006 0)
(0.048 0.006 0)
(0.0485 0.006 0)
(0.049 0.006 0)
(0.0495 0.006 0)
(0.05 0.006 0)
(0 0.0065 0)
(0.0005 0.0065 0)
(0.001 0.0065 0)
(0.0015 0.0065 0)
(0.002 0.0065 0)
(0.0025 0.0065 0)
(0.003 0.0065 0)
(0.0035 0.0065 0)
(0.004 0.0065 0)
(0.0045 0.0065 0)
(0.005 0.0065 0)
(0.0055 0.0065 0)
(0.006 0.0065 0)
(0.0065 0.0065 0)
(0.007 0.0065 0)
(0.0075 0.0065 0)
(0.008 0.0065 0)
(0.0085 0.0065 0)
(0.009 0.0065 0)
(0.0095 0.0065 0)
(0.01 0.0065 0)
(0.0105 0.0065 0)
(0.011 0.0065 0)
(0.0115 0.0065 0)
(0.012 0.0065 0)
(0.0125 0.0065 0)
(0.013 0.0065 0)
(0.0135 0.0065 0)
(0.014 0.0065 0)
(0.0145 0.0065 0)
(0.015 0.0065 0)
(0.0155 0.0065 0)
(0.016 0.0065 0)
(0.0165 0.0065 0)
(0.017 0.0065 0)
(0.0175 0.0065 0)
(0.018 0.0065 0)
(0.0185 0.0065 0)
(0.019 0.0065 0)
(0.0195 0.0065 0)
(0.02 0.0065 0)
(0.0205 0.0065 0)
(0.021 0.0065 0)
(0.0215 0.0065 0)
(0.022 0.0065 0)
(0.0225 0.0065 0)
(0.023 0.0065 0)
(0.0235 0.0065 0)
(0.024 0.0065 0)
(0.0245 0.0065 0)
(0.025 0.0065 0)
(0.0255 0.0065 0)
(0.026 0.0065 0)
(0.0265 0.0065 0)
(0.027 0.0065 0)
(0.0275 0.0065 0)
(0.028 0.0065 0)
(0.0285 0.0065 0)
(0.029 0.0065 0)
(0.0295 0.0065 0)
(0.03 0.0065 0)
(0.0305 0.0065 0)
(0.031 0.0065 0)
(0.0315 0.0065 0)
(0.032 0.0065 0)
(0.0325 0.0065 0)
(0.033 0.0065 0)
(0.0335 0.0065 0)
(0.034 0.0065 0)
(0.0345 0.0065 0)
(0.035 0.0065 0)
(0.0355 0.0065 0)
(0.036 0.0065 0)
(0.0365 0.0065 0)
(0.037 0.0065 0)
(0.0375 0.0065 0)
(0.038 0.0065 0)
(0.0385 0.0065 0)
(0.039 0.0065 0)
(0.0395 0.0065 0)
(0.04 0.0065 0)
(0.0405 0.0065 0)
(0.041 0.0065 0)
(0.0415 0.0065 0)
(0.042 0.0065 0)
(0.0425 0.0065 0)
(0.043 0.0065 0)
(0.0435 0.0065 0)
(0.044 0.0065 0)
(0.0445 0.0065 0)
(0.045 0.0065 0)
(0.0455 0.0065 0)
(0.046 0.0065 0)
(0.0465 0.0065 0)
(0.047 0.0065 0)
(0.0475 0.0065 0)
(0.048 0.0065 0)
(0.0485 0.0065 0)
(0.049 0.0065 0)
(0.0495 0.0065 0)
(0.05 0.0065 0)
(0 0.007 0)
(0.0005 0.007 0)
(0.001 0.007 0)
(0.0015 0.007 0)
(0.002 0.007 0)
(0.0025 0.007 0)
(0.003 0.007 0)
(0.0035 0.007 0)
(0.004 0.007 0)
(0.0045 0.007 0)
(0.005 0.007 0)
(0.0055 0.007 0)
(0.006 0.007 0)
(0.0065 0.007 0)
(0.007 0.007 0)
(0.0075 0.007 0)
(0.008 0.007 0)
(0.0085 0.007 0)
(0.009 0.007 0)
(0.0095 0.007 0)
(0.01 0.007 0)
(0.0105 0.007 0)
(0.011 0.007 0)
(0.0115 0.007 0)
(0.012 0.007 0)
(0.0125 0.007 0)
(0.013 0.007 0)
(0.0135 0.007 0)
(0.014 0.007 0)
(0.0145 0.007 0)
(0.015 0.007 0)
(0.0155 0.007 0)
(0.016 0.007 0)
(0.0165 0.007 0)
(0.017 0.007 0)
(0.0175 0.007 0)
(0.018 0.007 0)
(0.0185 0.007 0)
(0.019 0.007 0)
(0.0195 0.007 0)
(0.02 0.007 0)
(0.0205 0.007 0)
(0.021 0.007 0)
(0.0215 0.007 0)
(0.022 0.007 0)
(0.0225 0.007 0)
(0.023 0.007 0)
(0.0235 0.007 0)
(0.024 0.007 0)
(0.0245 0.007 0)
(0.025 0.007 0)
(0.0255 0.007 0)
(0.026 0.007 0)
(0.0265 0.007 0)
(0.027 0.007 0)
(0.0275 0.007 0)
(0.028 0.007 0)
(0.0285 0.007 0)
(0.029 0.007 0)
(0.0295 0.007 0)
(0.03 0.007 0)
(0.0305 0.007 0)
(0.031 0.007 0)
(0.0315 0.007 0)
(0.032 0.007 0)
(0.0325 0.007 0)
(0.033 0.007 0)
(0.0335 0.007 0)
(0.034 0.007 0)
(0.0345 0.007 0)
(0.035 0.007 0)
(0.0355 0.007 0)
(0.036 0.007 0)
(0.0365 0.007 0)
(0.037 0.007 0)
(0.0375 0.007 0)
(0.038 0.007 0)
(0.0385 0.007 0)
(0.039 0.007 0)
(0.0395 0.007 0)
(0.04 0.007 0)
(0.0405 0.007 0)
(0.041 0.007 0)
(0.0415 0.007 0)
(0.042 0.007 0)
(0.0425 0.007 0)
(0.043 0.007 0)
(0.0435 0.007 0)
(0.044 0.007 0)
(0.0445 0.007 0)
(0.045 0.007 0)
(0.0455 0.007 0)
(0.046 0.007 0)
(0.0465 0.007 0)
(0.047 0.007 0)
(0.0475 0.007 0)
(0.048 0.007 0)
(0.0485 0.007 0)
(0.049 0.007 0)
(0.0495 0.007 0)
(0.05 0.007 0)
(0 0.0075 0)
(0.0005 0.0075 0)
(0.001 0.0075 0)
(0.0015 0.0075 0)
(0.002 0.0075 0)
(0.0025 0.0075 0)
(0.003 0.0075 0)
(0.0035 0.0075 0)
(0.004 0.0075 0)
(0.0045 0.0075 0)
(0.005 0.0075 0)
(0.0055 0.0075 0)
(0.006 0.0075 0)
(0.0065 0.0075 0)
(0.007 0.0075 0)
(0.0075 0.0075 0)
(0.008 0.0075 0)
(0.0085 0.0075 0)
(0.009 0.0075 0)
(0.0095 0.0075 0)
(0.01 0.0075 0)
(0.0105 0.0075 0)
(0.011 0.0075 0)
(0.0115 0.0075 0)
(0.012 0.0075 0)
(0.0125 0.0075 0)
(0.013 0.0075 0)
(0.0135 0.0075 0)
(0.014 0.0075 0)
(0.0145 0.0075 0)
(0.015 0.0075 0)
(0.0155 0.0075 0)
(0.016 0.0075 0)
(0.0165 0.0075 0)
(0.017 0.0075 0)
(0.0175 0.0075 0)
(0.018 0.0075 0)
(0.0185 0.0075 0)
(0.019 0.0075 0)
(0.0195 0.0075 0)
(0.02 0.0075 0)
(0.0205 0.0075 0)
(0.021 0.0075 0)
(0.0215 0.0075 0)
(0.022 0.0075 0)
(0.0225 0.0075 0)
(0.023 0.0075 0)
(0.0235 0.0075 0)
(0.024 0.0075 0)
(0.0245 0.0075 0)
(0.025 0.0075 0)
(0.0255 0.0075 0)
(0.026 0.0075 0)
(0.0265 0.0075 0)
(0.027 0.0075 0)
(0.0275 0.0075 0)
(0.028 0.0075 0)
(0.0285 0.0075 0)
(0.029 0.0075 0)
(0.0295 0.0075 0)
(0.03 0.0075 0)
(0.0305 0.0075 0)
(0.031 0.0075 0)
(0.0315 0.0075 0)
(0.032 0.0075 0)
(0.0325 0.0075 0)
(0.033 0.0075 0)
(0.0335 0.0075 0)
(0.034 0.0075 0)
(0.0345 0.0075 0)
(0.035 0.0075 0)
(0.0355 0.0075 0)
(0.036 0.0075 0)
(0.0365 0.0075 0)
(0.037 0.0075 0)
(0.0375 0.0075 0)
(0.038 0.0075 0)
(0.0385 0.0075 0)
(0.039 0.0075 0)
(0.0395 0.0075 0)
(0.04 0.0075 0)
(0.0405 0.0075 0)
(0.041 0.0075 0)
(0.0415 0.0075 0)
(0.042 0.0075 0)
(0.0425 0.0075 0)
(0.043 0.0075 0)
(0.0435 0.0075 0)
(0.044 0.0075 0)
(0.0445 0.0075 0)
(0.045 0.0075 0)
(0.0455 0.0075 0)
(0.046 0.0075 0)
(0.0465 0.0075 0)
(0.047 0.0075 0)
(0.0475 0.0075 0)
(0.048 0.0075 0)
(0.0485 0.0075 0)
(0.049 0.0075 0)
(0.0495 0.0075 0)
(0.05 0.0075 0)
(0 0.008 0)
(0.0005 0.008 0)
(0.001 0.008 0)
(0.0015 0.008 0)
(0.002 0.008 0)
(0.0025 0.008 0)
(0.003 0.008 0)
(0.0035 0.008 0)
(0.004 0.008 0)
(0.0045 0.008 0)
(0.005 0.008 0)
(0.0055 0.008 0)
(0.006 0.008 0)
(0.0065 0.008 0)
(0.007 0.008 0)
(0.0075 0.008 0)
(0.008 0.008 0)
(0.0085 0.008 0)
(0.009 0.008 0)
(0.0095 0.008 0)
(0.01 0.008 0)
(0.0105 0.008 0)
(0.011 0.008 0)
(0.0115 0.008 0)
(0.012 0.008 0)
(0.0125 0.008 0)
(0.013 0.008 0)
(0.0135 0.008 0)
(0.014 0.008 0)
(0.0145 0.008 0)
(0.015 0.008 0)
(0.0155 0.008 0)
(0.016 0.008 0)
(0.0165 0.008 0)
(0.017 0.008 0)
(0.0175 0.008 0)
(0.018 0.008 0)
(0.0185 0.008 0)
(0.019 0.008 0)
(0.0195 0.008 0)
(0.02 0.008 0)
(0.0205 0.008 0)
(0.021 0.008 0)
(0.0215 0.008 0)
(0.022 0.008 0)
(0.0225 0.008 0)
(0.023 0.008 0)
(0.0235 0.008 0)
(0.024 0.008 0)
(0.0245 0.008 0)
(0.025 0.008 0)
(0.0255 0.008 0)
(0.026 0.008 0)
(0.0265 0.008 0)
(0.027 0.008 0)
(0.0275 0.008 0)
(0.028 0.008 0)
(0.0285 0.008 0)
(0.029 0.008 0)
(0.0295 0.008 0)
(0.03 0.008 0)
(0.0305 0.008 0)
(0.031 0.008 0)
(0.0315 0.008 0)
(0.032 0.008 0)
(0.0325 0.008 0)
(0.033 0.008 0)
(0.0335 0.008 0)
(0.034 0.008 0)
(0.0345 0.008 0)
(0.035 0.008 0)
(0.0355 0.008 0)
(0.036 0.008 0)
(0.0365 0.008 0)
(0.037 0.008 0)
(0.0375 0.008 0)
(0.038 0.008 0)
(0.0385 0.008 0)
(0.039 0.008 0)
(0.0395 0.008 0)
(0.04 0.008 0)
(0.0405 0.008 0)
(0.041 0.008 0)
(0.0415 0.008 0)
(0.042 0.008 0)
(0.0425 0.008 0)
(0.043 0.008 0)
(0.0435 0.008 0)
(0.044 0.008 0)
(0.0445 0.008 0)
(0.045 0.008 0)
(0.0455 0.008 0)
(0.046 0.008 0)
(0.0465 0.008 0)
(0.047 0.008 0)
(0.0475 0.008 0)
(0.048 0.008 0)
(0.0485 0.008 0)
(0.049 0.008 0)
(0.0495 0.008 0)
(0.05 0.008 0)
(0 0.0085 0)
(0.0005 0.0085 0)
(0.001 0.0085 0)
(0.0015 0.0085 0)
(0.002 0.0085 0)
(0.0025 0.0085 0)
(0.003 0.0085 0)
(0.0035 0.0085 0)
(0.004 0.0085 0)
(0.0045 0.0085 0)
(0.005 0.0085 0)
(0.0055 0.0085 0)
(0.006 0.0085 0)
(0.0065 0.0085 0)
(0.007 0.0085 0)
(0.0075 0.0085 0)
(0.008 0.0085 0)
(0.0085 0.0085 0)
(0.009 0.0085 0)
(0.0095 0.0085 0)
(0.01 0.0085 0)
(0.0105 0.0085 0)
(0.011 0.0085 0)
(0.0115 0.0085 0)
(0.012 0.0085 0)
(0.0125 0.0085 0)
(0.013 0.0085 0)
(0.0135 0.0085 0)
(0.014 0.0085 0)
(0.0145 0.0085 0)
(0.015 0.0085 0)
(0.0155 0.0085 0)
(0.016 0.0085 0)
(0.0165 0.0085 0)
(0.017 0.0085 0)
(0.0175 0.0085 0)
(0.018 0.0085 0)
(0.0185 0.0085 0)
(0.019 0.0085 0)
(0.0195 0.0085 0)
(0.02 0.0085 0)
(0.0205 0.0085 0)
(0.021 0.0085 0)
(0.0215 0.0085 0)
(0.022 0.0085 0)
(0.0225 0.0085 0)
(0.023 0.0085 0)
(0.0235 0.0085 0)
(0.024 0.0085 0)
(0.0245 0.0085 0)
(0.025 0.0085 0)
(0.0255 0.0085 0)
(0.026 0.0085 0)
(0.0265 0.0085 0)
(0.027 0.0085 0)
(0.0275 0.0085 0)
(0.028 0.0085 0)
(0.0285 0.0085 0)
(0.029 0.0085 0)
(0.0295 0.0085 0)
(0.03 0.0085 0)
(0.0305 0.0085 0)
(0.031 0.0085 0)
(0.0315 0.0085 0)
(0.032 0.0085 0)
(0.0325 0.0085 0)
(0.033 0.0085 0)
(0.0335 0.0085 0)
(0.034 0.0085 0)
(0.0345 0.0085 0)
(0.035 0.0085 0)
(0.0355 0.0085 0)
(0.036 0.0085 0)
(0.0365 0.0085 0)
(0.037 0.0085 0)
(0.0375 0.0085 0)
(0.038 0.0085 0)
(0.0385 0.0085 0)
(0.039 0.0085 0)
(0.0395 0.0085 0)
(0.04 0.0085 0)
(0.0405 0.0085 0)
(0.041 0.0085 0)
(0.0415 0.0085 0)
(0.042 0.0085 0)
(0.0425 0.0085 0)
(0.043 0.0085 0)
(0.0435 0.0085 0)
(0.044 0.0085 0)
(0.0445 0.0085 0)
(0.045 0.0085 0)
(0.0455 0.0085 0)
(0.046 0.0085 0)
(0.0465 0.0085 0)
(0.047 0.0085 0)
(0.0475 0.0085 0)
(0.048 0.0085 0)
(0.0485 0.0085 0)
(0.049 0.0085 0)
(0.0495 0.0085 0)
(0.05 0.0085 0)
(0 0.009 0)
(0.0005 0.009 0)
(0.001 0.009 0)
(0.0015 0.009 0)
(0.002 0.009 0)
(0.0025 0.009 0)
(0.003 0.009 0)
(0.0035 0.009 0)
(0.004 0.009 0)
(0.0045 0.009 0)
(0.005 0.009 0)
(0.0055 0.009 0)
(0.006 0.009 0)
(0.0065 0.009 0)
(0.007 0.009 0)
(0.0075 0.009 0)
(0.008 0.009 0)
(0.0085 0.009 0)
(0.009 0.009 0)
(0.0095 0.009 0)
(0.01 0.009 0)
(0.0105 0.009 0)
(0.011 0.009 0)
(0.0115 0.009 0)
(0.012 0.009 0)
(0.0125 0.009 0)
(0.013 0.009 0)
(0.0135 0.009 0)
(0.014 0.009 0)
(0.0145 0.009 0)
(0.015 0.009 0)
(0.0155 0.009 0)
(0.016 0.009 0)
(0.0165 0.009 0)
(0.017 0.009 0)
(0.0175 0.009 0)
(0.018 0.009 0)
(0.0185 0.009 0)
(0.019 0.009 0)
(0.0195 0.009 0)
(0.02 0.009 0)
(0.0205 0.009 0)
(0.021 0.009 0)
(0.0215 0.009 0)
(0.022 0.009 0)
(0.0225 0.009 0)
(0.023 0.009 0)
(0.0235 0.009 0)
(0.024 0.009 0)
(0.0245 0.009 0)
(0.025 0.009 0)
(0.0255 0.009 0)
(0.026 0.009 0)
(0.0265 0.009 0)
(0.027 0.009 0)
(0.0275 0.009 0)
(0.028 0.009 0)
(0.0285 0.009 0)
(0.029 0.009 0)
(0.0295 0.009 0)
(0.03 0.009 0)
(0.0305 0.009 0)
(0.031 0.009 0)
(0.0315 0.009 0)
(0.032 0.009 0)
(0.0325 0.009 0)
(0.033 0.009 0)
(0.0335 0.009 0)
(0.034 0.009 0)
(0.0345 0.009 0)
(0.035 0.009 0)
(0.0355 0.009 0)
(0.036 0.009 0)
(0.0365 0.009 0)
(0.037 0.009 0)
(0.0375 0.009 0)
(0.038 0.009 0)
(0.0385 0.009 0)
(0.039 0.009 0)
(0.0395 0.009 0)
(0.04 0.009 0)
(0.0405 0.009 0)
(0.041 0.009 0)
(0.0415 0.009 0)
(0.042 0.009 0)
(0.0425 0.009 0)
(0.043 0.009 0)
(0.0435 0.009 0)
(0.044 0.009 0)
(0.0445 0.009 0)
(0.045 0.009 0)
(0.0455 0.009 0)
(0.046 0.009 0)
(0.0465 0.009 0)
(0.047 0.009 0)
(0.0475 0.009 0)
(0.048 0.009 0)
(0.0485 0.009 0)
(0.049 0.009 0)
(0.0495 0.009 0)
(0.05 0.009 0)
(0 0.0095 0)
(0.0005 0.0095 0)
(0.001 0.0095 0)
(0.0015 0.0095 0)
(0.002 0.0095 0)
(0.0025 0.0095 0)
(0.003 0.0095 0)
(0.0035 0.0095 0)
(0.004 0.0095 0)
(0.0045 0.0095 0)
(0.005 0.0095 0)
(0.0055 0.0095 0)
(0.006 0.0095 0)
(0.0065 0.0095 0)
(0.007 0.0095 0)
(0.0075 0.0095 0)
(0.008 0.0095 0)
(0.0085 0.0095 0)
(0.009 0.0095 0)
(0.0095 0.0095 0)
(0.01 0.0095 0)
(0.0105 0.0095 0)
(0.011 0.0095 0)
(0.0115 0.0095 0)
(0.012 0.0095 0)
(0.0125 0.0095 0)
(0.013 0.0095 0)
(0.0135 0.0095 0)
(0.014 0.0095 0)
(0.0145 0.0095 0)
(0.015 0.0095 0)
(0.0155 0.0095 0)
(0.016 0.0095 0)
(0.0165 0.0095 0)
(0.017 0.0095 0)
(0.0175 0.0095 0)
(0.018 0.0095 0)
(0.0185 0.0095 0)
(0.019 0.0095 0)
(0.0195 0.0095 0)
(0.02 0.0095 0)
(0.0205 0.0095 0)
(0.021 0.0095 0)
(0.0215 0.0095 0)
(0.022 0.0095 0)
(0.0225 0.0095 0)
(0.023 0.0095 0)
(0.0235 0.0095 0)
(0.024 0.0095 0)
(0.0245 0.0095 0)
(0.025 0.0095 0)
(0.0255 0.0095 0)
(0.026 0.0095 0)
(0.0265 0.0095 0)
(0.027 0.0095 0)
(0.0275 0.0095 0)
(0.028 0.0095 0)
(0.0285 0.0095 0)
(0.029 0.0095 0)
(0.0295 0.0095 0)
(0.03 0.0095 0)
(0.0305 0.0095 0)
(0.031 0.0095 0)
(0.0315 0.0095 0)
(0.032 0.0095 0)
(0.0325 0.0095 0)
(0.033 0.0095 0)
(0.0335 0.0095 0)
(0.034 0.0095 0)
(0.0345 0.0095 0)
(0.035 0.0095 0)
(0.0355 0.0095 0)
(0.036 0.0095 0)
(0.0365 0.0095 0)
(0.037 0.0095 0)
(0.0375 0.0095 0)
(0.038 0.0095 0)
(0.0385 0.0095 0)
(0.039 0.0095 0)
(0.0395 0.0095 0)
(0.04 0.0095 0)
(0.0405 0.0095 0)
(0.041 0.0095 0)
(0.0415 0.0095 0)
(0.042 0.0095 0)
(0.0425 0.0095 0)
(0.043 0.0095 0)
(0.0435 0.0095 0)
(0.044 0.0095 0)
(0.0445 0.0095 0)
(0.045 0.0095 0)
(0.0455 0.0095 0)
(0.046 0.0095 0)
(0.0465 0.0095 0)
(0.047 0.0095 0)
(0.0475 0.0095 0)
(0.048 0.0095 0)
(0.0485 0.0095 0)
(0.049 0.0095 0)
(0.0495 0.0095 0)
(0.05 0.0095 0)
(0 0.01 0)
(0.0005 0.01 0)
(0.001 0.01 0)
(0.0015 0.01 0)
(0.002 0.01 0)
(0.0025 0.01 0)
(0.003 0.01 0)
(0.0035 0.01 0)
(0.004 0.01 0)
(0.0045 0.01 0)
(0.005 0.01 0)
(0.0055 0.01 0)
(0.006 0.01 0)
(0.0065 0.01 0)
(0.007 0.01 0)
(0.0075 0.01 0)
(0.008 0.01 0)
(0.0085 0.01 0)
(0.009 0.01 0)
(0.0095 0.01 0)
(0.01 0.01 0)
(0.0105 0.01 0)
(0.011 0.01 0)
(0.0115 0.01 0)
(0.012 0.01 0)
(0.0125 0.01 0)
(0.013 0.01 0)
(0.0135 0.01 0)
(0.014 0.01 0)
(0.0145 0.01 0)
(0.015 0.01 0)
(0.0155 0.01 0)
(0.016 0.01 0)
(0.0165 0.01 0)
(0.017 0.01 0)
(0.0175 0.01 0)
(0.018 0.01 0)
(0.0185 0.01 0)
(0.019 0.01 0)
(0.0195 0.01 0)
(0.02 0.01 0)
(0.0205 0.01 0)
(0.021 0.01 0)
(0.0215 0.01 0)
(0.022 0.01 0)
(0.0225 0.01 0)
(0.023 0.01 0)
(0.0235 0.01 0)
(0.024 0.01 0)
(0.0245 0.01 0)
(0.025 0.01 0)
(0.0255 0.01 0)
(0.026 0.01 0)
(0.0265 0.01 0)
(0.027 0.01 0)
(0.0275 0.01 0)
(0.028 0.01 0)
(0.0285 0.01 0)
(0.029 0.01 0)
(0.0295 0.01 0)
(0.03 0.01 0)
(0.0305 0.01 0)
(0.031 0.01 0)
(0.0315 0.01 0)
(0.032 0.01 0)
(0.0325 0.01 0)
(0.033 0.01 0)
(0.0335 0.01 0)
(0.034 0.01 0)
(0.0345 0.01 0)
(0.035 0.01 0)
(0.0355 0.01 0)
(0.036 0.01 0)
(0.0365 0.01 0)
(0.037 0.01 0)
(0.0375 0.01 0)
(0.038 0.01 0)
(0.0385 0.01 0)
(0.039 0.01 0)
(0.0395 0.01 0)
(0.04 0.01 0)
(0.0405 0.01 0)
(0.041 0.01 0)
(0.0415 0.01 0)
(0.042 0.01 0)
(0.0425 0.01 0)
(0.043 0.01 0)
(0.0435 0.01 0)
(0.044 0.01 0)
(0.0445 0.01 0)
(0.045 0.01 0)
(0.0455 0.01 0)
(0.046 0.01 0)
(0.0465 0.01 0)
(0.047 0.01 0)
(0.0475 0.01 0)
(0.048 0.01 0)
(0.0485 0.01 0)
(0.049 0.01 0)
(0.0495 0.01 0)
(0.05 0.01 0)
(0 0 0.01)
(0.0005 0 0.01)
(0.001 0 0.01)
(0.0015 0 0.01)
(0.002 0 0.01)
(0.0025 0 0.01)
(0.003 0 0.01)
(0.0035 0 0.01)
(0.004 0 0.01)
(0.0045 0 0.01)
(0.005 0 0.01)
(0.0055 0 0.01)
(0.006 0 0.01)
(0.0065 0 0.01)
(0.007 0 0.01)
(0.0075 0 0.01)
(0.008 0 0.01)
(0.0085 0 0.01)
(0.009 0 0.01)
(0.0095 0 0.01)
(0.01 0 0.01)
(0.0105 0 0.01)
(0.011 0 0.01)
(0.0115 0 0.01)
(0.012 0 0.01)
(0.0125 0 0.01)
(0.013 0 0.01)
(0.0135 0 0.01)
(0.014 0 0.01)
(0.0145 0 0.01)
(0.015 0 0.01)
(0.0155 0 0.01)
(0.016 0 0.01)
(0.0165 0 0.01)
(0.017 0 0.01)
(0.0175 0 0.01)
(0.018 0 0.01)
(0.0185 0 0.01)
(0.019 0 0.01)
(0.0195 0 0.01)
(0.02 0 0.01)
(0.0205 0 0.01)
(0.021 0 0.01)
(0.0215 0 0.01)
(0.022 0 0.01)
(0.0225 0 0.01)
(0.023 0 0.01)
(0.0235 0 0.01)
(0.024 0 0.01)
(0.0245 0 0.01)
(0.025 0 0.01)
(0.0255 0 0.01)
(0.026 0 0.01)
(0.0265 0 0.01)
(0.027 0 0.01)
(0.0275 0 0.01)
(0.028 0 0.01)
(0.0285 0 0.01)
(0.029 0 0.01)
(0.0295 0 0.01)
(0.03 0 0.01)
(0.0305 0 0.01)
(0.031 0 0.01)
(0.0315 0 0.01)
(0.032 0 0.01)
(0.0325 0 0.01)
(0.033 0 0.01)
(0.0335 0 0.01)
(0.034 0 0.01)
(0.0345 0 0.01)
(0.035 0 0.01)
(0.0355 0 0.01)
(0.036 0 0.01)
(0.0365 0 0.01)
(0.037 0 0.01)
(0.0375 0 0.01)
(0.038 0 0.01)
(0.0385 0 0.01)
(0.039 0 0.01)
(0.0395 0 0.01)
(0.04 0 0.01)
(0.0405 0 0.01)
(0.041 0 0.01)
(0.0415 0 0.01)
(0.042 0 0.01)
(0.0425 0 0.01)
(0.043 0 0.01)
(0.0435 0 0.01)
(0.044 0 0.01)
(0.0445 0 0.01)
(0.045 0 0.01)
(0.0455 0 0.01)
(0.046 0 0.01)
(0.0465 0 0.01)
(0.047 0 0.01)
(0.0475 0 0.01)
(0.048 0 0.01)
(0.0485 0 0.01)
(0.049 0 0.01)
(0.0495 0 0.01)
(0.05 0 0.01)
(0 0.0005 0.01)
(0.0005 0.0005 0.01)
(0.001 0.0005 0.01)
(0.0015 0.0005 0.01)
(0.002 0.0005 0.01)
(0.0025 0.0005 0.01)
(0.003 0.0005 0.01)
(0.0035 0.0005 0.01)
(0.004 0.0005 0.01)
(0.0045 0.0005 0.01)
(0.005 0.0005 0.01)
(0.0055 0.0005 0.01)
(0.006 0.0005 0.01)
(0.0065 0.0005 0.01)
(0.007 0.0005 0.01)
(0.0075 0.0005 0.01)
(0.008 0.0005 0.01)
(0.0085 0.0005 0.01)
(0.009 0.0005 0.01)
(0.0095 0.0005 0.01)
(0.01 0.0005 0.01)
(0.0105 0.0005 0.01)
(0.011 0.0005 0.01)
(0.0115 0.0005 0.01)
(0.012 0.0005 0.01)
(0.0125 0.0005 0.01)
(0.013 0.0005 0.01)
(0.0135 0.0005 0.01)
(0.014 0.0005 0.01)
(0.0145 0.0005 0.01)
(0.015 0.0005 0.01)
(0.0155 0.0005 0.01)
(0.016 0.0005 0.01)
(0.0165 0.0005 0.01)
(0.017 0.0005 0.01)
(0.0175 0.0005 0.01)
(0.018 0.0005 0.01)
(0.0185 0.0005 0.01)
(0.019 0.0005 0.01)
(0.0195 0.0005 0.01)
(0.02 0.0005 0.01)
(0.0205 0.0005 0.01)
(0.021 0.0005 0.01)
(0.0215 0.0005 0.01)
(0.022 0.0005 0.01)
(0.0225 0.0005 0.01)
(0.023 0.0005 0.01)
(0.0235 0.0005 0.01)
(0.024 0.0005 0.01)
(0.0245 0.0005 0.01)
(0.025 0.0005 0.01)
(0.0255 0.0005 0.01)
(0.026 0.0005 0.01)
(0.0265 0.0005 0.01)
(0.027 0.0005 0.01)
(0.0275 0.0005 0.01)
(0.028 0.0005 0.01)
(0.0285 0.0005 0.01)
(0.029 0.0005 0.01)
(0.0295 0.0005 0.01)
(0.03 0.0005 0.01)
(0.0305 0.0005 0.01)
(0.031 0.0005 0.01)
(0.0315 0.0005 0.01)
(0.032 0.0005 0.01)
(0.0325 0.0005 0.01)
(0.033 0.0005 0.01)
(0.0335 0.0005 0.01)
(0.034 0.0005 0.01)
(0.0345 0.0005 0.01)
(0.035 0.0005 0.01)
(0.0355 0.0005 0.01)
(0.036 0.0005 0.01)
(0.0365 0.0005 0.01)
(0.037 0.0005 0.01)
(0.0375 0.0005 0.01)
(0.038 0.0005 0.01)
(0.0385 0.0005 0.01)
(0.039 0.0005 0.01)
(0.0395 0.0005 0.01)
(0.04 0.0005 0.01)
(0.0405 0.0005 0.01)
(0.041 0.0005 0.01)
(0.0415 0.0005 0.01)
(0.042 0.0005 0.01)
(0.0425 0.0005 0.01)
(0.043 0.0005 0.01)
(0.0435 0.0005 0.01)
(0.044 0.0005 0.01)
(0.0445 0.0005 0.01)
(0.045 0.0005 0.01)
(0.0455 0.0005 0.01)
(0.046 0.0005 0.01)
(0.0465 0.0005 0.01)
(0.047 0.0005 0.01)
(0.0475 0.0005 0.01)
(0.048 0.0005 0.01)
(0.0485 0.0005 0.01)
(0.049 0.0005 0.01)
(0.0495 0.0005 0.01)
(0.05 0.0005 0.01)
(0 0.001 0.01)
(0.0005 0.001 0.01)
(0.001 0.001 0.01)
(0.0015 0.001 0.01)
(0.002 0.001 0.01)
(0.0025 0.001 0.01)
(0.003 0.001 0.01)
(0.0035 0.001 0.01)
(0.004 0.001 0.01)
(0.0045 0.001 0.01)
(0.005 0.001 0.01)
(0.0055 0.001 0.01)
(0.006 0.001 0.01)
(0.0065 0.001 0.01)
(0.007 0.001 0.01)
(0.0075 0.001 0.01)
(0.008 0.001 0.01)
(0.0085 0.001 0.01)
(0.009 0.001 0.01)
(0.0095 0.001 0.01)
(0.01 0.001 0.01)
(0.0105 0.001 0.01)
(0.011 0.001 0.01)
(0.0115 0.001 0.01)
(0.012 0.001 0.01)
(0.0125 0.001 0.01)
(0.013 0.001 0.01)
(0.0135 0.001 0.01)
(0.014 0.001 0.01)
(0.0145 0.001 0.01)
(0.015 0.001 0.01)
(0.0155 0.001 0.01)
(0.016 0.001 0.01)
(0.0165 0.001 0.01)
(0.017 0.001 0.01)
(0.0175 0.001 0.01)
(0.018 0.001 0.01)
(0.0185 0.001 0.01)
(0.019 0.001 0.01)
(0.0195 0.001 0.01)
(0.02 0.001 0.01)
(0.0205 0.001 0.01)
(0.021 0.001 0.01)
(0.0215 0.001 0.01)
(0.022 0.001 0.01)
(0.0225 0.001 0.01)
(0.023 0.001 0.01)
(0.0235 0.001 0.01)
(0.024 0.001 0.01)
(0.0245 0.001 0.01)
(0.025 0.001 0.01)
(0.0255 0.001 0.01)
(0.026 0.001 0.01)
(0.0265 0.001 0.01)
(0.027 0.001 0.01)
(0.0275 0.001 0.01)
(0.028 0.001 0.01)
(0.0285 0.001 0.01)
(0.029 0.001 0.01)
(0.0295 0.001 0.01)
(0.03 0.001 0.01)
(0.0305 0.001 0.01)
(0.031 0.001 0.01)
(0.0315 0.001 0.01)
(0.032 0.001 0.01)
(0.0325 0.001 0.01)
(0.033 0.001 0.01)
(0.0335 0.001 0.01)
(0.034 0.001 0.01)
(0.0345 0.001 0.01)
(0.035 0.001 0.01)
(0.0355 0.001 0.01)
(0.036 0.001 0.01)
(0.0365 0.001 0.01)
(0.037 0.001 0.01)
(0.0375 0.001 0.01)
(0.038 0.001 0.01)
(0.0385 0.001 0.01)
(0.039 0.001 0.01)
(0.0395 0.001 0.01)
(0.04 0.001 0.01)
(0.0405 0.001 0.01)
(0.041 0.001 0.01)
(0.0415 0.001 0.01)
(0.042 0.001 0.01)
(0.0425 0.001 0.01)
(0.043 0.001 0.01)
(0.0435 0.001 0.01)
(0.044 0.001 0.01)
(0.0445 0.001 0.01)
(0.045 0.001 0.01)
(0.0455 0.001 0.01)
(0.046 0.001 0.01)
(0.0465 0.001 0.01)
(0.047 0.001 0.01)
(0.0475 0.001 0.01)
(0.048 0.001 0.01)
(0.0485 0.001 0.01)
(0.049 0.001 0.01)
(0.0495 0.001 0.01)
(0.05 0.001 0.01)
(0 0.0015 0.01)
(0.0005 0.0015 0.01)
(0.001 0.0015 0.01)
(0.0015 0.0015 0.01)
(0.002 0.0015 0.01)
(0.0025 0.0015 0.01)
(0.003 0.0015 0.01)
(0.0035 0.0015 0.01)
(0.004 0.0015 0.01)
(0.0045 0.0015 0.01)
(0.005 0.0015 0.01)
(0.0055 0.0015 0.01)
(0.006 0.0015 0.01)
(0.0065 0.0015 0.01)
(0.007 0.0015 0.01)
(0.0075 0.0015 0.01)
(0.008 0.0015 0.01)
(0.0085 0.0015 0.01)
(0.009 0.0015 0.01)
(0.0095 0.0015 0.01)
(0.01 0.0015 0.01)
(0.0105 0.0015 0.01)
(0.011 0.0015 0.01)
(0.0115 0.0015 0.01)
(0.012 0.0015 0.01)
(0.0125 0.0015 0.01)
(0.013 0.0015 0.01)
(0.0135 0.0015 0.01)
(0.014 0.0015 0.01)
(0.0145 0.0015 0.01)
(0.015 0.0015 0.01)
(0.0155 0.0015 0.01)
(0.016 0.0015 0.01)
(0.0165 0.0015 0.01)
(0.017 0.0015 0.01)
(0.0175 0.0015 0.01)
(0.018 0.0015 0.01)
(0.0185 0.0015 0.01)
(0.019 0.0015 0.01)
(0.0195 0.0015 0.01)
(0.02 0.0015 0.01)
(0.0205 0.0015 0.01)
(0.021 0.0015 0.01)
(0.0215 0.0015 0.01)
(0.022 0.0015 0.01)
(0.0225 0.0015 0.01)
(0.023 0.0015 0.01)
(0.0235 0.0015 0.01)
(0.024 0.0015 0.01)
(0.0245 0.0015 0.01)
(0.025 0.0015 0.01)
(0.0255 0.0015 0.01)
(0.026 0.0015 0.01)
(0.0265 0.0015 0.01)
(0.027 0.0015 0.01)
(0.0275 0.0015 0.01)
(0.028 0.0015 0.01)
(0.0285 0.0015 0.01)
(0.029 0.0015 0.01)
(0.0295 0.0015 0.01)
(0.03 0.0015 0.01)
(0.0305 0.0015 0.01)
(0.031 0.0015 0.01)
(0.0315 0.0015 0.01)
(0.032 0.0015 0.01)
(0.0325 0.0015 0.01)
(0.033 0.0015 0.01)
(0.0335 0.0015 0.01)
(0.034 0.0015 0.01)
(0.0345 0.0015 0.01)
(0.035 0.0015 0.01)
(0.0355 0.0015 0.01)
(0.036 0.0015 0.01)
(0.0365 0.0015 0.01)
(0.037 0.0015 0.01)
(0.0375 0.0015 0.01)
(0.038 0.0015 0.01)
(0.0385 0.0015 0.01)
(0.039 0.0015 0.01)
(0.0395 0.0015 0.01)
(0.04 0.0015 0.01)
(0.0405 0.0015 0.01)
(0.041 0.0015 0.01)
(0.0415 0.0015 0.01)
(0.042 0.0015 0.01)
(0.0425 0.0015 0.01)
(0.043 0.0015 0.01)
(0.0435 0.0015 0.01)
(0.044 0.0015 0.01)
(0.0445 0.0015 0.01)
(0.045 0.0015 0.01)
(0.0455 0.0015 0.01)
(0.046 0.0015 0.01)
(0.0465 0.0015 0.01)
(0.047 0.0015 0.01)
(0.0475 0.0015 0.01)
(0.048 0.0015 0.01)
(0.0485 0.0015 0.01)
(0.049 0.0015 0.01)
(0.0495 0.0015 0.01)
(0.05 0.0015 0.01)
(0 0.002 0.01)
(0.0005 0.002 0.01)
(0.001 0.002 0.01)
(0.0015 0.002 0.01)
(0.002 0.002 0.01)
(0.0025 0.002 0.01)
(0.003 0.002 0.01)
(0.0035 0.002 0.01)
(0.004 0.002 0.01)
(0.0045 0.002 0.01)
(0.005 0.002 0.01)
(0.0055 0.002 0.01)
(0.006 0.002 0.01)
(0.0065 0.002 0.01)
(0.007 0.002 0.01)
(0.0075 0.002 0.01)
(0.008 0.002 0.01)
(0.0085 0.002 0.01)
(0.009 0.002 0.01)
(0.0095 0.002 0.01)
(0.01 0.002 0.01)
(0.0105 0.002 0.01)
(0.011 0.002 0.01)
(0.0115 0.002 0.01)
(0.012 0.002 0.01)
(0.0125 0.002 0.01)
(0.013 0.002 0.01)
(0.0135 0.002 0.01)
(0.014 0.002 0.01)
(0.0145 0.002 0.01)
(0.015 0.002 0.01)
(0.0155 0.002 0.01)
(0.016 0.002 0.01)
(0.0165 0.002 0.01)
(0.017 0.002 0.01)
(0.0175 0.002 0.01)
(0.018 0.002 0.01)
(0.0185 0.002 0.01)
(0.019 0.002 0.01)
(0.0195 0.002 0.01)
(0.02 0.002 0.01)
(0.0205 0.002 0.01)
(0.021 0.002 0.01)
(0.0215 0.002 0.01)
(0.022 0.002 0.01)
(0.0225 0.002 0.01)
(0.023 0.002 0.01)
(0.0235 0.002 0.01)
(0.024 0.002 0.01)
(0.0245 0.002 0.01)
(0.025 0.002 0.01)
(0.0255 0.002 0.01)
(0.026 0.002 0.01)
(0.0265 0.002 0.01)
(0.027 0.002 0.01)
(0.0275 0.002 0.01)
(0.028 0.002 0.01)
(0.0285 0.002 0.01)
(0.029 0.002 0.01)
(0.0295 0.002 0.01)
(0.03 0.002 0.01)
(0.0305 0.002 0.01)
(0.031 0.002 0.01)
(0.0315 0.002 0.01)
(0.032 0.002 0.01)
(0.0325 0.002 0.01)
(0.033 0.002 0.01)
(0.0335 0.002 0.01)
(0.034 0.002 0.01)
(0.0345 0.002 0.01)
(0.035 0.002 0.01)
(0.0355 0.002 0.01)
(0.036 0.002 0.01)
(0.0365 0.002 0.01)
(0.037 0.002 0.01)
(0.0375 0.002 0.01)
(0.038 0.002 0.01)
(0.0385 0.002 0.01)
(0.039 0.002 0.01)
(0.0395 0.002 0.01)
(0.04 0.002 0.01)
(0.0405 0.002 0.01)
(0.041 0.002 0.01)
(0.0415 0.002 0.01)
(0.042 0.002 0.01)
(0.0425 0.002 0.01)
(0.043 0.002 0.01)
(0.0435 0.002 0.01)
(0.044 0.002 0.01)
(0.0445 0.002 0.01)
(0.045 0.002 0.01)
(0.0455 0.002 0.01)
(0.046 0.002 0.01)
(0.0465 0.002 0.01)
(0.047 0.002 0.01)
(0.0475 0.002 0.01)
(0.048 0.002 0.01)
(0.0485 0.002 0.01)
(0.049 0.002 0.01)
(0.0495 0.002 0.01)
(0.05 0.002 0.01)
(0 0.0025 0.01)
(0.0005 0.0025 0.01)
(0.001 0.0025 0.01)
(0.0015 0.0025 0.01)
(0.002 0.0025 0.01)
(0.0025 0.0025 0.01)
(0.003 0.0025 0.01)
(0.0035 0.0025 0.01)
(0.004 0.0025 0.01)
(0.0045 0.0025 0.01)
(0.005 0.0025 0.01)
(0.0055 0.0025 0.01)
(0.006 0.0025 0.01)
(0.0065 0.0025 0.01)
(0.007 0.0025 0.01)
(0.0075 0.0025 0.01)
(0.008 0.0025 0.01)
(0.0085 0.0025 0.01)
(0.009 0.0025 0.01)
(0.0095 0.0025 0.01)
(0.01 0.0025 0.01)
(0.0105 0.0025 0.01)
(0.011 0.0025 0.01)
(0.0115 0.0025 0.01)
(0.012 0.0025 0.01)
(0.0125 0.0025 0.01)
(0.013 0.0025 0.01)
(0.0135 0.0025 0.01)
(0.014 0.0025 0.01)
(0.0145 0.0025 0.01)
(0.015 0.0025 0.01)
(0.0155 0.0025 0.01)
(0.016 0.0025 0.01)
(0.0165 0.0025 0.01)
(0.017 0.0025 0.01)
(0.0175 0.0025 0.01)
(0.018 0.0025 0.01)
(0.0185 0.0025 0.01)
(0.019 0.0025 0.01)
(0.0195 0.0025 0.01)
(0.02 0.0025 0.01)
(0.0205 0.0025 0.01)
(0.021 0.0025 0.01)
(0.0215 0.0025 0.01)
(0.022 0.0025 0.01)
(0.0225 0.0025 0.01)
(0.023 0.0025 0.01)
(0.0235 0.0025 0.01)
(0.024 0.0025 0.01)
(0.0245 0.0025 0.01)
(0.025 0.0025 0.01)
(0.0255 0.0025 0.01)
(0.026 0.0025 0.01)
(0.0265 0.0025 0.01)
(0.027 0.0025 0.01)
(0.0275 0.0025 0.01)
(0.028 0.0025 0.01)
(0.0285 0.0025 0.01)
(0.029 0.0025 0.01)
(0.0295 0.0025 0.01)
(0.03 0.0025 0.01)
(0.0305 0.0025 0.01)
(0.031 0.0025 0.01)
(0.0315 0.0025 0.01)
(0.032 0.0025 0.01)
(0.0325 0.0025 0.01)
(0.033 0.0025 0.01)
(0.0335 0.0025 0.01)
(0.034 0.0025 0.01)
(0.0345 0.0025 0.01)
(0.035 0.0025 0.01)
(0.0355 0.0025 0.01)
(0.036 0.0025 0.01)
(0.0365 0.0025 0.01)
(0.037 0.0025 0.01)
(0.0375 0.0025 0.01)
(0.038 0.0025 0.01)
(0.0385 0.0025 0.01)
(0.039 0.0025 0.01)
(0.0395 0.0025 0.01)
(0.04 0.0025 0.01)
(0.0405 0.0025 0.01)
(0.041 0.0025 0.01)
(0.0415 0.0025 0.01)
(0.042 0.0025 0.01)
(0.0425 0.0025 0.01)
(0.043 0.0025 0.01)
(0.0435 0.0025 0.01)
(0.044 0.0025 0.01)
(0.0445 0.0025 0.01)
(0.045 0.0025 0.01)
(0.0455 0.0025 0.01)
(0.046 0.0025 0.01)
(0.0465 0.0025 0.01)
(0.047 0.0025 0.01)
(0.0475 0.0025 0.01)
(0.048 0.0025 0.01)
(0.0485 0.0025 0.01)
(0.049 0.0025 0.01)
(0.0495 0.0025 0.01)
(0.05 0.0025 0.01)
(0 0.003 0.01)
(0.0005 0.003 0.01)
(0.001 0.003 0.01)
(0.0015 0.003 0.01)
(0.002 0.003 0.01)
(0.0025 0.003 0.01)
(0.003 0.003 0.01)
(0.0035 0.003 0.01)
(0.004 0.003 0.01)
(0.0045 0.003 0.01)
(0.005 0.003 0.01)
(0.0055 0.003 0.01)
(0.006 0.003 0.01)
(0.0065 0.003 0.01)
(0.007 0.003 0.01)
(0.0075 0.003 0.01)
(0.008 0.003 0.01)
(0.0085 0.003 0.01)
(0.009 0.003 0.01)
(0.0095 0.003 0.01)
(0.01 0.003 0.01)
(0.0105 0.003 0.01)
(0.011 0.003 0.01)
(0.0115 0.003 0.01)
(0.012 0.003 0.01)
(0.0125 0.003 0.01)
(0.013 0.003 0.01)
(0.0135 0.003 0.01)
(0.014 0.003 0.01)
(0.0145 0.003 0.01)
(0.015 0.003 0.01)
(0.0155 0.003 0.01)
(0.016 0.003 0.01)
(0.0165 0.003 0.01)
(0.017 0.003 0.01)
(0.0175 0.003 0.01)
(0.018 0.003 0.01)
(0.0185 0.003 0.01)
(0.019 0.003 0.01)
(0.0195 0.003 0.01)
(0.02 0.003 0.01)
(0.0205 0.003 0.01)
(0.021 0.003 0.01)
(0.0215 0.003 0.01)
(0.022 0.003 0.01)
(0.0225 0.003 0.01)
(0.023 0.003 0.01)
(0.0235 0.003 0.01)
(0.024 0.003 0.01)
(0.0245 0.003 0.01)
(0.025 0.003 0.01)
(0.0255 0.003 0.01)
(0.026 0.003 0.01)
(0.0265 0.003 0.01)
(0.027 0.003 0.01)
(0.0275 0.003 0.01)
(0.028 0.003 0.01)
(0.0285 0.003 0.01)
(0.029 0.003 0.01)
(0.0295 0.003 0.01)
(0.03 0.003 0.01)
(0.0305 0.003 0.01)
(0.031 0.003 0.01)
(0.0315 0.003 0.01)
(0.032 0.003 0.01)
(0.0325 0.003 0.01)
(0.033 0.003 0.01)
(0.0335 0.003 0.01)
(0.034 0.003 0.01)
(0.0345 0.003 0.01)
(0.035 0.003 0.01)
(0.0355 0.003 0.01)
(0.036 0.003 0.01)
(0.0365 0.003 0.01)
(0.037 0.003 0.01)
(0.0375 0.003 0.01)
(0.038 0.003 0.01)
(0.0385 0.003 0.01)
(0.039 0.003 0.01)
(0.0395 0.003 0.01)
(0.04 0.003 0.01)
(0.0405 0.003 0.01)
(0.041 0.003 0.01)
(0.0415 0.003 0.01)
(0.042 0.003 0.01)
(0.0425 0.003 0.01)
(0.043 0.003 0.01)
(0.0435 0.003 0.01)
(0.044 0.003 0.01)
(0.0445 0.003 0.01)
(0.045 0.003 0.01)
(0.0455 0.003 0.01)
(0.046 0.003 0.01)
(0.0465 0.003 0.01)
(0.047 0.003 0.01)
(0.0475 0.003 0.01)
(0.048 0.003 0.01)
(0.0485 0.003 0.01)
(0.049 0.003 0.01)
(0.0495 0.003 0.01)
(0.05 0.003 0.01)
(0 0.0035 0.01)
(0.0005 0.0035 0.01)
(0.001 0.0035 0.01)
(0.0015 0.0035 0.01)
(0.002 0.0035 0.01)
(0.0025 0.0035 0.01)
(0.003 0.0035 0.01)
(0.0035 0.0035 0.01)
(0.004 0.0035 0.01)
(0.0045 0.0035 0.01)
(0.005 0.0035 0.01)
(0.0055 0.0035 0.01)
(0.006 0.0035 0.01)
(0.0065 0.0035 0.01)
(0.007 0.0035 0.01)
(0.0075 0.0035 0.01)
(0.008 0.0035 0.01)
(0.0085 0.0035 0.01)
(0.009 0.0035 0.01)
(0.0095 0.0035 0.01)
(0.01 0.0035 0.01)
(0.0105 0.0035 0.01)
(0.011 0.0035 0.01)
(0.0115 0.0035 0.01)
(0.012 0.0035 0.01)
(0.0125 0.0035 0.01)
(0.013 0.0035 0.01)
(0.0135 0.0035 0.01)
(0.014 0.0035 0.01)
(0.0145 0.0035 0.01)
(0.015 0.0035 0.01)
(0.0155 0.0035 0.01)
(0.016 0.0035 0.01)
(0.0165 0.0035 0.01)
(0.017 0.0035 0.01)
(0.0175 0.0035 0.01)
(0.018 0.0035 0.01)
(0.0185 0.0035 0.01)
(0.019 0.0035 0.01)
(0.0195 0.0035 0.01)
(0.02 0.0035 0.01)
(0.0205 0.0035 0.01)
(0.021 0.0035 0.01)
(0.0215 0.0035 0.01)
(0.022 0.0035 0.01)
(0.0225 0.0035 0.01)
(0.023 0.0035 0.01)
(0.0235 0.0035 0.01)
(0.024 0.0035 0.01)
(0.0245 0.0035 0.01)
(0.025 0.0035 0.01)
(0.0255 0.0035 0.01)
(0.026 0.0035 0.01)
(0.0265 0.0035 0.01)
(0.027 0.0035 0.01)
(0.0275 0.0035 0.01)
(0.028 0.0035 0.01)
(0.0285 0.0035 0.01)
(0.029 0.0035 0.01)
(0.0295 0.0035 0.01)
(0.03 0.0035 0.01)
(0.0305 0.0035 0.01)
(0.031 0.0035 0.01)
(0.0315 0.0035 0.01)
(0.032 0.0035 0.01)
(0.0325 0.0035 0.01)
(0.033 0.0035 0.01)
(0.0335 0.0035 0.01)
(0.034 0.0035 0.01)
(0.0345 0.0035 0.01)
(0.035 0.0035 0.01)
(0.0355 0.0035 0.01)
(0.036 0.0035 0.01)
(0.0365 0.0035 0.01)
(0.037 0.0035 0.01)
(0.0375 0.0035 0.01)
(0.038 0.0035 0.01)
(0.0385 0.0035 0.01)
(0.039 0.0035 0.01)
(0.0395 0.0035 0.01)
(0.04 0.0035 0.01)
(0.0405 0.0035 0.01)
(0.041 0.0035 0.01)
(0.0415 0.0035 0.01)
(0.042 0.0035 0.01)
(0.0425 0.0035 0.01)
(0.043 0.0035 0.01)
(0.0435 0.0035 0.01)
(0.044 0.0035 0.01)
(0.0445 0.0035 0.01)
(0.045 0.0035 0.01)
(0.0455 0.0035 0.01)
(0.046 0.0035 0.01)
(0.0465 0.0035 0.01)
(0.047 0.0035 0.01)
(0.0475 0.0035 0.01)
(0.048 0.0035 0.01)
(0.0485 0.0035 0.01)
(0.049 0.0035 0.01)
(0.0495 0.0035 0.01)
(0.05 0.0035 0.01)
(0 0.004 0.01)
(0.0005 0.004 0.01)
(0.001 0.004 0.01)
(0.0015 0.004 0.01)
(0.002 0.004 0.01)
(0.0025 0.004 0.01)
(0.003 0.004 0.01)
(0.0035 0.004 0.01)
(0.004 0.004 0.01)
(0.0045 0.004 0.01)
(0.005 0.004 0.01)
(0.0055 0.004 0.01)
(0.006 0.004 0.01)
(0.0065 0.004 0.01)
(0.007 0.004 0.01)
(0.0075 0.004 0.01)
(0.008 0.004 0.01)
(0.0085 0.004 0.01)
(0.009 0.004 0.01)
(0.0095 0.004 0.01)
(0.01 0.004 0.01)
(0.0105 0.004 0.01)
(0.011 0.004 0.01)
(0.0115 0.004 0.01)
(0.012 0.004 0.01)
(0.0125 0.004 0.01)
(0.013 0.004 0.01)
(0.0135 0.004 0.01)
(0.014 0.004 0.01)
(0.0145 0.004 0.01)
(0.015 0.004 0.01)
(0.0155 0.004 0.01)
(0.016 0.004 0.01)
(0.0165 0.004 0.01)
(0.017 0.004 0.01)
(0.0175 0.004 0.01)
(0.018 0.004 0.01)
(0.0185 0.004 0.01)
(0.019 0.004 0.01)
(0.0195 0.004 0.01)
(0.02 0.004 0.01)
(0.0205 0.004 0.01)
(0.021 0.004 0.01)
(0.0215 0.004 0.01)
(0.022 0.004 0.01)
(0.0225 0.004 0.01)
(0.023 0.004 0.01)
(0.0235 0.004 0.01)
(0.024 0.004 0.01)
(0.0245 0.004 0.01)
(0.025 0.004 0.01)
(0.0255 0.004 0.01)
(0.026 0.004 0.01)
(0.0265 0.004 0.01)
(0.027 0.004 0.01)
(0.0275 0.004 0.01)
(0.028 0.004 0.01)
(0.0285 0.004 0.01)
(0.029 0.004 0.01)
(0.0295 0.004 0.01)
(0.03 0.004 0.01)
(0.0305 0.004 0.01)
(0.031 0.004 0.01)
(0.0315 0.004 0.01)
(0.032 0.004 0.01)
(0.0325 0.004 0.01)
(0.033 0.004 0.01)
(0.0335 0.004 0.01)
(0.034 0.004 0.01)
(0.0345 0.004 0.01)
(0.035 0.004 0.01)
(0.0355 0.004 0.01)
(0.036 0.004 0.01)
(0.0365 0.004 0.01)
(0.037 0.004 0.01)
(0.0375 0.004 0.01)
(0.038 0.004 0.01)
(0.0385 0.004 0.01)
(0.039 0.004 0.01)
(0.0395 0.004 0.01)
(0.04 0.004 0.01)
(0.0405 0.004 0.01)
(0.041 0.004 0.01)
(0.0415 0.004 0.01)
(0.042 0.004 0.01)
(0.0425 0.004 0.01)
(0.043 0.004 0.01)
(0.0435 0.004 0.01)
(0.044 0.004 0.01)
(0.0445 0.004 0.01)
(0.045 0.004 0.01)
(0.0455 0.004 0.01)
(0.046 0.004 0.01)
(0.0465 0.004 0.01)
(0.047 0.004 0.01)
(0.0475 0.004 0.01)
(0.048 0.004 0.01)
(0.0485 0.004 0.01)
(0.049 0.004 0.01)
(0.0495 0.004 0.01)
(0.05 0.004 0.01)
(0 0.0045 0.01)
(0.0005 0.0045 0.01)
(0.001 0.0045 0.01)
(0.0015 0.0045 0.01)
(0.002 0.0045 0.01)
(0.0025 0.0045 0.01)
(0.003 0.0045 0.01)
(0.0035 0.0045 0.01)
(0.004 0.0045 0.01)
(0.0045 0.0045 0.01)
(0.005 0.0045 0.01)
(0.0055 0.0045 0.01)
(0.006 0.0045 0.01)
(0.0065 0.0045 0.01)
(0.007 0.0045 0.01)
(0.0075 0.0045 0.01)
(0.008 0.0045 0.01)
(0.0085 0.0045 0.01)
(0.009 0.0045 0.01)
(0.0095 0.0045 0.01)
(0.01 0.0045 0.01)
(0.0105 0.0045 0.01)
(0.011 0.0045 0.01)
(0.0115 0.0045 0.01)
(0.012 0.0045 0.01)
(0.0125 0.0045 0.01)
(0.013 0.0045 0.01)
(0.0135 0.0045 0.01)
(0.014 0.0045 0.01)
(0.0145 0.0045 0.01)
(0.015 0.0045 0.01)
(0.0155 0.0045 0.01)
(0.016 0.0045 0.01)
(0.0165 0.0045 0.01)
(0.017 0.0045 0.01)
(0.0175 0.0045 0.01)
(0.018 0.0045 0.01)
(0.0185 0.0045 0.01)
(0.019 0.0045 0.01)
(0.0195 0.0045 0.01)
(0.02 0.0045 0.01)
(0.0205 0.0045 0.01)
(0.021 0.0045 0.01)
(0.0215 0.0045 0.01)
(0.022 0.0045 0.01)
(0.0225 0.0045 0.01)
(0.023 0.0045 0.01)
(0.0235 0.0045 0.01)
(0.024 0.0045 0.01)
(0.0245 0.0045 0.01)
(0.025 0.0045 0.01)
(0.0255 0.0045 0.01)
(0.026 0.0045 0.01)
(0.0265 0.0045 0.01)
(0.027 0.0045 0.01)
(0.0275 0.0045 0.01)
(0.028 0.0045 0.01)
(0.0285 0.0045 0.01)
(0.029 0.0045 0.01)
(0.0295 0.0045 0.01)
(0.03 0.0045 0.01)
(0.0305 0.0045 0.01)
(0.031 0.0045 0.01)
(0.0315 0.0045 0.01)
(0.032 0.0045 0.01)
(0.0325 0.0045 0.01)
(0.033 0.0045 0.01)
(0.0335 0.0045 0.01)
(0.034 0.0045 0.01)
(0.0345 0.0045 0.01)
(0.035 0.0045 0.01)
(0.0355 0.0045 0.01)
(0.036 0.0045 0.01)
(0.0365 0.0045 0.01)
(0.037 0.0045 0.01)
(0.0375 0.0045 0.01)
(0.038 0.0045 0.01)
(0.0385 0.0045 0.01)
(0.039 0.0045 0.01)
(0.0395 0.0045 0.01)
(0.04 0.0045 0.01)
(0.0405 0.0045 0.01)
(0.041 0.0045 0.01)
(0.0415 0.0045 0.01)
(0.042 0.0045 0.01)
(0.0425 0.0045 0.01)
(0.043 0.0045 0.01)
(0.0435 0.0045 0.01)
(0.044 0.0045 0.01)
(0.0445 0.0045 0.01)
(0.045 0.0045 0.01)
(0.0455 0.0045 0.01)
(0.046 0.0045 0.01)
(0.0465 0.0045 0.01)
(0.047 0.0045 0.01)
(0.0475 0.0045 0.01)
(0.048 0.0045 0.01)
(0.0485 0.0045 0.01)
(0.049 0.0045 0.01)
(0.0495 0.0045 0.01)
(0.05 0.0045 0.01)
(0 0.005 0.01)
(0.0005 0.005 0.01)
(0.001 0.005 0.01)
(0.0015 0.005 0.01)
(0.002 0.005 0.01)
(0.0025 0.005 0.01)
(0.003 0.005 0.01)
(0.0035 0.005 0.01)
(0.004 0.005 0.01)
(0.0045 0.005 0.01)
(0.005 0.005 0.01)
(0.0055 0.005 0.01)
(0.006 0.005 0.01)
(0.0065 0.005 0.01)
(0.007 0.005 0.01)
(0.0075 0.005 0.01)
(0.008 0.005 0.01)
(0.0085 0.005 0.01)
(0.009 0.005 0.01)
(0.0095 0.005 0.01)
(0.01 0.005 0.01)
(0.0105 0.005 0.01)
(0.011 0.005 0.01)
(0.0115 0.005 0.01)
(0.012 0.005 0.01)
(0.0125 0.005 0.01)
(0.013 0.005 0.01)
(0.0135 0.005 0.01)
(0.014 0.005 0.01)
(0.0145 0.005 0.01)
(0.015 0.005 0.01)
(0.0155 0.005 0.01)
(0.016 0.005 0.01)
(0.0165 0.005 0.01)
(0.017 0.005 0.01)
(0.0175 0.005 0.01)
(0.018 0.005 0.01)
(0.0185 0.005 0.01)
(0.019 0.005 0.01)
(0.0195 0.005 0.01)
(0.02 0.005 0.01)
(0.0205 0.005 0.01)
(0.021 0.005 0.01)
(0.0215 0.005 0.01)
(0.022 0.005 0.01)
(0.0225 0.005 0.01)
(0.023 0.005 0.01)
(0.0235 0.005 0.01)
(0.024 0.005 0.01)
(0.0245 0.005 0.01)
(0.025 0.005 0.01)
(0.0255 0.005 0.01)
(0.026 0.005 0.01)
(0.0265 0.005 0.01)
(0.027 0.005 0.01)
(0.0275 0.005 0.01)
(0.028 0.005 0.01)
(0.0285 0.005 0.01)
(0.029 0.005 0.01)
(0.0295 0.005 0.01)
(0.03 0.005 0.01)
(0.0305 0.005 0.01)
(0.031 0.005 0.01)
(0.0315 0.005 0.01)
(0.032 0.005 0.01)
(0.0325 0.005 0.01)
(0.033 0.005 0.01)
(0.0335 0.005 0.01)
(0.034 0.005 0.01)
(0.0345 0.005 0.01)
(0.035 0.005 0.01)
(0.0355 0.005 0.01)
(0.036 0.005 0.01)
(0.0365 0.005 0.01)
(0.037 0.005 0.01)
(0.0375 0.005 0.01)
(0.038 0.005 0.01)
(0.0385 0.005 0.01)
(0.039 0.005 0.01)
(0.0395 0.005 0.01)
(0.04 0.005 0.01)
(0.0405 0.005 0.01)
(0.041 0.005 0.01)
(0.0415 0.005 0.01)
(0.042 0.005 0.01)
(0.0425 0.005 0.01)
(0.043 0.005 0.01)
(0.0435 0.005 0.01)
(0.044 0.005 0.01)
(0.0445 0.005 0.01)
(0.045 0.005 0.01)
(0.0455 0.005 0.01)
(0.046 0.005 0.01)
(0.0465 0.005 0.01)
(0.047 0.005 0.01)
(0.0475 0.005 0.01)
(0.048 0.005 0.01)
(0.0485 0.005 0.01)
(0.049 0.005 0.01)
(0.0495 0.005 0.01)
(0.05 0.005 0.01)
(0 0.0055 0.01)
(0.0005 0.0055 0.01)
(0.001 0.0055 0.01)
(0.0015 0.0055 0.01)
(0.002 0.0055 0.01)
(0.0025 0.0055 0.01)
(0.003 0.0055 0.01)
(0.0035 0.0055 0.01)
(0.004 0.0055 0.01)
(0.0045 0.0055 0.01)
(0.005 0.0055 0.01)
(0.0055 0.0055 0.01)
(0.006 0.0055 0.01)
(0.0065 0.0055 0.01)
(0.007 0.0055 0.01)
(0.0075 0.0055 0.01)
(0.008 0.0055 0.01)
(0.0085 0.0055 0.01)
(0.009 0.0055 0.01)
(0.0095 0.0055 0.01)
(0.01 0.0055 0.01)
(0.0105 0.0055 0.01)
(0.011 0.0055 0.01)
(0.0115 0.0055 0.01)
(0.012 0.0055 0.01)
(0.0125 0.0055 0.01)
(0.013 0.0055 0.01)
(0.0135 0.0055 0.01)
(0.014 0.0055 0.01)
(0.0145 0.0055 0.01)
(0.015 0.0055 0.01)
(0.0155 0.0055 0.01)
(0.016 0.0055 0.01)
(0.0165 0.0055 0.01)
(0.017 0.0055 0.01)
(0.0175 0.0055 0.01)
(0.018 0.0055 0.01)
(0.0185 0.0055 0.01)
(0.019 0.0055 0.01)
(0.0195 0.0055 0.01)
(0.02 0.0055 0.01)
(0.0205 0.0055 0.01)
(0.021 0.0055 0.01)
(0.0215 0.0055 0.01)
(0.022 0.0055 0.01)
(0.0225 0.0055 0.01)
(0.023 0.0055 0.01)
(0.0235 0.0055 0.01)
(0.024 0.0055 0.01)
(0.0245 0.0055 0.01)
(0.025 0.0055 0.01)
(0.0255 0.0055 0.01)
(0.026 0.0055 0.01)
(0.0265 0.0055 0.01)
(0.027 0.0055 0.01)
(0.0275 0.0055 0.01)
(0.028 0.0055 0.01)
(0.0285 0.0055 0.01)
(0.029 0.0055 0.01)
(0.0295 0.0055 0.01)
(0.03 0.0055 0.01)
(0.0305 0.0055 0.01)
(0.031 0.0055 0.01)
(0.0315 0.0055 0.01)
(0.032 0.0055 0.01)
(0.0325 0.0055 0.01)
(0.033 0.0055 0.01)
(0.0335 0.0055 0.01)
(0.034 0.0055 0.01)
(0.0345 0.0055 0.01)
(0.035 0.0055 0.01)
(0.0355 0.0055 0.01)
(0.036 0.0055 0.01)
(0.0365 0.0055 0.01)
(0.037 0.0055 0.01)
(0.0375 0.0055 0.01)
(0.038 0.0055 0.01)
(0.0385 0.0055 0.01)
(0.039 0.0055 0.01)
(0.0395 0.0055 0.01)
(0.04 0.0055 0.01)
(0.0405 0.0055 0.01)
(0.041 0.0055 0.01)
(0.0415 0.0055 0.01)
(0.042 0.0055 0.01)
(0.0425 0.0055 0.01)
(0.043 0.0055 0.01)
(0.0435 0.0055 0.01)
(0.044 0.0055 0.01)
(0.0445 0.0055 0.01)
(0.045 0.0055 0.01)
(0.0455 0.0055 0.01)
(0.046 0.0055 0.01)
(0.0465 0.0055 0.01)
(0.047 0.0055 0.01)
(0.0475 0.0055 0.01)
(0.048 0.0055 0.01)
(0.0485 0.0055 0.01)
(0.049 0.0055 0.01)
(0.0495 0.0055 0.01)
(0.05 0.0055 0.01)
(0 0.006 0.01)
(0.0005 0.006 0.01)
(0.001 0.006 0.01)
(0.0015 0.006 0.01)
(0.002 0.006 0.01)
(0.0025 0.006 0.01)
(0.003 0.006 0.01)
(0.0035 0.006 0.01)
(0.004 0.006 0.01)
(0.0045 0.006 0.01)
(0.005 0.006 0.01)
(0.0055 0.006 0.01)
(0.006 0.006 0.01)
(0.0065 0.006 0.01)
(0.007 0.006 0.01)
(0.0075 0.006 0.01)
(0.008 0.006 0.01)
(0.0085 0.006 0.01)
(0.009 0.006 0.01)
(0.0095 0.006 0.01)
(0.01 0.006 0.01)
(0.0105 0.006 0.01)
(0.011 0.006 0.01)
(0.0115 0.006 0.01)
(0.012 0.006 0.01)
(0.0125 0.006 0.01)
(0.013 0.006 0.01)
(0.0135 0.006 0.01)
(0.014 0.006 0.01)
(0.0145 0.006 0.01)
(0.015 0.006 0.01)
(0.0155 0.006 0.01)
(0.016 0.006 0.01)
(0.0165 0.006 0.01)
(0.017 0.006 0.01)
(0.0175 0.006 0.01)
(0.018 0.006 0.01)
(0.0185 0.006 0.01)
(0.019 0.006 0.01)
(0.0195 0.006 0.01)
(0.02 0.006 0.01)
(0.0205 0.006 0.01)
(0.021 0.006 0.01)
(0.0215 0.006 0.01)
(0.022 0.006 0.01)
(0.0225 0.006 0.01)
(0.023 0.006 0.01)
(0.0235 0.006 0.01)
(0.024 0.006 0.01)
(0.0245 0.006 0.01)
(0.025 0.006 0.01)
(0.0255 0.006 0.01)
(0.026 0.006 0.01)
(0.0265 0.006 0.01)
(0.027 0.006 0.01)
(0.0275 0.006 0.01)
(0.028 0.006 0.01)
(0.0285 0.006 0.01)
(0.029 0.006 0.01)
(0.0295 0.006 0.01)
(0.03 0.006 0.01)
(0.0305 0.006 0.01)
(0.031 0.006 0.01)
(0.0315 0.006 0.01)
(0.032 0.006 0.01)
(0.0325 0.006 0.01)
(0.033 0.006 0.01)
(0.0335 0.006 0.01)
(0.034 0.006 0.01)
(0.0345 0.006 0.01)
(0.035 0.006 0.01)
(0.0355 0.006 0.01)
(0.036 0.006 0.01)
(0.0365 0.006 0.01)
(0.037 0.006 0.01)
(0.0375 0.006 0.01)
(0.038 0.006 0.01)
(0.0385 0.006 0.01)
(0.039 0.006 0.01)
(0.0395 0.006 0.01)
(0.04 0.006 0.01)
(0.0405 0.006 0.01)
(0.041 0.006 0.01)
(0.0415 0.006 0.01)
(0.042 0.006 0.01)
(0.0425 0.006 0.01)
(0.043 0.006 0.01)
(0.0435 0.006 0.01)
(0.044 0.006 0.01)
(0.0445 0.006 0.01)
(0.045 0.006 0.01)
(0.0455 0.006 0.01)
(0.046 0.006 0.01)
(0.0465 0.006 0.01)
(0.047 0.006 0.01)
(0.0475 0.006 0.01)
(0.048 0.006 0.01)
(0.0485 0.006 0.01)
(0.049 0.006 0.01)
(0.0495 0.006 0.01)
(0.05 0.006 0.01)
(0 0.0065 0.01)
(0.0005 0.0065 0.01)
(0.001 0.0065 0.01)
(0.0015 0.0065 0.01)
(0.002 0.0065 0.01)
(0.0025 0.0065 0.01)
(0.003 0.0065 0.01)
(0.0035 0.0065 0.01)
(0.004 0.0065 0.01)
(0.0045 0.0065 0.01)
(0.005 0.0065 0.01)
(0.0055 0.0065 0.01)
(0.006 0.0065 0.01)
(0.0065 0.0065 0.01)
(0.007 0.0065 0.01)
(0.0075 0.0065 0.01)
(0.008 0.0065 0.01)
(0.0085 0.0065 0.01)
(0.009 0.0065 0.01)
(0.0095 0.0065 0.01)
(0.01 0.0065 0.01)
(0.0105 0.0065 0.01)
(0.011 0.0065 0.01)
(0.0115 0.0065 0.01)
(0.012 0.0065 0.01)
(0.0125 0.0065 0.01)
(0.013 0.0065 0.01)
(0.0135 0.0065 0.01)
(0.014 0.0065 0.01)
(0.0145 0.0065 0.01)
(0.015 0.0065 0.01)
(0.0155 0.0065 0.01)
(0.016 0.0065 0.01)
(0.0165 0.0065 0.01)
(0.017 0.0065 0.01)
(0.0175 0.0065 0.01)
(0.018 0.0065 0.01)
(0.0185 0.0065 0.01)
(0.019 0.0065 0.01)
(0.0195 0.0065 0.01)
(0.02 0.0065 0.01)
(0.0205 0.0065 0.01)
(0.021 0.0065 0.01)
(0.0215 0.0065 0.01)
(0.022 0.0065 0.01)
(0.0225 0.0065 0.01)
(0.023 0.0065 0.01)
(0.0235 0.0065 0.01)
(0.024 0.0065 0.01)
(0.0245 0.0065 0.01)
(0.025 0.0065 0.01)
(0.0255 0.0065 0.01)
(0.026 0.0065 0.01)
(0.0265 0.0065 0.01)
(0.027 0.0065 0.01)
(0.0275 0.0065 0.01)
(0.028 0.0065 0.01)
(0.0285 0.0065 0.01)
(0.029 0.0065 0.01)
(0.0295 0.0065 0.01)
(0.03 0.0065 0.01)
(0.0305 0.0065 0.01)
(0.031 0.0065 0.01)
(0.0315 0.0065 0.01)
(0.032 0.0065 0.01)
(0.0325 0.0065 0.01)
(0.033 0.0065 0.01)
(0.0335 0.0065 0.01)
(0.034 0.0065 0.01)
(0.0345 0.0065 0.01)
(0.035 0.0065 0.01)
(0.0355 0.0065 0.01)
(0.036 0.0065 0.01)
(0.0365 0.0065 0.01)
(0.037 0.0065 0.01)
(0.0375 0.0065 0.01)
(0.038 0.0065 0.01)
(0.0385 0.0065 0.01)
(0.039 0.0065 0.01)
(0.0395 0.0065 0.01)
(0.04 0.0065 0.01)
(0.0405 0.0065 0.01)
(0.041 0.0065 0.01)
(0.0415 0.0065 0.01)
(0.042 0.0065 0.01)
(0.0425 0.0065 0.01)
(0.043 0.0065 0.01)
(0.0435 0.0065 0.01)
(0.044 0.0065 0.01)
(0.0445 0.0065 0.01)
(0.045 0.0065 0.01)
(0.0455 0.0065 0.01)
(0.046 0.0065 0.01)
(0.0465 0.0065 0.01)
(0.047 0.0065 0.01)
(0.0475 0.0065 0.01)
(0.048 0.0065 0.01)
(0.0485 0.0065 0.01)
(0.049 0.0065 0.01)
(0.0495 0.0065 0.01)
(0.05 0.0065 0.01)
(0 0.007 0.01)
(0.0005 0.007 0.01)
(0.001 0.007 0.01)
(0.0015 0.007 0.01)
(0.002 0.007 0.01)
(0.0025 0.007 0.01)
(0.003 0.007 0.01)
(0.0035 0.007 0.01)
(0.004 0.007 0.01)
(0.0045 0.007 0.01)
(0.005 0.007 0.01)
(0.0055 0.007 0.01)
(0.006 0.007 0.01)
(0.0065 0.007 0.01)
(0.007 0.007 0.01)
(0.0075 0.007 0.01)
(0.008 0.007 0.01)
(0.0085 0.007 0.01)
(0.009 0.007 0.01)
(0.0095 0.007 0.01)
(0.01 0.007 0.01)
(0.0105 0.007 0.01)
(0.011 0.007 0.01)
(0.0115 0.007 0.01)
(0.012 0.007 0.01)
(0.0125 0.007 0.01)
(0.013 0.007 0.01)
(0.0135 0.007 0.01)
(0.014 0.007 0.01)
(0.0145 0.007 0.01)
(0.015 0.007 0.01)
(0.0155 0.007 0.01)
(0.016 0.007 0.01)
(0.0165 0.007 0.01)
(0.017 0.007 0.01)
(0.0175 0.007 0.01)
(0.018 0.007 0.01)
(0.0185 0.007 0.01)
(0.019 0.007 0.01)
(0.0195 0.007 0.01)
(0.02 0.007 0.01)
(0.0205 0.007 0.01)
(0.021 0.007 0.01)
(0.0215 0.007 0.01)
(0.022 0.007 0.01)
(0.0225 0.007 0.01)
(0.023 0.007 0.01)
(0.0235 0.007 0.01)
(0.024 0.007 0.01)
(0.0245 0.007 0.01)
(0.025 0.007 0.01)
(0.0255 0.007 0.01)
(0.026 0.007 0.01)
(0.0265 0.007 0.01)
(0.027 0.007 0.01)
(0.0275 0.007 0.01)
(0.028 0.007 0.01)
(0.0285 0.007 0.01)
(0.029 0.007 0.01)
(0.0295 0.007 0.01)
(0.03 0.007 0.01)
(0.0305 0.007 0.01)
(0.031 0.007 0.01)
(0.0315 0.007 0.01)
(0.032 0.007 0.01)
(0.0325 0.007 0.01)
(0.033 0.007 0.01)
(0.0335 0.007 0.01)
(0.034 0.007 0.01)
(0.0345 0.007 0.01)
(0.035 0.007 0.01)
(0.0355 0.007 0.01)
(0.036 0.007 0.01)
(0.0365 0.007 0.01)
(0.037 0.007 0.01)
(0.0375 0.007 0.01)
(0.038 0.007 0.01)
(0.0385 0.007 0.01)
(0.039 0.007 0.01)
(0.0395 0.007 0.01)
(0.04 0.007 0.01)
(0.0405 0.007 0.01)
(0.041 0.007 0.01)
(0.0415 0.007 0.01)
(0.042 0.007 0.01)
(0.0425 0.007 0.01)
(0.043 0.007 0.01)
(0.0435 0.007 0.01)
(0.044 0.007 0.01)
(0.0445 0.007 0.01)
(0.045 0.007 0.01)
(0.0455 0.007 0.01)
(0.046 0.007 0.01)
(0.0465 0.007 0.01)
(0.047 0.007 0.01)
(0.0475 0.007 0.01)
(0.048 0.007 0.01)
(0.0485 0.007 0.01)
(0.049 0.007 0.01)
(0.0495 0.007 0.01)
(0.05 0.007 0.01)
(0 0.0075 0.01)
(0.0005 0.0075 0.01)
(0.001 0.0075 0.01)
(0.0015 0.0075 0.01)
(0.002 0.0075 0.01)
(0.0025 0.0075 0.01)
(0.003 0.0075 0.01)
(0.0035 0.0075 0.01)
(0.004 0.0075 0.01)
(0.0045 0.0075 0.01)
(0.005 0.0075 0.01)
(0.0055 0.0075 0.01)
(0.006 0.0075 0.01)
(0.0065 0.0075 0.01)
(0.007 0.0075 0.01)
(0.0075 0.0075 0.01)
(0.008 0.0075 0.01)
(0.0085 0.0075 0.01)
(0.009 0.0075 0.01)
(0.0095 0.0075 0.01)
(0.01 0.0075 0.01)
(0.0105 0.0075 0.01)
(0.011 0.0075 0.01)
(0.0115 0.0075 0.01)
(0.012 0.0075 0.01)
(0.0125 0.0075 0.01)
(0.013 0.0075 0.01)
(0.0135 0.0075 0.01)
(0.014 0.0075 0.01)
(0.0145 0.0075 0.01)
(0.015 0.0075 0.01)
(0.0155 0.0075 0.01)
(0.016 0.0075 0.01)
(0.0165 0.0075 0.01)
(0.017 0.0075 0.01)
(0.0175 0.0075 0.01)
(0.018 0.0075 0.01)
(0.0185 0.0075 0.01)
(0.019 0.0075 0.01)
(0.0195 0.0075 0.01)
(0.02 0.0075 0.01)
(0.0205 0.0075 0.01)
(0.021 0.0075 0.01)
(0.0215 0.0075 0.01)
(0.022 0.0075 0.01)
(0.0225 0.0075 0.01)
(0.023 0.0075 0.01)
(0.0235 0.0075 0.01)
(0.024 0.0075 0.01)
(0.0245 0.0075 0.01)
(0.025 0.0075 0.01)
(0.0255 0.0075 0.01)
(0.026 0.0075 0.01)
(0.0265 0.0075 0.01)
(0.027 0.0075 0.01)
(0.0275 0.0075 0.01)
(0.028 0.0075 0.01)
(0.0285 0.0075 0.01)
(0.029 0.0075 0.01)
(0.0295 0.0075 0.01)
(0.03 0.0075 0.01)
(0.0305 0.0075 0.01)
(0.031 0.0075 0.01)
(0.0315 0.0075 0.01)
(0.032 0.0075 0.01)
(0.0325 0.0075 0.01)
(0.033 0.0075 0.01)
(0.0335 0.0075 0.01)
(0.034 0.0075 0.01)
(0.0345 0.0075 0.01)
(0.035 0.0075 0.01)
(0.0355 0.0075 0.01)
(0.036 0.0075 0.01)
(0.0365 0.0075 0.01)
(0.037 0.0075 0.01)
(0.0375 0.0075 0.01)
(0.038 0.0075 0.01)
(0.0385 0.0075 0.01)
(0.039 0.0075 0.01)
(0.0395 0.0075 0.01)
(0.04 0.0075 0.01)
(0.0405 0.0075 0.01)
(0.041 0.0075 0.01)
(0.0415 0.0075 0.01)
(0.042 0.0075 0.01)
(0.0425 0.0075 0.01)
(0.043 0.0075 0.01)
(0.0435 0.0075 0.01)
(0.044 0.0075 0.01)
(0.0445 0.0075 0.01)
(0.045 0.0075 0.01)
(0.0455 0.0075 0.01)
(0.046 0.0075 0.01)
(0.0465 0.0075 0.01)
(0.047 0.0075 0.01)
(0.0475 0.0075 0.01)
(0.048 0.0075 0.01)
(0.0485 0.0075 0.01)
(0.049 0.0075 0.01)
(0.0495 0.0075 0.01)
(0.05 0.0075 0.01)
(0 0.008 0.01)
(0.0005 0.008 0.01)
(0.001 0.008 0.01)
(0.0015 0.008 0.01)
(0.002 0.008 0.01)
(0.0025 0.008 0.01)
(0.003 0.008 0.01)
(0.0035 0.008 0.01)
(0.004 0.008 0.01)
(0.0045 0.008 0.01)
(0.005 0.008 0.01)
(0.0055 0.008 0.01)
(0.006 0.008 0.01)
(0.0065 0.008 0.01)
(0.007 0.008 0.01)
(0.0075 0.008 0.01)
(0.008 0.008 0.01)
(0.0085 0.008 0.01)
(0.009 0.008 0.01)
(0.0095 0.008 0.01)
(0.01 0.008 0.01)
(0.0105 0.008 0.01)
(0.011 0.008 0.01)
(0.0115 0.008 0.01)
(0.012 0.008 0.01)
(0.0125 0.008 0.01)
(0.013 0.008 0.01)
(0.0135 0.008 0.01)
(0.014 0.008 0.01)
(0.0145 0.008 0.01)
(0.015 0.008 0.01)
(0.0155 0.008 0.01)
(0.016 0.008 0.01)
(0.0165 0.008 0.01)
(0.017 0.008 0.01)
(0.0175 0.008 0.01)
(0.018 0.008 0.01)
(0.0185 0.008 0.01)
(0.019 0.008 0.01)
(0.0195 0.008 0.01)
(0.02 0.008 0.01)
(0.0205 0.008 0.01)
(0.021 0.008 0.01)
(0.0215 0.008 0.01)
(0.022 0.008 0.01)
(0.0225 0.008 0.01)
(0.023 0.008 0.01)
(0.0235 0.008 0.01)
(0.024 0.008 0.01)
(0.0245 0.008 0.01)
(0.025 0.008 0.01)
(0.0255 0.008 0.01)
(0.026 0.008 0.01)
(0.0265 0.008 0.01)
(0.027 0.008 0.01)
(0.0275 0.008 0.01)
(0.028 0.008 0.01)
(0.0285 0.008 0.01)
(0.029 0.008 0.01)
(0.0295 0.008 0.01)
(0.03 0.008 0.01)
(0.0305 0.008 0.01)
(0.031 0.008 0.01)
(0.0315 0.008 0.01)
(0.032 0.008 0.01)
(0.0325 0.008 0.01)
(0.033 0.008 0.01)
(0.0335 0.008 0.01)
(0.034 0.008 0.01)
(0.0345 0.008 0.01)
(0.035 0.008 0.01)
(0.0355 0.008 0.01)
(0.036 0.008 0.01)
(0.0365 0.008 0.01)
(0.037 0.008 0.01)
(0.0375 0.008 0.01)
(0.038 0.008 0.01)
(0.0385 0.008 0.01)
(0.039 0.008 0.01)
(0.0395 0.008 0.01)
(0.04 0.008 0.01)
(0.0405 0.008 0.01)
(0.041 0.008 0.01)
(0.0415 0.008 0.01)
(0.042 0.008 0.01)
(0.0425 0.008 0.01)
(0.043 0.008 0.01)
(0.0435 0.008 0.01)
(0.044 0.008 0.01)
(0.0445 0.008 0.01)
(0.045 0.008 0.01)
(0.0455 0.008 0.01)
(0.046 0.008 0.01)
(0.0465 0.008 0.01)
(0.047 0.008 0.01)
(0.0475 0.008 0.01)
(0.048 0.008 0.01)
(0.0485 0.008 0.01)
(0.049 0.008 0.01)
(0.0495 0.008 0.01)
(0.05 0.008 0.01)
(0 0.0085 0.01)
(0.0005 0.0085 0.01)
(0.001 0.0085 0.01)
(0.0015 0.0085 0.01)
(0.002 0.0085 0.01)
(0.0025 0.0085 0.01)
(0.003 0.0085 0.01)
(0.0035 0.0085 0.01)
(0.004 0.0085 0.01)
(0.0045 0.0085 0.01)
(0.005 0.0085 0.01)
(0.0055 0.0085 0.01)
(0.006 0.0085 0.01)
(0.0065 0.0085 0.01)
(0.007 0.0085 0.01)
(0.0075 0.0085 0.01)
(0.008 0.0085 0.01)
(0.0085 0.0085 0.01)
(0.009 0.0085 0.01)
(0.0095 0.0085 0.01)
(0.01 0.0085 0.01)
(0.0105 0.0085 0.01)
(0.011 0.0085 0.01)
(0.0115 0.0085 0.01)
(0.012 0.0085 0.01)
(0.0125 0.0085 0.01)
(0.013 0.0085 0.01)
(0.0135 0.0085 0.01)
(0.014 0.0085 0.01)
(0.0145 0.0085 0.01)
(0.015 0.0085 0.01)
(0.0155 0.0085 0.01)
(0.016 0.0085 0.01)
(0.0165 0.0085 0.01)
(0.017 0.0085 0.01)
(0.0175 0.0085 0.01)
(0.018 0.0085 0.01)
(0.0185 0.0085 0.01)
(0.019 0.0085 0.01)
(0.0195 0.0085 0.01)
(0.02 0.0085 0.01)
(0.0205 0.0085 0.01)
(0.021 0.0085 0.01)
(0.0215 0.0085 0.01)
(0.022 0.0085 0.01)
(0.0225 0.0085 0.01)
(0.023 0.0085 0.01)
(0.0235 0.0085 0.01)
(0.024 0.0085 0.01)
(0.0245 0.0085 0.01)
(0.025 0.0085 0.01)
(0.0255 0.0085 0.01)
(0.026 0.0085 0.01)
(0.0265 0.0085 0.01)
(0.027 0.0085 0.01)
(0.0275 0.0085 0.01)
(0.028 0.0085 0.01)
(0.0285 0.0085 0.01)
(0.029 0.0085 0.01)
(0.0295 0.0085 0.01)
(0.03 0.0085 0.01)
(0.0305 0.0085 0.01)
(0.031 0.0085 0.01)
(0.0315 0.0085 0.01)
(0.032 0.0085 0.01)
(0.0325 0.0085 0.01)
(0.033 0.0085 0.01)
(0.0335 0.0085 0.01)
(0.034 0.0085 0.01)
(0.0345 0.0085 0.01)
(0.035 0.0085 0.01)
(0.0355 0.0085 0.01)
(0.036 0.0085 0.01)
(0.0365 0.0085 0.01)
(0.037 0.0085 0.01)
(0.0375 0.0085 0.01)
(0.038 0.0085 0.01)
(0.0385 0.0085 0.01)
(0.039 0.0085 0.01)
(0.0395 0.0085 0.01)
(0.04 0.0085 0.01)
(0.0405 0.0085 0.01)
(0.041 0.0085 0.01)
(0.0415 0.0085 0.01)
(0.042 0.0085 0.01)
(0.0425 0.0085 0.01)
(0.043 0.0085 0.01)
(0.0435 0.0085 0.01)
(0.044 0.0085 0.01)
(0.0445 0.0085 0.01)
(0.045 0.0085 0.01)
(0.0455 0.0085 0.01)
(0.046 0.0085 0.01)
(0.0465 0.0085 0.01)
(0.047 0.0085 0.01)
(0.0475 0.0085 0.01)
(0.048 0.0085 0.01)
(0.0485 0.0085 0.01)
(0.049 0.0085 0.01)
(0.0495 0.0085 0.01)
(0.05 0.0085 0.01)
(0 0.009 0.01)
(0.0005 0.009 0.01)
(0.001 0.009 0.01)
(0.0015 0.009 0.01)
(0.002 0.009 0.01)
(0.0025 0.009 0.01)
(0.003 0.009 0.01)
(0.0035 0.009 0.01)
(0.004 0.009 0.01)
(0.0045 0.009 0.01)
(0.005 0.009 0.01)
(0.0055 0.009 0.01)
(0.006 0.009 0.01)
(0.0065 0.009 0.01)
(0.007 0.009 0.01)
(0.0075 0.009 0.01)
(0.008 0.009 0.01)
(0.0085 0.009 0.01)
(0.009 0.009 0.01)
(0.0095 0.009 0.01)
(0.01 0.009 0.01)
(0.0105 0.009 0.01)
(0.011 0.009 0.01)
(0.0115 0.009 0.01)
(0.012 0.009 0.01)
(0.0125 0.009 0.01)
(0.013 0.009 0.01)
(0.0135 0.009 0.01)
(0.014 0.009 0.01)
(0.0145 0.009 0.01)
(0.015 0.009 0.01)
(0.0155 0.009 0.01)
(0.016 0.009 0.01)
(0.0165 0.009 0.01)
(0.017 0.009 0.01)
(0.0175 0.009 0.01)
(0.018 0.009 0.01)
(0.0185 0.009 0.01)
(0.019 0.009 0.01)
(0.0195 0.009 0.01)
(0.02 0.009 0.01)
(0.0205 0.009 0.01)
(0.021 0.009 0.01)
(0.0215 0.009 0.01)
(0.022 0.009 0.01)
(0.0225 0.009 0.01)
(0.023 0.009 0.01)
(0.0235 0.009 0.01)
(0.024 0.009 0.01)
(0.0245 0.009 0.01)
(0.025 0.009 0.01)
(0.0255 0.009 0.01)
(0.026 0.009 0.01)
(0.0265 0.009 0.01)
(0.027 0.009 0.01)
(0.0275 0.009 0.01)
(0.028 0.009 0.01)
(0.0285 0.009 0.01)
(0.029 0.009 0.01)
(0.0295 0.009 0.01)
(0.03 0.009 0.01)
(0.0305 0.009 0.01)
(0.031 0.009 0.01)
(0.0315 0.009 0.01)
(0.032 0.009 0.01)
(0.0325 0.009 0.01)
(0.033 0.009 0.01)
(0.0335 0.009 0.01)
(0.034 0.009 0.01)
(0.0345 0.009 0.01)
(0.035 0.009 0.01)
(0.0355 0.009 0.01)
(0.036 0.009 0.01)
(0.0365 0.009 0.01)
(0.037 0.009 0.01)
(0.0375 0.009 0.01)
(0.038 0.009 0.01)
(0.0385 0.009 0.01)
(0.039 0.009 0.01)
(0.0395 0.009 0.01)
(0.04 0.009 0.01)
(0.0405 0.009 0.01)
(0.041 0.009 0.01)
(0.0415 0.009 0.01)
(0.042 0.009 0.01)
(0.0425 0.009 0.01)
(0.043 0.009 0.01)
(0.0435 0.009 0.01)
(0.044 0.009 0.01)
(0.0445 0.009 0.01)
(0.045 0.009 0.01)
(0.0455 0.009 0.01)
(0.046 0.009 0.01)
(0.0465 0.009 0.01)
(0.047 0.009 0.01)
(0.0475 0.009 0.01)
(0.048 0.009 0.01)
(0.0485 0.009 0.01)
(0.049 0.009 0.01)
(0.0495 0.009 0.01)
(0.05 0.009 0.01)
(0 0.0095 0.01)
(0.0005 0.0095 0.01)
(0.001 0.0095 0.01)
(0.0015 0.0095 0.01)
(0.002 0.0095 0.01)
(0.0025 0.0095 0.01)
(0.003 0.0095 0.01)
(0.0035 0.0095 0.01)
(0.004 0.0095 0.01)
(0.0045 0.0095 0.01)
(0.005 0.0095 0.01)
(0.0055 0.0095 0.01)
(0.006 0.0095 0.01)
(0.0065 0.0095 0.01)
(0.007 0.0095 0.01)
(0.0075 0.0095 0.01)
(0.008 0.0095 0.01)
(0.0085 0.0095 0.01)
(0.009 0.0095 0.01)
(0.0095 0.0095 0.01)
(0.01 0.0095 0.01)
(0.0105 0.0095 0.01)
(0.011 0.0095 0.01)
(0.0115 0.0095 0.01)
(0.012 0.0095 0.01)
(0.0125 0.0095 0.01)
(0.013 0.0095 0.01)
(0.0135 0.0095 0.01)
(0.014 0.0095 0.01)
(0.0145 0.0095 0.01)
(0.015 0.0095 0.01)
(0.0155 0.0095 0.01)
(0.016 0.0095 0.01)
(0.0165 0.0095 0.01)
(0.017 0.0095 0.01)
(0.0175 0.0095 0.01)
(0.018 0.0095 0.01)
(0.0185 0.0095 0.01)
(0.019 0.0095 0.01)
(0.0195 0.0095 0.01)
(0.02 0.0095 0.01)
(0.0205 0.0095 0.01)
(0.021 0.0095 0.01)
(0.0215 0.0095 0.01)
(0.022 0.0095 0.01)
(0.0225 0.0095 0.01)
(0.023 0.0095 0.01)
(0.0235 0.0095 0.01)
(0.024 0.0095 0.01)
(0.0245 0.0095 0.01)
(0.025 0.0095 0.01)
(0.0255 0.0095 0.01)
(0.026 0.0095 0.01)
(0.0265 0.0095 0.01)
(0.027 0.0095 0.01)
(0.0275 0.0095 0.01)
(0.028 0.0095 0.01)
(0.0285 0.0095 0.01)
(0.029 0.0095 0.01)
(0.0295 0.0095 0.01)
(0.03 0.0095 0.01)
(0.0305 0.0095 0.01)
(0.031 0.0095 0.01)
(0.0315 0.0095 0.01)
(0.032 0.0095 0.01)
(0.0325 0.0095 0.01)
(0.033 0.0095 0.01)
(0.0335 0.0095 0.01)
(0.034 0.0095 0.01)
(0.0345 0.0095 0.01)
(0.035 0.0095 0.01)
(0.0355 0.0095 0.01)
(0.036 0.0095 0.01)
(0.0365 0.0095 0.01)
(0.037 0.0095 0.01)
(0.0375 0.0095 0.01)
(0.038 0.0095 0.01)
(0.0385 0.0095 0.01)
(0.039 0.0095 0.01)
(0.0395 0.0095 0.01)
(0.04 0.0095 0.01)
(0.0405 0.0095 0.01)
(0.041 0.0095 0.01)
(0.0415 0.0095 0.01)
(0.042 0.0095 0.01)
(0.0425 0.0095 0.01)
(0.043 0.0095 0.01)
(0.0435 0.0095 0.01)
(0.044 0.0095 0.01)
(0.0445 0.0095 0.01)
(0.045 0.0095 0.01)
(0.0455 0.0095 0.01)
(0.046 0.0095 0.01)
(0.0465 0.0095 0.01)
(0.047 0.0095 0.01)
(0.0475 0.0095 0.01)
(0.048 0.0095 0.01)
(0.0485 0.0095 0.01)
(0.049 0.0095 0.01)
(0.0495 0.0095 0.01)
(0.05 0.0095 0.01)
(0 0.01 0.01)
(0.0005 0.01 0.01)
(0.001 0.01 0.01)
(0.0015 0.01 0.01)
(0.002 0.01 0.01)
(0.0025 0.01 0.01)
(0.003 0.01 0.01)
(0.0035 0.01 0.01)
(0.004 0.01 0.01)
(0.0045 0.01 0.01)
(0.005 0.01 0.01)
(0.0055 0.01 0.01)
(0.006 0.01 0.01)
(0.0065 0.01 0.01)
(0.007 0.01 0.01)
(0.0075 0.01 0.01)
(0.008 0.01 0.01)
(0.0085 0.01 0.01)
(0.009 0.01 0.01)
(0.0095 0.01 0.01)
(0.01 0.01 0.01)
(0.0105 0.01 0.01)
(0.011 0.01 0.01)
(0.0115 0.01 0.01)
(0.012 0.01 0.01)
(0.0125 0.01 0.01)
(0.013 0.01 0.01)
(0.0135 0.01 0.01)
(0.014 0.01 0.01)
(0.0145 0.01 0.01)
(0.015 0.01 0.01)
(0.0155 0.01 0.01)
(0.016 0.01 0.01)
(0.0165 0.01 0.01)
(0.017 0.01 0.01)
(0.0175 0.01 0.01)
(0.018 0.01 0.01)
(0.0185 0.01 0.01)
(0.019 0.01 0.01)
(0.0195 0.01 0.01)
(0.02 0.01 0.01)
(0.0205 0.01 0.01)
(0.021 0.01 0.01)
(0.0215 0.01 0.01)
(0.022 0.01 0.01)
(0.0225 0.01 0.01)
(0.023 0.01 0.01)
(0.0235 0.01 0.01)
(0.024 0.01 0.01)
(0.0245 0.01 0.01)
(0.025 0.01 0.01)
(0.0255 0.01 0.01)
(0.026 0.01 0.01)
(0.0265 0.01 0.01)
(0.027 0.01 0.01)
(0.0275 0.01 0.01)
(0.028 0.01 0.01)
(0.0285 0.01 0.01)
(0.029 0.01 0.01)
(0.0295 0.01 0.01)
(0.03 0.01 0.01)
(0.0305 0.01 0.01)
(0.031 0.01 0.01)
(0.0315 0.01 0.01)
(0.032 0.01 0.01)
(0.0325 0.01 0.01)
(0.033 0.01 0.01)
(0.0335 0.01 0.01)
(0.034 0.01 0.01)
(0.0345 0.01 0.01)
(0.035 0.01 0.01)
(0.0355 0.01 0.01)
(0.036 0.01 0.01)
(0.0365 0.01 0.01)
(0.037 0.01 0.01)
(0.0375 0.01 0.01)
(0.038 0.01 0.01)
(0.0385 0.01 0.01)
(0.039 0.01 0.01)
(0.0395 0.01 0.01)
(0.04 0.01 0.01)
(0.0405 0.01 0.01)
(0.041 0.01 0.01)
(0.0415 0.01 0.01)
(0.042 0.01 0.01)
(0.0425 0.01 0.01)
(0.043 0.01 0.01)
(0.0435 0.01 0.01)
(0.044 0.01 0.01)
(0.0445 0.01 0.01)
(0.045 0.01 0.01)
(0.0455 0.01 0.01)
(0.046 0.01 0.01)
(0.0465 0.01 0.01)
(0.047 0.01 0.01)
(0.0475 0.01 0.01)
(0.048 0.01 0.01)
(0.0485 0.01 0.01)
(0.049 0.01 0.01)
(0.0495 0.01 0.01)
(0.05 0.01 0.01)
)


// ************************************************************************* //
